# tot efficency of Xenon1T vs S2
# Please cite: arXiv:1907.11485v2
#
#   S2      Efficency
	1		0
	2		0
	3		0
	4		0
	5		0
	6		0
	7		0
	8		0
	9		0
	10		0
	11		0
	12		0
	13		0
	14		0
	15		0
	16		0
	17		0
	18		0
	19		0
	20		0
	21		0
	22		0
	23		0
	24		0
	25		0
	26		0
	27		0
	28		0
	29		0
	30		0
	31		0
	32		0
	33		0
	34		0
	35		0
	36		0
	37		0
	38		0
	39		0
	40		0
	41		0
	42		0
	43		0
	44		0
	45		0
	46		0
	47		0
	48		0
	49		0
	50		0
	51		0
	52		0
	53		0
	54		0
	55		0
	56		0
	57		0
	58		0
	59		0
	60		0
	61		0
	62		0
	63		0
	64		0
	65		0
	66		0
	67		0
	68		0
	69		0
	70		0
	71		0
	72		0
	73		0
	74		0
	75		0
	76		0
	77		0
	78		0
	79		0
	80		0
	81		0
	82		0
	83		0
	84		0
	85		0
	86		0
	87		0
	88		0
	89		0
	90		5.889152599874321e-05
	91		6.106693370304823e-05
	92		6.244641636322694e-05
	93		6.240110606501262e-05
	94		6.351433568803405e-05
	95		6.458452218322555e-05
	96		0.00010304832368068404
	97		0.00013660875580955855
	98		0.00013785576706031258
	99		0.00015442406516828167
	100		0.00018186586146477012
	101		0.0001920877310278608
	102		0.00019818399014697097
	103		0.00036741552133486856
	104		0.0005640652481092538
	105		0.0005698443562249534
	106		0.0005953118009060178
	107		0.0007881772569309597
	108		0.0008900585786971734
	109		0.0008926696457383124
	110		0.0010019473917560607
	111		0.0012234296792045002
	112		0.001326091678042336
	113		0.0013232748323914684
	114		0.0015022687747946034
	115		0.0019066057087090472
	116		0.0020588186183697612
	117		0.0020603190743425856
	118		0.0022259920319333856
	119		0.0025688495448267256
	120		0.002839387120141062
	121		0.0028739874235547977
	122		0.0029077780841956506
	123		0.0036395803361340623
	124		0.0041331042465828464
	125		0.004116075583409986
	126		0.004251754878175876
	127		0.004721138515323883
	128		0.005163518645737734
	129		0.005351387988327615
	130		0.005350908170279339
	131		0.005444886611172007
	132		0.006027292539565116
	133		0.006605341948706109
	134		0.006729438800891209
	135		0.006720722200586786
	136		0.006859589709522453
	137		0.0075746590127009975
	138		0.008025207528730573
	139		0.00802131570324682
	140		0.0071446816988707355
	141		0.007363100515056191
	142		0.007879710220106721
	143		0.008055589003470155
	144		0.008043197631445878
	145		0.008030807713552315
	146		0.008330238161667565
	147		0.008817396082696853
	148		0.009177384464542242
	149		0.009181473656958285
	150		0.009185563323360844
	151		0.009328643598089147
	152		0.009834571984615868
	153		0.010269825140213257
	154		0.010222189546036455
	155		0.010208761200930934
	156		0.010360037514997745
	157		0.010683538102156227
	158		0.011007980894866671
	159		0.011092573787490052
	160		0.011116265799682388
	161		0.01114381744978056
	162		0.011283930922714
	163		0.01154441572998803
	164		0.011791728040462997
	165		0.011811368126711037
	166		0.01179903539396771
	167		0.011797312867079152
	168		0.011908743896124516
	169		0.012125951940345757
	170		0.012310536867102026
	171		0.01230641860548313
	172		0.012302894985424388
	173		0.01231481600416489
	174		0.012470326634667484
	175		0.012625988490224341
	176		0.012752084105150689
	177		0.012753700926619852
	178		0.012755317748089022
	179		0.012759223814512988
	180		0.01283540302598736
	181		0.01293466234657871
	182		0.013047726386846294
	183		0.013104121931291644
	184		0.013133702986695438
	185		0.013385816697782153
	186		0.013676612182751138
	187		0.013798430734621302
	188		0.013904084495483658
	189		0.014005854994069082
	190		0.014041480707013197
	191		0.014054880272683284
	192		0.014067265235604968
	193		0.014078001920135292
	194		0.014109326481778163
	195		0.014144120162457542
	196		0.014175866352217126
	197		0.014188105684305011
	198		0.014200349039568867
	199		0.014216696425102388
	200		0.017813896768297234
	201		0.017857916982959604
	202		0.017901990698761694
	203		0.017937425954147015
	204		0.01797161888925069
	205		0.01800584423164648
	206		0.018032619720596426
	207		0.018043662411374915
	208		0.018054705755388308
	209		0.01806574975263659
	210		0.018080336938198154
	211		0.018095250227026773
	212		0.018113742512057645
	213		0.018133003040115205
	214		0.018156239386467377
	215		0.018179810808792267
	216		0.018539793155473244
	217		0.019023946396033938
	218		0.01951169671665889
	219		0.019674736549903458
	220		0.019699820952548894
	221		0.01971079554884913
	222		0.01972257952020974
	223		0.0197336204430333
	224		0.01974419880489133
	225		0.019754777166749365
	226		0.019763989082461065
	227		0.0197721515971476
	228		0.019780340684364815
	229		0.01978951792934459
	230		0.019801631153276465
	231		0.019817225694789824
	232		0.019833237810650616
	233		0.019851349733940392
	234		0.01986840982754646
	235		0.019882688448912562
	236		0.01989628779852769
	237		0.0199070339386417
	238		0.01991783369171005
	239		0.019931906353008885
	240		0.019945979014307717
	241		0.019960051675606546
	242		0.019974124336905385
	243		0.01998285745174382
	244		0.01999304884497244
	245		0.020004759689255715
	246		0.02001647394898764
	247		0.020029955471002538
	248		0.0200483618379987
	249		0.020663004375194905
	250		0.021333334686464738
	251		0.021757223309203665
	252		0.021829101079618073
	253		0.021900652341485076
	254		0.021972270432469146
	255		0.022043955352570282
	256		0.022073662946989592
	257		0.022088745655035272
	258		0.022103828363080953
	259		0.022118911071126634
	260		0.022133993779172315
	261		0.0221463199211744
	262		0.02215619425175962
	263		0.022166068582344836
	264		0.022175942912930055
	265		0.02218581724351528
	266		0.022199892793317202
	267		0.022215133450975727
	268		0.02223037410863425
	269		0.022245614766292776
	270		0.022260855423951297
	271		0.02227389631021349
	272		0.0222868226724166
	273		0.022299749034619707
	274		0.02231267539682281
	275		0.022325554864293485
	276		0.022336913300387472
	277		0.022348271736481455
	278		0.02235963017257544
	279		0.022370988608669422
	280		0.022388984143602107
	281		0.022410236488970142
	282		0.022431498862189397
	283		0.022452771263259886
	284		0.0224740536921816
	285		0.022556893496551406
	286		0.02291577006639934
	287		0.02327551371114297
	288		0.02363571221719911
	289		0.02390061513853357
	290		0.023962646853710447
	291		0.024024046177329228
	292		0.024085238224157656
	293		0.024146487540437737
	294		0.02420779412616948
	295		0.02422689566321787
	296		0.02423708543957124
	297		0.024241087281737003
	298		0.024245089123902767
	299		0.02424909096606853
	300		0.024253092808234292
	301		0.024257500505216075
	302		0.02426994824242685
	303		0.024282395979637626
	304		0.0242948437168484
	305		0.024307291454059174
	306		0.024319739191269958
	307		0.02433133480271944
	308		0.02434227266949137
	309		0.0243532105362633
	310		0.024364148403035232
	311		0.02437508626980716
	312		0.024386024136579098
	313		0.024396770056875367
	314		0.02440751218501821
	315		0.024418254313161056
	316		0.024428996441303908
	317		0.024439738569446746
	318		0.024450240767019422
	319		0.02446016995174047
	320		0.024470099136461525
	321		0.024480028321182574
	322		0.024489957505903635
	323		0.024499886690624684
	324		0.024509725968165825
	325		0.024519477462920845
	326		0.02452922895767587
	327		0.024538980452430886
	328		0.024549926089176766
	329		0.02456462459510761
	330		0.024581783625097785
	331		0.024600509745708085
	332		0.024619241412637338
	333		0.02463797862588553
	334		0.02466152382364302
	335		0.025042737940392683
	336		0.02542346811637595
	337		0.025804002352452147
	338		0.026184904786438073
	339		0.02649350008603228
	340		0.026519374310125316
	341		0.026545261155335478
	342		0.02656887563833348
	343		0.026590203201227028
	344		0.026611539026899552
	345		0.02662720861996233
	346		0.026633730140649826
	347		0.0266402502415492
	348		0.02664773561454762
	349		0.02665775709251978
	350		0.026667776578370085
	351		0.026677794072098523
	352		0.026689421854229255
	353		0.02670161700341494
	354		0.026713812152600623
	355		0.026719609454069558
	356		0.02672499831697381
	357		0.026730387179878065
	358		0.026735776042782322
	359		0.026741164905686583
	360		0.026746553768590833
	361		0.0267564866403249
	362		0.026771190777185268
	363		0.02678589491404563
	364		0.026800599050905996
	365		0.026815303187766364
	366		0.026830007324626735
	367		0.026844711461487095
	368		0.026852799914278993
	369		0.026860308106330787
	370		0.026867816298382596
	371		0.026875324490434397
	372		0.026882832682486205
	373		0.026890340874538014
	374		0.02689925507403612
	375		0.026912870181147377
	376		0.02692648528825863
	377		0.026940100395369888
	378		0.026956655216527486
	379		0.026977318998807998
	380		0.026997989896976344
	381		0.027017393688282463
	382		0.027035044964767586
	383		0.027052701773509654
	384		0.02707036411450868
	385		0.02712918519855694
	386		0.027488425049430203
	387		0.02784793777786066
	388		0.028205689189712054
	389		0.028561481352091862
	390		0.028917442759089033
	391		0.029050642054658567
	392		0.029089448900975298
	393		0.029128271142607503
	394		0.02916710877955516
	395		0.029207380939417407
	396		0.029249601644416583
	397		0.029291845030826023
	398		0.02931541483342648
	399		0.0293258615902364
	400		0.02933630834704632
	401		0.02934675510385624
	402		0.029357024498080617
	403		0.02936671419514848
	404		0.02937640389221635
	405		0.029386093589284228
	406		0.029395783286352086
	407		0.029405472983419962
	408		0.02941516268048783
	409		0.029424852377555703
	410		0.029435918096300775
	411		0.029447114162870696
	412		0.029458310229440607
	413		0.029469506296010514
	414		0.029480702362580425
	415		0.029491898429150332
	416		0.02950309449572025
	417		0.02951419849143698
	418		0.029525194206237608
	419		0.029536189921038222
	420		0.029547185635838847
	421		0.029558181350639468
	422		0.02956917706544009
	423		0.029580172780240704
	424		0.02959116849504133
	425		0.029601523298692083
	426		0.0296117821696604
	427		0.029622041040628714
	428		0.02963229991159702
	429		0.029648197791135047
	430		0.029669337833929155
	431		0.029690487400071592
	432		0.029711921435560867
	433		0.029735031517166974
	434		0.029758152551555634
	435		0.02978146435753261
	436		0.029813979678171676
	437		0.03014813618919864
	438		0.03061023725699941
	439		0.03107617517643757
	440		0.03154529098746606
	441		0.031897227241574004
	442		0.031951686638756256
	443		0.03200621436770011
	444		0.03218827503204021
	445		0.0325452989929445
	446		0.032903231893592254
	447		0.03326207493430348
	448		0.03362117616624772
	449		0.03371533261556677
	450		0.03378088576121169
	451		0.033822290160624435
	452		0.03386370550197499
	453		0.033905131781121776
	454		0.03394656899392362
	455		0.03398801713623975
	456		0.034029460258375506
	457		0.034051144402466225
	458		0.03405489266513702
	459		0.03404938933771351
	460		0.03404388183375353
	461		0.03403837015545412
	462		0.03403285430501223
	463		0.034027334284624865
	464		0.03402181009648901
	465		0.03401749494351042
	466		0.03401348792387032
	467		0.034007391573396946
	468		0.0340008594384294
	469		0.03399432153103934
	470		0.03398777785482303
	471		0.03398122841337675
	472		0.03397467321029682
	473		0.03396768348911895
	474		0.03395984244830695
	475		0.033958943402063665
	476		0.03397209493244107
	477		0.03398524901356946
	478		0.03399840564566875
	479		0.03401156482895894
	480		0.034024726563659964
	481		0.034037890849991766
	482		0.03405172271312044
	483		0.03406581155242847
	484		0.03413293718477155
	485		0.034484194342325594
	486		0.034837346007233455
	487		0.0351923936284094
	488		0.03554933865476766
	489		0.03590818253522247
	490		0.0362689267186881
	491		0.03651827372968223
	492		0.036552011086654825
	493		0.03658576919997725
	494		0.0366195480760279
	495		0.036653347721185156
	496		0.03668716814182737
	497		0.03672100934433288
	498		0.0367548713350801
	499		0.036788679150774585
	500		0.03681394458489282
	501		0.03683084323765802
	502		0.036847745755618305
	503		0.036864652138773706
	504		0.0368815623871242
	505		0.036898476500669804
	506		0.03691539447941052
	507		0.036932316323346356
	508		0.03694924203247728
	509		0.036964998056485586
	510		0.03716168689226919
	511		0.03741964302143185
	512		0.037677703157766376
	513		0.037935867301272776
	514		0.03819413545195106
	515		0.038452507609801206
	516		0.03871098377482324
	517		0.03879041202407836
	518		0.03883807146540427
	519		0.03888717825143262
	520		0.03893630851757603
	521		0.03898546226383458
	522		0.03903463949020821
	523		0.03908384019669695
	524		0.03913306438330078
	525		0.039182312050019714
	526		0.03922554421065038
	527		0.03923815845830424
	528		0.03925357492182162
	529		0.03927085050102293
	530		0.03928812921701372
	531		0.03930541107003725
	532		0.03932269606033681
	533		0.03933998418815567
	534		0.03935727545373711
	535		0.0393745698573244
	536		0.039391867399160806
	537		0.03940758509546714
	538		0.03959545766458821
	539		0.040060209881007086
	540		0.040527793739261256
	541		0.04099821129865624
	542		0.04147146461849757
	543		0.04194755575809078
	544		0.04242648677674139
	545		0.04250633296753026
	546		0.042533942840372124
	547		0.04255832113887301
	548		0.04258225919012829
	549		0.04260620621001964
	550		0.04263016220022564
	551		0.04265412716242489
	552		0.04267810109829597
	553		0.04270208400951745
	554		0.042726075897767925
	555		0.04275007676472595
	556		0.04275963988546938
	557		0.042770818837105144
	558		0.04278228237858395
	559		0.042793745920062735
	560		0.04280520946154154
	561		0.042816673003020334
	562		0.042828136544499136
	563		0.04283960008597793
	564		0.04285106362745673
	565		0.04286252716893553
	566		0.04287399071041433
	567		0.042884843966082754
	568		0.04289553931377078
	569		0.042906234661458785
	570		0.04291693000914681
	571		0.042927625356834816
	572		0.04293832070452284
	573		0.04294901605221085
	574		0.04295971139989887
	575		0.042970406747586884
	576		0.0429811020952749
	577		0.04299144198177419
	578		0.04300139296990996
	579		0.04301134395804573
	580		0.043021294946181496
	581		0.043031245934317265
	582		0.04304119692245303
	583		0.04305114791058879
	584		0.04306109889872456
	585		0.04307104988686033
	586		0.04308100087499609
	587		0.04309602247465635
	588		0.04311264755603322
	589		0.04312931530683083
	590		0.043145985841332515
	591		0.04316265915953828
	592		0.043179335261448105
	593		0.043196014147061985
	594		0.043212695816379945
	595		0.04322938026940198
	596		0.04324606750612808
	597		0.04326419103411737
	598		0.043416808132348494
	599		0.043639424677189
	600		0.04386213493763719
	601		0.04408493893313217
	602		0.04430783668311489
	603		0.04453082820702797
	604		0.04475391352431583
	605		0.044977092654424664
	606		0.04515757776137292
	607		0.04519446464354163
	608		0.04533833572334443
	609		0.04564603808692489
	610		0.045962142690706274
	611		0.046279596908299664
	612		0.046598403397083155
	613		0.04691856481648091
	614		0.04724008382796331
	615		0.04756296309504685
	616		0.04788720528329416
	617		0.0481590964746066
	618		0.04819735251446059
	619		0.04823562828211392
	620		0.04827146881991498
	621		0.048301471621378655
	622		0.04833148678921185
	623		0.04836151432594754
	624		0.04839155423411884
	625		0.04842160651625871
	626		0.048451671174900256
	627		0.048481748212576475
	628		0.04851183763182042
	629		0.048521682267605636
	630		0.04853028722918572
	631		0.04853888806575964
	632		0.04854621205222939
	633		0.04855353603869914
	634		0.048560860025168885
	635		0.04856818401163863
	636		0.048575507998108364
	637		0.048582831984578106
	638		0.048590155971047856
	639		0.048597479957517606
	640		0.04860480394398735
	641		0.04861212793045709
	642		0.04861945191692683
	643		0.04862838621752254
	644		0.0486388997360325
	645		0.04864941325454244
	646		0.04865992677305239
	647		0.04867044029156234
	648		0.04868095381007229
	649		0.04869146732858225
	650		0.048701980847092194
	651		0.04871249436560215
	652		0.0487230078841121
	653		0.04873352140262205
	654		0.048744034921132
	655		0.04875353092567158
	656		0.04876276918824244
	657		0.048772007450813275
	658		0.04878124571338414
	659		0.04879048397595498
	660		0.04879972223852583
	661		0.04880896050109668
	662		0.048818198763667525
	663		0.04882743702623838
	664		0.0488405999659976
	665		0.048853908281827264
	666		0.04886721830643704
	667		0.04888038495566422
	668		0.04889353299430038
	669		0.04890668271445415
	670		0.04891983411621995
	671		0.04893298719969228
	672		0.04894614196496554
	673		0.04895929841213416
	674		0.04897245654129263
	675		0.04898561635253536
	676		0.04905663206727792
	677		0.04944933344866959
	678		0.04984367658307492
	679		0.050241925620835466
	680		0.05064265671593325
	681		0.05104507981315903
	682		0.05144919608481785
	683		0.05185500670327807
	684		0.052262512840971526
	685		0.05267171567039343
	686		0.0527012421948479
	687		0.05272345805704159
	688		0.0527456794030703
	689		0.052927339158119396
	690		0.053141566313679195
	691		0.05335458567952443
	692		0.05356552718937573
	693		0.05377660335695017
	694		0.05398781422337497
	695		0.05419915982978271
	696		0.05441064021731126
	697		0.05462225542710401
	698		0.05480895518406032
	699		0.054846105315723065
	700		0.054883265195874324
	701		0.05492043482451408
	702		0.05495761420164233
	703		0.0549948033272591
	704		0.05502825786446609
	705		0.05506076579958752
	706		0.055093278802801945
	707		0.05512579687410944
	708		0.055158320013509954
	709		0.055190848221003515
	710		0.055223381496590125
	711		0.055244347022156734
	712		0.055249449203223645
	713		0.05525455138429055
	714		0.05525965356535746
	715		0.055264755746424366
	716		0.055269857927491284
	717		0.05528253086436332
	718		0.05529533868083531
	719		0.055308146497307274
	720		0.05532095431377925
	721		0.05533376213025124
	722		0.055346569946723205
	723		0.05535937776319519
	724		0.05537218557966717
	725		0.05538499339613915
	726		0.05539780121261112
	727		0.055410609029083104
	728		0.055423416845555074
	729		0.05543622466202705
	730		0.0554472809286252
	731		0.05545821845331822
	732		0.055469155978011234
	733		0.05548009350270426
	734		0.05549103102739727
	735		0.055501968552090296
	736		0.0555129060767833
	737		0.05552384360147631
	738		0.05553478112616932
	739		0.05554571865086234
	740		0.05555665617555536
	741		0.05556759370024837
	742		0.05557853122494139
	743		0.05558828978070909
	744		0.05559741996342143
	745		0.05560655014613379
	746		0.05561568032884614
	747		0.055624810511558494
	748		0.05563394069427085
	749		0.05564307087698318
	750		0.055652201059695545
	751		0.055665476935310876
	752		0.05567949507623822
	753		0.05569351503476812
	754		0.05570753681100614
	755		0.05572156040505783
	756		0.05573549901018981
	757		0.05574883486259499
	758		0.05576217241178117
	759		0.05577551165784586
	760		0.05578885260088664
	761		0.05580219524100106
	762		0.05581553957828664
	763		0.05582888561284095
	764		0.055894621287845815
	765		0.05621049149206125
	766		0.05652729775926283
	767		0.05684504047201959
	768		0.057163720012900564
	769		0.05748333676447473
	770		0.05780383603834036
	771		0.0581251708355267
	772		0.058447442293785276
	773		0.05877065078883878
	774		0.059094796696409865
	775		0.05941988039222118
	776		0.059444164884089275
	777		0.059461193912073024
	778		0.059478886594546664
	779		0.059498573166182615
	780		0.05951826425973171
	781		0.05953795987584778
	782		0.05955766001518475
	783		0.059577364678396534
	784		0.059596666701519224
	785		0.05961513792103671
	786		0.059633613212687925
	787		0.059652092577045686
	788		0.059670576014682765
	789		0.059689063526172
	790		0.059703831393459916
	791		0.05971408645367602
	792		0.05974044384624991
	793		0.05997695603628377
	794		0.06021352644902524
	795		0.0604501550844743
	796		0.06068684194263099
	797		0.06092358702349529
	798		0.06116038372169889
	799		0.06139710559670308
	800		0.06163388465245139
	801		0.06187072088894376
	802		0.062107614306180225
	803		0.0623445649041608
	804		0.0625326625409769
	805		0.0625586573738965
	806		0.06258465674506197
	807		0.06261066065447334
	808		0.06263666910213062
	809		0.06266268208803379
	810		0.06268869961218286
	811		0.06271472167457778
	812		0.06274074827521864
	813		0.06276587405090549
	814		0.06279012311717189
	815		0.06281437568525639
	816		0.06283863175515897
	817		0.06286289132687962
	818		0.06288715440041835
	819		0.0629020247323095
	820		0.06290299722747045
	821		0.06290396874831732
	822		0.06290493929485005
	823		0.06290590886706875
	824		0.06290687746497334
	825		0.06290784508856383
	826		0.06290881173784026
	827		0.0629097774128026
	828		0.06291595904544227
	829		0.06292436459226065
	830		0.06293276796397315
	831		0.06294116916057978
	832		0.06294956818208046
	833		0.06295796502847528
	834		0.06297111878760848
	835		0.06298941501986463
	836		0.06300771349910364
	837		0.06302601422544381
	838		0.06304431719900355
	839		0.06306262241990125
	840		0.06308092988825525
	841		0.06309923960418395
	842		0.06311755156780571
	843		0.06314003979042594
	844		0.06316500616013018
	845		0.06318997579521098
	846		0.06321494869584506
	847		0.0632399248622092
	848		0.06326490429448009
	849		0.06338880658693237
	850		0.06376045020393592
	851		0.06413328917239076
	852		0.06450732441952098
	853		0.06488255687255062
	854		0.06525898745870366
	855		0.06563661710520419
	856		0.06601544673927624
	857		0.0663954772881438
	858		0.06677226975455838
	859		0.06713887821596495
	860		0.06731858703034309
	861		0.0673314531094564
	862		0.06734432079403425
	863		0.06735719008417528
	864		0.06737006097997804
	865		0.06738293348154115
	866		0.06739580758896316
	867		0.06740868330234263
	868		0.0674215606217782
	869		0.06743443954736843
	870		0.0674473200792119
	871		0.06746020221740721
	872		0.06747308596205291
	873		0.06748597131324761
	874		0.0674987937567651
	875		0.06751158337327097
	876		0.06752437457504488
	877		0.06753716736218365
	878		0.067544763119119
	879		0.06755019387673013
	880		0.06755562463434127
	881		0.06756105539195241
	882		0.06756648614956356
	883		0.06757191690717469
	884		0.06757734766478583
	885		0.06758277842239696
	886		0.0675882091800081
	887		0.06759363993761923
	888		0.06759907069523038
	889		0.06760450145284153
	890		0.06760828829438532
	891		0.06761148827012406
	892		0.06761468824586281
	893		0.06761788822160154
	894		0.06762108819734028
	895		0.06762428817307901
	896		0.06762748814881776
	897		0.0676306881245565
	898		0.06763388810029525
	899		0.06763708807603398
	900		0.0676402880517727
	901		0.06764348802751145
	902		0.06764668800325017
	903		0.06764988797898892
	904		0.06765308795472769
	905		0.06765628793046641
	906		0.06766251689857446
	907		0.06767142246326012
	908		0.06768032802794575
	909		0.0676892335926314
	910		0.06769813915731707
	911		0.06770704472200273
	912		0.06771595028668838
	913		0.06772834819380227
	914		0.06774234384241914
	915		0.06775634082939319
	916		0.06777033915472436
	917		0.06778433881841271
	918		0.06779833982045819
	919		0.06781234216086084
	920		0.0678263458396206
	921		0.06784035085673755
	922		0.06785438489050592
	923		0.06786926312702223
	924		0.06788414283261839
	925		0.0678990240072944
	926		0.06791390665105028
	927		0.06792879076388599
	928		0.06794367634580155
	929		0.06795856339679697
	930		0.06797345191687221
	931		0.06806726248842422
	932		0.06820255704495107
	933		0.06833788773417704
	934		0.06847325455610213
	935		0.06860865751072631
	936		0.0687440965980496
	937		0.06887957181807197
	938		0.0690150831707935
	939		0.06914939397457387
	940		0.06927964657291036
	941		0.06932759309085336
	942		0.0693549205913592
	943		0.06938225112709882
	944		0.06939361120629374
	945		0.06940437638422695
	946		0.06941513352958703
	947		0.06942588264253668
	948		0.06943662372323921
	949		0.06944735677185837
	950		0.06945808178855847
	951		0.06946879877350431
	952		0.06947950772686126
	953		0.06949020864879511
	954		0.06950090153947232
	955		0.0695115863990597
	956		0.06952206283015218
	957		0.0695311274017369
	958		0.0695252415493742
	959		0.06951166442004125
	960		0.06949808782320484
	961		0.06948451175912565
	962		0.06973357832670846
	963		0.07007552169702128
	964		0.07041831619812987
	965		0.07076196193781382
	966		0.07110645902385274
	967		0.07145180756402612
	968		0.07179800766611358
	969		0.07214505943789465
	970		0.0724929629871489
	971		0.0728417184216559
	972		0.07319132584919522
	973		0.07354178537754638
	974		0.07390573540606549
	975		0.0740377929889744
	976		0.07406663857438368
	977		0.07409548893643972
	978		0.07412434407548205
	979		0.0741532039918503
	980		0.07418206868588416
	981		0.07421093815792319
	982		0.07423981240830704
	983		0.07426869143737534
	984		0.07429757524546772
	985		0.07432646383292378
	986		0.07435535720008316
	987		0.07438425534728547
	988		0.07441315827487033
	989		0.07444206598317739
	990		0.07447097847254627
	991		0.07449989574331657
	992		0.07451929688653741
	993		0.0745350844046332
	994		0.07454654859027204
	995		0.0745580127759109
	996		0.07456947696154974
	997		0.07458094114718859
	998		0.07459240533282742
	999		0.07460386951846629
	1000		0.07461533370410511
	1001		0.07462679788974397
	1002		0.07463826207538281
	1003		0.07464972626102166
	1004		0.0746611904466605
	1005		0.07467265463229934
	1006		0.0746841188179382
	1007		0.07469558300357704
	1008		0.07470704718921588
	1009		0.07471851137485472
	1010		0.07472273771073819
	1011		0.07472631945251915
	1012		0.07472990119430012
	1013		0.07473348293608108
	1014		0.07473706467786205
	1015		0.07474064641964301
	1016		0.07474422816142397
	1017		0.07474780990320494
	1018		0.0747513916449859
	1019		0.07475497338676687
	1020		0.07475855512854783
	1021		0.07476213687032879
	1022		0.07476571861210976
	1023		0.07476930035389072
	1024		0.07477288209567168
	1025		0.07477646383745265
	1026		0.07478004557923361
	1027		0.07478362732101457
	1028		0.07478823828769904
	1029		0.07479376628253721
	1030		0.07479929427737537
	1031		0.07480482227221352
	1032		0.07481035026705166
	1033		0.07481587826188985
	1034		0.074821406256728
	1035		0.07482693425156615
	1036		0.07483246224640432
	1037		0.07483799024124246
	1038		0.07484351823608063
	1039		0.07484904623091879
	1040		0.07485457422575695
	1041		0.07486010222059511
	1042		0.07486563021543326
	1043		0.0748711582102714
	1044		0.07487668620510957
	1045		0.07488221419994773
	1046		0.0748877421947859
	1047		0.07489358801380154
	1048		0.07490119801576983
	1049		0.07491761878511007
	1050		0.0749340420485738
	1051		0.07495046780638948
	1052		0.07496689605878544
	1053		0.07498332680599007
	1054		0.07499976004823176
	1055		0.07501619578573891
	1056		0.07503263401873994
	1057		0.07504907474746328
	1058		0.07506551797213734
	1059		0.07508196369299054
	1060		0.0750984119102514
	1061		0.07511486262414836
	1062		0.07513131583490983
	1063		0.07514777154276436
	1064		0.0751642297479404
	1065		0.07518069045066646
	1066		0.07519851504683275
	1067		0.07523373757845113
	1068		0.07553878319883392
	1069		0.07583583569250654
	1070		0.07613264320455619
	1071		0.07643004738089
	1072		0.07672804831605164
	1073		0.07702664610455513
	1074		0.07732584084088463
	1075		0.07762563261949472
	1076		0.07792602153481006
	1077		0.07822700768122579
	1078		0.07852859115310712
	1079		0.07883077204478964
	1080		0.07915425034046478
	1081		0.0796156534510847
	1082		0.07979287230924603
	1083		0.07996854308135909
	1084		0.08014429902676193
	1085		0.08032059469466443
	1086		0.08049790328711773
	1087		0.0805549249025366
	1088		0.08058951183485866
	1089		0.08062410963265626
	1090		0.08065871829815045
	1091		0.08069333783356264
	1092		0.08072796824111424
	1093		0.08076260952302708
	1094		0.08079726168152312
	1095		0.08083192471882451
	1096		0.08086659863715379
	1097		0.08090128343873351
	1098		0.08093597912578651
	1099		0.08097068570053596
	1100		0.08100540316520513
	1101		0.08104013152201756
	1102		0.08107487077319697
	1103		0.08110792861982044
	1104		0.08112970479096991
	1105		0.08114967496241784
	1106		0.08116825931626331
	1107		0.08117715804457862
	1108		0.08118370635048794
	1109		0.08119025465639726
	1110		0.08119680296230657
	1111		0.08120335126821587
	1112		0.08120989957412518
	1113		0.08121644788003449
	1114		0.0812229961859438
	1115		0.0812295444918531
	1116		0.08123609279776241
	1117		0.08124264110367173
	1118		0.08124918940958104
	1119		0.08125573771549034
	1120		0.08126228602139965
	1121		0.08126883432730896
	1122		0.08127538263321828
	1123		0.08128193093912757
	1124		0.08128847924503689
	1125		0.08129475811951892
	1126		0.081300694458061
	1127		0.08130663079660311
	1128		0.08131256713514518
	1129		0.08131850347368726
	1130		0.08132443981222935
	1131		0.08133037615077142
	1132		0.0813363124893135
	1133		0.0813422488278556
	1134		0.08134818516639768
	1135		0.08135412150493976
	1136		0.08136005784348184
	1137		0.08136599418202393
	1138		0.08137193052056602
	1139		0.08137786685910808
	1140		0.08138380319765018
	1141		0.08138973953619227
	1142		0.08139567587473434
	1143		0.08140161221327642
	1144		0.08140754855181852
	1145		0.0814134848903606
	1146		0.08142162322349937
	1147		0.08142988305216982
	1148		0.08143814288084027
	1149		0.08144640270951073
	1150		0.08145466253818116
	1151		0.08146292236685161
	1152		0.08147118219552207
	1153		0.08147944202419252
	1154		0.08148770185286297
	1155		0.08149596168153342
	1156		0.08150422151020388
	1157		0.08151248133887432
	1158		0.08152074116754476
	1159		0.08152900099621524
	1160		0.08153726082488566
	1161		0.08154552065355612
	1162		0.08155378048222657
	1163		0.08156204031089702
	1164		0.08157030013956747
	1165		0.08158145844340592
	1166		0.08159383094754342
	1167		0.08160650653799034
	1168		0.08161918309086781
	1169		0.08163186060620817
	1170		0.08164453908404364
	1171		0.0816572185244066
	1172		0.08166989892732926
	1173		0.081682580292844
	1174		0.08169526262098309
	1175		0.0817079459117788
	1176		0.08172063016526349
	1177		0.0817333153814694
	1178		0.08174600156042884
	1179		0.08175868870217413
	1180		0.08177137680673754
	1181		0.08178406587415138
	1182		0.08179675590444796
	1183		0.08180944689765955
	1184		0.08182213885381846
	1185		0.081834831772957
	1186		0.08197000756424433
	1187		0.08223552979212007
	1188		0.08249780974830069
	1189		0.08275980788745871
	1190		0.08302223461006629
	1191		0.08328508997831509
	1192		0.08354837405439683
	1193		0.08381208690050315
	1194		0.08407622857882574
	1195		0.08434079915155629
	1196		0.08460579868088648
	1197		0.08487122722900801
	1198		0.08513708485811254
	1199		0.08540337163039169
	1200		0.08567008760803724
	1201		0.0859372328532408
	1202		0.08620480742819411
	1203		0.08644544752000376
	1204		0.08645673664823803
	1205		0.08646802675097016
	1206		0.08647931782824192
	1207		0.08649060988009506
	1208		0.08650190290657134
	1209		0.0865137768773421
	1210		0.08652791106632339
	1211		0.08654448781278731
	1212		0.08656907532258973
	1213		0.0865936676700124
	1214		0.08661826485563945
	1215		0.08664286688005479
	1216		0.0866674737438426
	1217		0.08669208544758698
	1218		0.08671670199187215
	1219		0.08674132337728223
	1220		0.0867659496044015
	1221		0.08679058067381416
	1222		0.08681521658610454
	1223		0.08683985734185697
	1224		0.08686450294165582
	1225		0.0868891533860855
	1226		0.08690994072043261
	1227		0.08692773398772219
	1228		0.08694552901900503
	1229		0.08696332581428112
	1230		0.08698112437355057
	1231		0.08699847569936361
	1232		0.08701374866202746
	1233		0.08702902277956816
	1234		0.08704429805198571
	1235		0.08709958447359963
	1236		0.08724626861286118
	1237		0.08739296838646222
	1238		0.08753968379440277
	1239		0.08768641483668278
	1240		0.0878331615133023
	1241		0.0879799238242613
	1242		0.08812670176955978
	1243		0.08827349534919773
	1244		0.08842030456317518
	1245		0.08856712941149213
	1246		0.08871396989414854
	1247		0.08886082601114445
	1248		0.0889808037943615
	1249		0.08900777018619814
	1250		0.08903473900788511
	1251		0.08906171025942244
	1252		0.08908868394081007
	1253		0.08911566005204803
	1254		0.08914473603666126
	1255		0.08917452218146912
	1256		0.08920431214474814
	1257		0.08923410592649832
	1258		0.08926390352671959
	1259		0.08929370494541201
	1260		0.08932351018257562
	1261		0.0893533192382103
	1262		0.08938313211231616
	1263		0.08941294880489312
	1264		0.08944276931594124
	1265		0.08947259364546051
	1266		0.08950242179345089
	1267		0.08953225375991243
	1268		0.08956208954484508
	1269		0.0895919291482489
	1270		0.08962177257012384
	1271		0.08964105635870359
	1272		0.08964879831723856
	1273		0.08965654027577352
	1274		0.08966428223430847
	1275		0.08967202419284344
	1276		0.08967976615137842
	1277		0.08968781507322512
	1278		0.08969589379925201
	1279		0.08970397252527887
	1280		0.08971205125130571
	1281		0.08972012997733257
	1282		0.08972820870335944
	1283		0.08973628742938629
	1284		0.08974436615541315
	1285		0.08975244488144002
	1286		0.08976052360746688
	1287		0.08976860233349374
	1288		0.0897766810595206
	1289		0.08978475978554745
	1290		0.08979283851157431
	1291		0.08980091723760117
	1292		0.08980899596362803
	1293		0.08981707468965489
	1294		0.08982515341568174
	1295		0.08983323214170862
	1296		0.08984131086773546
	1297		0.08984938959376233
	1298		0.08985746831978919
	1299		0.08986554704581605
	1300		0.08987106915082753
	1301		0.089875269159384
	1302		0.08987946916794046
	1303		0.0898836691764969
	1304		0.08988786918505334
	1305		0.0898920691936098
	1306		0.08989626920216624
	1307		0.08990046921072269
	1308		0.08990466921927914
	1309		0.0899088692278356
	1310		0.08991306923639206
	1311		0.0899172692449485
	1312		0.08992146925350496
	1313		0.0899256692620614
	1314		0.08992986927061786
	1315		0.08993406927917431
	1316		0.08993826928773074
	1317		0.0899424692962872
	1318		0.08994950738628313
	1319		0.08995757725320526
	1320		0.08996564756473792
	1321		0.08997371832089278
	1322		0.08998178952168151
	1323		0.08998986116711578
	1324		0.08999965819570452
	1325		0.09000948978486932
	1326		0.09001932197003285
	1327		0.09002915475121165
	1328		0.09003898812842231
	1329		0.09004882210168129
	1330		0.09005865667100516
	1331		0.09006849183641046
	1332		0.09007832759791376
	1333		0.09008816395553154
	1334		0.09009800090928043
	1335		0.09010783845917687
	1336		0.09011767660523748
	1337		0.09012751534747873
	1338		0.09013735468591724
	1339		0.0901471946205695
	1340		0.09015703515145206
	1341		0.09016687627858143
	1342		0.09034888839303971
	1343		0.0905980866082798
	1344		0.09084764393817323
	1345		0.09109756044758809
	1346		0.0913478362013923
	1347		0.09159847126445392
	1348		0.09184937093363611
	1349		0.09210061558211746
	1350		0.09235221915291107
	1351		0.09260418170972402
	1352		0.09285650331626348
	1353		0.09310918403623648
	1354		0.09336222393335014
	1355		0.09361562307131156
	1356		0.09386938151382787
	1357		0.09412349932460613
	1358		0.09437797656735343
	1359		0.09463281330577691
	1360		0.09488800960358366
	1361		0.09512939899857506
	1362		0.09514203800117792
	1363		0.09515467806269012
	1364		0.09516731918315445
	1365		0.0951799613626137
	1366		0.09519260460111065
	1367		0.09520524889868805
	1368		0.0952178942553887
	1369		0.09523054067125537
	1370		0.09524318814633086
	1371		0.0952558366806579
	1372		0.09526829930635894
	1373		0.09528037266904539
	1374		0.09529244701266132
	1375		0.09530452233724558
	1376		0.09531659864283691
	1377		0.09532867592947418
	1378		0.09534075419719608
	1379		0.09535283344604138
	1380		0.0953649136760489
	1381		0.09537699488725748
	1382		0.09538907707970577
	1383		0.09540116025343262
	1384		0.0954132444084768
	1385		0.09542532954487713
	1386		0.09543741566267233
	1387		0.09544591600400994
	1388		0.09545152095456434
	1389		0.09545712590511875
	1390		0.09546273085567318
	1391		0.09546833580622761
	1392		0.09547394075678202
	1393		0.09547954570733641
	1394		0.09548515065789084
	1395		0.09549075560844526
	1396		0.09549636055899968
	1397		0.09550193258772319
	1398		0.09550743722863045
	1399		0.09551294186953774
	1400		0.09551844651044501
	1401		0.09552395115135232
	1402		0.09552945579225958
	1403		0.09553496043316684
	1404		0.09554046507407414
	1405		0.0955459697149814
	1406		0.09555147435588869
	1407		0.09555697899679597
	1408		0.09556248363770325
	1409		0.09556798827861053
	1410		0.0955734929195178
	1411		0.09557899756042507
	1412		0.09558450220133236
	1413		0.09559000684223964
	1414		0.09559551148314693
	1415		0.0956010161240542
	1416		0.09560653308716502
	1417		0.09561259772904139
	1418		0.09561866243539921
	1419		0.09562472720623845
	1420		0.09563079204155914
	1421		0.09563685694136126
	1422		0.09564292190564481
	1423		0.09564969091235558
	1424		0.09565655871379723
	1425		0.09566342658912277
	1426		0.09567029453833217
	1427		0.09567716256142547
	1428		0.09568403065840263
	1429		0.09569089882926368
	1430		0.09569776707400861
	1431		0.09570463539263745
	1432		0.09571150378515011
	1433		0.09571837225154667
	1434		0.09572524079182713
	1435		0.09573210940599149
	1436		0.09573897809403968
	1437		0.09574584685597176
	1438		0.09575271569178775
	1439		0.09575958460148759
	1440		0.09576645358507133
	1441		0.09577332264253893
	1442		0.09578019177389045
	1443		0.09578706097912582
	1444		0.09580331615386235
	1445		0.0958244493150537
	1446		0.0958455844285603
	1447		0.0958667214943822
	1448		0.09588786051251932
	1449		0.09590931917867096
	1450		0.09593079220981739
	1451		0.09595226729532161
	1452		0.09597374443518358
	1453		0.09599522362940335
	1454		0.09601670487798082
	1455		0.09603818818091611
	1456		0.09605967353820914
	1457		0.09608116094985994
	1458		0.09610265041586852
	1459		0.09612414193623485
	1460		0.09614563551095892
	1461		0.09616713114004077
	1462		0.0961886288234804
	1463		0.09621012856127778
	1464		0.09623286148959725
	1465		0.09625799113691294
	1466		0.09628250155875967
	1467		0.09630300728575535
	1468		0.09632351576634761
	1469		0.0963440270007321
	1470		0.09636454098910448
	1471		0.09638505773166048
	1472		0.09640557722859573
	1473		0.09642609948010596
	1474		0.09644662448638681
	1475		0.0964665798004658
	1476		0.09648611709322209
	1477		0.09650565685599298
	1478		0.0965251990889483
	1479		0.09654474379225782
	1480		0.09656429096609136
	1481		0.09658384061061884
	1482		0.09660339272601004
	1483		0.09662294731243483
	1484		0.09664250437006303
	1485		0.09666206389906452
	1486		0.09668162589960917
	1487		0.09670119037186682
	1488		0.09672075731600738
	1489		0.0967403267322007
	1490		0.09675989862061667
	1491		0.09692720599684947
	1492		0.09717167494319222
	1493		0.09741648937712143
	1494		0.09766164944002345
	1495		0.09790545990112087
	1496		0.09814092606428972
	1497		0.09837668839694742
	1498		0.09861274694655692
	1499		0.09884910176058112
	1500		0.09908575288648303
	1501		0.0993227003717256
	1502		0.09955767708193519
	1503		0.09979200602228432
	1504		0.10002661655421019
	1505		0.10026150869922493
	1506		0.10049668247884057
	1507		0.10073213791456909
	1508		0.10096787502792254
	1509		0.10120389384041303
	1510		0.10144019437355248
	1511		0.101676776648853
	1512		0.1019136406878266
	1513		0.10196564440176645
	1514		0.10197443232817474
	1515		0.10198322075881863
	1516		0.10199200969371262
	1517		0.10200079913287108
	1518		0.1020095890763085
	1519		0.10201837952403935
	1520		0.10202717047607804
	1521		0.10203596193243905
	1522		0.10204475389313677
	1523		0.10205354635818567
	1524		0.10206233932760024
	1525		0.10207113280139483
	1526		0.10207992677958397
	1527		0.1020887212621821
	1528		0.1020975162492036
	1529		0.10210738180860271
	1530		0.1021192435738147
	1531		0.10213110620848538
	1532		0.10214296971264555
	1533		0.10215483408632588
	1534		0.10216669932955716
	1535		0.10217856544237006
	1536		0.10219043242479538
	1537		0.10220230027686389
	1538		0.1022141689986062
	1539		0.10222603859005319
	1540		0.10223790905123555
	1541		0.1022469132785083
	1542		0.10225270024947437
	1543		0.10225848722044044
	1544		0.10226427419140646
	1545		0.10227006116237253
	1546		0.1022758481333386
	1547		0.10228163510430466
	1548		0.1022874220752707
	1549		0.10229320904623677
	1550		0.10229899601720283
	1551		0.10230478298816889
	1552		0.10231056995913494
	1553		0.10231635693010102
	1554		0.10232214390106709
	1555		0.10232793087203315
	1556		0.10233371784299919
	1557		0.10233945373447449
	1558		0.1023451371395319
	1559		0.10235082054458934
	1560		0.10235650394964675
	1561		0.10236218735470419
	1562		0.10236787075976163
	1563		0.10237355416481903
	1564		0.10237923756987646
	1565		0.1023849209749339
	1566		0.10239060437999131
	1567		0.10239628778504876
	1568		0.10240197119010619
	1569		0.10240765459516361
	1570		0.10241333800022105
	1571		0.10241902140527846
	1572		0.10242470481033589
	1573		0.10243038821539333
	1574		0.10243607162045074
	1575		0.10244175502550817
	1576		0.10244743843056558
	1577		0.10245312183562301
	1578		0.10245880524068045
	1579		0.10246448864573787
	1580		0.1024701720507953
	1581		0.10247585545585274
	1582		0.10248153886091017
	1583		0.1024872222659676
	1584		0.10249290567102502
	1585		0.10249818589420513
	1586		0.10250076183170496
	1587		0.10250333776920481
	1588		0.10250591370670467
	1589		0.10250848964420452
	1590		0.10251106558170436
	1591		0.10251364151920422
	1592		0.10251621745670407
	1593		0.10251879339420392
	1594		0.10252136933170378
	1595		0.10252394526920361
	1596		0.10252652120670347
	1597		0.10252909714420333
	1598		0.10253167308170318
	1599		0.10253424901920302
	1600		0.10253682495670288
	1601		0.10253940089420274
	1602		0.10254197683170259
	1603		0.10254455276920244
	1604		0.1025471287067023
	1605		0.10254970464420216
	1606		0.10255228058170199
	1607		0.10255485651920186
	1608		0.10255743245670168
	1609		0.10256000839420154
	1610		0.1025625843317014
	1611		0.10256516026920123
	1612		0.1025677362067011
	1613		0.10257031214420095
	1614		0.1025738136931731
	1615		0.10258013899767561
	1616		0.10258646430217812
	1617		0.10259278960668063
	1618		0.10259911491118313
	1619		0.10260544021568564
	1620		0.10261176552018816
	1621		0.10261809082469067
	1622		0.10262441612919318
	1623		0.10263074143369567
	1624		0.10263706673819818
	1625		0.10264339204270069
	1626		0.10264971734720321
	1627		0.10265604265170572
	1628		0.1026623679562082
	1629		0.10266869326071074
	1630		0.10267501856521324
	1631		0.10268134386971574
	1632		0.10268766917421825
	1633		0.10269399447872077
	1634		0.10270031978322326
	1635		0.10270664508772576
	1636		0.10271297039222828
	1637		0.1027253067862898
	1638		0.10273867577446391
	1639		0.10275204563001862
	1640		0.10276541635295379
	1641		0.10277878794326957
	1642		0.1027921604009659
	1643		0.10280553372604274
	1644		0.10281672159692459
	1645		0.10282749660631818
	1646		0.10283827212678777
	1647		0.10284904815833328
	1648		0.10285982470095471
	1649		0.1028706017546521
	1650		0.10288137931942543
	1651		0.10289215739527469
	1652		0.10290293598219989
	1653		0.10291371508020104
	1654		0.10292449468927814
	1655		0.10293527480943117
	1656		0.10294615303702752
	1657		0.10296027128221705
	1658		0.10297439079149112
	1659		0.10298851156491642
	1660		0.10300263360255967
	1661		0.10301675690448753
	1662		0.10303088147076664
	1663		0.10304500730146378
	1664		0.10305913439664563
	1665		0.10307326275637885
	1666		0.10308739238073013
	1667		0.1031345164330013
	1668		0.10319797868800942
	1669		0.10326144898006469
	1670		0.10332492730965909
	1671		0.10338841367728457
	1672		0.1034519080834331
	1673		0.10351541052859678
	1674		0.10357849343060287
	1675		0.10364153474402203
	1676		0.10370458354779456
	1677		0.10376763984236127
	1678		0.10383070362816296
	1679		0.10389377490564054
	1680		0.10395685367523486
	1681		0.10401993993738685
	1682		0.10408303369253727
	1683		0.10414613494112715
	1684		0.10420924368359737
	1685		0.10427235992038879
	1686		0.1043258955527061
	1687		0.10451744803517665
	1688		0.10474225756302664
	1689		0.10496733444775273
	1690		0.10519267877198975
	1691		0.10541829061837998
	1692		0.10564417006957307
	1693		0.105870317208226
	1694		0.10609673211700338
	1695		0.10632341487857706
	1696		0.10655036557562639
	1697		0.10677758429083799
	1698		0.10700507110690607
	1699		0.1072328261065321
	1700		0.10746084937242512
	1701		0.10768914098730141
	1702		0.10791770103388476
	1703		0.1081465295949064
	1704		0.10837628615613622
	1705		0.10860727723648643
	1706		0.10883854384524974
	1707		0.1090700860766048
	1708		0.10930190402474121
	1709		0.10953399778385944
	1710		0.10976636744817099
	1711		0.10997271648423357
	1712		0.10999345777798213
	1713		0.11001420169443342
	1714		0.11003494823378986
	1715		0.11005569739625401
	1716		0.11007644918202834
	1717		0.11009616850535926
	1718		0.11010693611635491
	1719		0.11011770439738318
	1720		0.11012847334846428
	1721		0.11013924296961843
	1722		0.11015001326086585
	1723		0.11016078422222667
	1724		0.11017155585372114
	1725		0.11018232815536949
	1726		0.11019310112719186
	1727		0.11020387476920845
	1728		0.11021464908143955
	1729		0.11022542406390527
	1730		0.11023619971662581
	1731		0.11024697603962143
	1732		0.11025775303291228
	1733		0.11026853069651865
	1734		0.11027930903046058
	1735		0.11028990252040952
	1736		0.11030017079061068
	1737		0.11031043967878622
	1738		0.11032070918495432
	1739		0.11033097930913315
	1740		0.11034125005134093
	1741		0.11035152141159578
	1742		0.110361793389916
	1743		0.11037172067946177
	1744		0.11037633769449585
	1745		0.11038095470952994
	1746		0.11038557172456402
	1747		0.1103901887395981
	1748		0.11039480575463219
	1749		0.11039942276966627
	1750		0.11040403978470036
	1751		0.11040865679973444
	1752		0.11041327381476851
	1753		0.11041789082980258
	1754		0.11042250784483668
	1755		0.11042712485987076
	1756		0.11043174187490483
	1757		0.11043635888993893
	1758		0.11044097590497304
	1759		0.11044559292000708
	1760		0.11045020993504118
	1761		0.11045482695007526
	1762		0.11045944396510933
	1763		0.1104640609801434
	1764		0.11046867799517748
	1765		0.1104732950102116
	1766		0.11047791202524566
	1767		0.11048246685837886
	1768		0.1104870012434408
	1769		0.11049153562850275
	1770		0.11049607001356469
	1771		0.11050060439862665
	1772		0.1105051387836886
	1773		0.11050967316875054
	1774		0.1105142075538125
	1775		0.11051874193887445
	1776		0.11052327632393641
	1777		0.11052781070899838
	1778		0.11053234509406033
	1779		0.11053687947912225
	1780		0.11054141386418422
	1781		0.11054594824924618
	1782		0.11055048263430814
	1783		0.11055501701937008
	1784		0.11055955140443204
	1785		0.11056408578949399
	1786		0.11056862017455596
	1787		0.11057315455961789
	1788		0.11057768894467984
	1789		0.11058222332974178
	1790		0.11058675771480375
	1791		0.11059129209986572
	1792		0.11059582648492766
	1793		0.11060036086998962
	1794		0.11060489525505154
	1795		0.11060942964011353
	1796		0.11061396402517547
	1797		0.11061849841023742
	1798		0.11062303279529936
	1799		0.11062752122800734
	1800		0.11063197446191242
	1801		0.11063642769581751
	1802		0.11064088092972259
	1803		0.11064533416362768
	1804		0.11064978739753278
	1805		0.11065424063143783
	1806		0.11065869386534297
	1807		0.11066314709924803
	1808		0.11066760033315313
	1809		0.11067205356705818
	1810		0.11067650680096329
	1811		0.11068096003486835
	1812		0.11068541326877346
	1813		0.11068986650267854
	1814		0.11069431973658364
	1815		0.11069877297048869
	1816		0.11070322620439381
	1817		0.11070767943829889
	1818		0.11071213267220396
	1819		0.11071658590610907
	1820		0.11072103914001413
	1821		0.11072549237391924
	1822		0.1107299456078243
	1823		0.1107343988417294
	1824		0.11073885207563448
	1825		0.11074330530953959
	1826		0.11074775854344465
	1827		0.11075221177734976
	1828		0.1107566650112548
	1829		0.11076111824515991
	1830		0.110765571479065
	1831		0.11077002471297011
	1832		0.11077346820278186
	1833		0.11077664883476233
	1834		0.11077982946674281
	1835		0.1107830100987233
	1836		0.11078619073070377
	1837		0.11078937136268427
	1838		0.11079255199466476
	1839		0.11079573262664526
	1840		0.11079891325862573
	1841		0.11080335894286353
	1842		0.11080781270614676
	1843		0.11081226654983126
	1844		0.11081672047391772
	1845		0.11082117447840674
	1846		0.11082562856329894
	1847		0.11083008272859499
	1848		0.11083453697429545
	1849		0.11083899130040101
	1850		0.11084344570691228
	1851		0.11084790019382985
	1852		0.1108523547611544
	1853		0.11085680940888658
	1854		0.11086126413702693
	1855		0.11086571894557623
	1856		0.11087017383453494
	1857		0.11087462880390377
	1858		0.11087908385368336
	1859		0.11088353898387433
	1860		0.11088799419447729
	1861		0.11089244948549291
	1862		0.1108969048569218
	1863		0.11090136030876462
	1864		0.11090581584102187
	1865		0.11091074213469553
	1866		0.11091631279384703
	1867		0.11092188355903163
	1868		0.1109274544302502
	1869		0.11093302540750359
	1870		0.11093859649079267
	1871		0.1109441676801182
	1872		0.11094973897548113
	1873		0.11095531037688229
	1874		0.11096088188432249
	1875		0.11096645349780258
	1876		0.1109628073827627
	1877		0.1109472091991687
	1878		0.11093161125857019
	1879		0.1109160135611743
	1880		0.11090231439951669
	1881		0.1108890847300746
	1882		0.1108758546383531
	1883		0.11086262412457498
	1884		0.1108493931889631
	1885		0.11083616183174025
	1886		0.11082293005312943
	1887		0.11080969785335343
	1888		0.11079646523263519
	1889		0.11078323219119762
	1890		0.11076999872926367
	1891		0.11075676484705635
	1892		0.11074353054479855
	1893		0.11073029582271336
	1894		0.11071706068102373
	1895		0.1107038251199527
	1896		0.11069058913972335
	1897		0.11067735274055877
	1898		0.11066411592268198
	1899		0.11065033552485248
	1900		0.1135633626066985
	1901		0.11687007368531402
	1902		0.11692666538251152
	1903		0.11693887545429058
	1904		0.11695108647878645
	1905		0.11696329845604854
	1906		0.11697551138612608
	1907		0.11698772526906857
	1908		0.11699994010492526
	1909		0.11701215589374551
	1910		0.11702437263557873
	1911		0.11703659033047419
	1912		0.11704880897848131
	1913		0.11706102857964945
	1914		0.11707930037611111
	1915		0.11710263479750825
	1916		0.11712597201801385
	1917		0.11714931203783045
	1918		0.11717265485716084
	1919		0.11719600047620758
	1920		0.11721934889517335
	1921		0.11724270011426094
	1922		0.11726605413367291
	1923		0.11728941095361199
	1924		0.1173127705742809
	1925		0.11733613299588237
	1926		0.11735949821861906
	1927		0.11738286624269367
	1928		0.11740623706830906
	1929		0.11742961069566786
	1930		0.1174529871249728
	1931		0.11747636635642668
	1932		0.11749974839023225
	1933		0.11752313322659227
	1934		0.11754714535492317
	1935		0.11757127475787942
	1936		0.11759540721723329
	1937		0.11761440889203043
	1938		0.11762429781697949
	1939		0.11763418560347129
	1940		0.11764407225143785
	1941		0.11765395776081113
	1942		0.11766384213152324
	1943		0.11767372536350618
	1944		0.11768360745669196
	1945		0.11769348841101265
	1946		0.11770336822640037
	1947		0.117707733459557
	1948		0.11771032873978253
	1949		0.11771292334529951
	1950		0.11771551727609013
	1951		0.11771811053213664
	1952		0.11772070311342121
	1953		0.11772329501992608
	1954		0.11772588625163345
	1955		0.11772847680852556
	1956		0.11773106669058468
	1957		0.117733655897793
	1958		0.11773624443013274
	1959		0.11773883228758625
	1960		0.11774141947013567
	1961		0.11774400597776333
	1962		0.11774659181045141
	1963		0.11774917696818234
	1964		0.11775176145093824
	1965		0.1177543452587015
	1966		0.11775692839145435
	1967		0.11775951084917911
	1968		0.11776209263185809
	1969		0.11776366330174413
	1970		0.11776460634042477
	1971		0.11776554874312004
	1972		0.11776692621283985
	1973		0.11777561805544862
	1974		0.11778431015106645
	1975		0.11779300249969336
	1976		0.11780169510132933
	1977		0.11781038795597437
	1978		0.11781908106362844
	1979		0.11782777442429163
	1980		0.11783646803796383
	1981		0.11784516190464508
	1982		0.11785385602433543
	1983		0.11786255039703487
	1984		0.1178703204344402
	1985		0.11787267068607332
	1986		0.11787502093770645
	1987		0.11787737118933955
	1988		0.1178797214409727
	1989		0.1178820716926058
	1990		0.11788442194423891
	1991		0.11788677219587204
	1992		0.11788912244750516
	1993		0.11789147269913826
	1994		0.11789382295077137
	1995		0.1178961732024045
	1996		0.11789852345403765
	1997		0.11790087370567078
	1998		0.11790322395730386
	1999		0.11790557420893702
	2000		0.11790792446057013
	2001		0.11791027471220324
	2002		0.11791262496383635
	2003		0.11791497521546948
	2004		0.1179173254671026
	2005		0.11792050431341576
	2006		0.11792396672534479
	2007		0.1179274291372738
	2008		0.11793089154920286
	2009		0.11793435396113185
	2010		0.11793781637306085
	2011		0.11794127878498988
	2012		0.11794474119691886
	2013		0.11794820360884789
	2014		0.1179516660207769
	2015		0.11795512843270593
	2016		0.11795859084463493
	2017		0.11796205325656395
	2018		0.11796551566849298
	2019		0.11796897808042198
	2020		0.11797244049235102
	2021		0.11797590290428002
	2022		0.117979365316209
	2023		0.11798282772813803
	2024		0.11798629014006705
	2025		0.11798975255199605
	2026		0.1179932149639251
	2027		0.11799667737585409
	2028		0.11800013978778312
	2029		0.11800360219971213
	2030		0.11800706461164114
	2031		0.11801052702357014
	2032		0.11801398943549915
	2033		0.11801745184742818
	2034		0.11802091425935722
	2035		0.11802437667128622
	2036		0.11802783908321522
	2037		0.11803130149514421
	2038		0.11803476390707326
	2039		0.11803822631900228
	2040		0.11804168873093128
	2041		0.11804530421037236
	2042		0.11804946041403877
	2043		0.11805361661770514
	2044		0.11805777282137149
	2045		0.1180625306271404
	2046		0.11806787705443053
	2047		0.11807322357151574
	2048		0.11807857017839667
	2049		0.118083916875074
	2050		0.11808926366154832
	2051		0.11809461053782024
	2052		0.11809995750389049
	2053		0.11810530455975962
	2054		0.11811065170542824
	2055		0.11811599894089708
	2056		0.1181213462661667
	2057		0.11812669368123781
	2058		0.11813204118611093
	2059		0.11813738878078678
	2060		0.11814273646526595
	2061		0.11814808423954914
	2062		0.11815343210363687
	2063		0.11815878005752994
	2064		0.1181641281012288
	2065		0.11816947623473417
	2066		0.11817482445804671
	2067		0.11818017277116698
	2068		0.11818552117409571
	2069		0.11819086966683347
	2070		0.11819621824938084
	2071		0.11820156692173857
	2072		0.11820691568390727
	2073		0.11821226453588747
	2074		0.11821761347767995
	2075		0.1182229625092852
	2076		0.11822831163070399
	2077		0.11823366084193687
	2078		0.11823897264694365
	2079		0.11824313390474606
	2080		0.11824729522841396
	2081		0.11825145661794789
	2082		0.11825561807334821
	2083		0.11825977959461545
	2084		0.11826394118175006
	2085		0.11849080033978154
	2086		0.11871890690191284
	2087		0.11894723844038597
	2088		0.11917579497129589
	2089		0.11940457651073762
	2090		0.11963358307480589
	2091		0.11986281467959572
	2092		0.12009227134120197
	2093		0.12032195307571963
	2094		0.12055185989924358
	2095		0.12078199182786868
	2096		0.12101234887768991
	2097		0.12124293106480213
	2098		0.12147373840530026
	2099		0.1217047709152793
	2100		0.12193602861083404
	2101		0.12216751150805945
	2102		0.12239921962305045
	2103		0.12263115297190191
	2104		0.12286331157070882
	2105		0.12309569543556599
	2106		0.12332830458256842
	2107		0.12356113902781096
	2108		0.12379419878738866
	2109		0.12402748387739625
	2110		0.12426099431392867
	2111		0.1244947301130809
	2112		0.12472869129094785
	2113		0.12480039793468264
	2114		0.1248084463671771
	2115		0.12481649514327481
	2116		0.12482453510616372
	2117		0.12483252851390257
	2118		0.12484052226085005
	2119		0.12484851634701327
	2120		0.12485651077239952
	2121		0.12486450553701592
	2122		0.12487250064086942
	2123		0.12488049608396752
	2124		0.12488849186631713
	2125		0.1248964879879255
	2126		0.12490448444879977
	2127		0.12491248124894717
	2128		0.1249204783883748
	2129		0.12492847586708973
	2130		0.1249364736850993
	2131		0.12494447184241053
	2132		0.12495247033903069
	2133		0.12496046917496684
	2134		0.1249684683502262
	2135		0.12497646786481596
	2136		0.12498446771874316
	2137		0.12499246791201506
	2138		0.1250004684446388
	2139		0.12500846931662155
	2140		0.12501647052797038
	2141		0.1250244720786926
	2142		0.12503247396879533
	2143		0.1250404761982856
	2144		0.1250484787671707
	2145		0.12505648167545777
	2146		0.12506448492315403
	2147		0.1250724885102664
	2148		0.12508049243680236
	2149		0.12508849670276886
	2150		0.12509650130817304
	2151		0.12510450625302227
	2152		0.12511185740655986
	2153		0.12511493759102837
	2154		0.12511801777549691
	2155		0.12512106460425595
	2156		0.1251240896611042
	2157		0.12512711471795246
	2158		0.1251301397748007
	2159		0.12513316483164894
	2160		0.12513618988849715
	2161		0.1251392149453454
	2162		0.12514224000219368
	2163		0.12514526505904192
	2164		0.12514829011589013
	2165		0.12515131517273836
	2166		0.12515434022958663
	2167		0.12515736528643487
	2168		0.12516039034328305
	2169		0.12516341540013132
	2170		0.12516644045697958
	2171		0.1251694655138278
	2172		0.12516934898291385
	2173		0.12516720312824672
	2174		0.12516505702365743
	2175		0.1251629106691459
	2176		0.12516076406471208
	2177		0.1251586172103561
	2178		0.1251564701060779
	2179		0.12515432275187746
	2180		0.12515217514775476
	2181		0.1251500272937099
	2182		0.12514787918974277
	2183		0.12514573083585342
	2184		0.12514358223204186
	2185		0.12514143337830808
	2186		0.12513928427465207
	2187		0.12513713492107384
	2188		0.12513498531757336
	2189		0.12513283546415074
	2190		0.1251306853608058
	2191		0.12512853500753865
	2192		0.12512638440434934
	2193		0.1251242335512377
	2194		0.12512155315106083
	2195		0.1251178636473381
	2196		0.12511417402089695
	2197		0.1251104842717374
	2198		0.12510679439985944
	2199		0.12510310440526307
	2200		0.12509941428794832
	2201		0.12509572404791516
	2202		0.12509203368516358
	2203		0.12508834319969359
	2204		0.12508465259150522
	2205		0.12508096186059844
	2206		0.12507727100697325
	2207		0.12507358003062963
	2208		0.12506988893156762
	2209		0.12506619770978727
	2210		0.12506250636528846
	2211		0.1250571502372623
	2212		0.12498408508198552
	2213		0.12491101815874132
	2214		0.12483794946752967
	2215		0.12476487900835057
	2216		0.12469180678120406
	2217		0.12461873278609006
	2218		0.12454565702300863
	2219		0.1244725794919598
	2220		0.12439950019294348
	2221		0.12432641912595975
	2222		0.12425333629100854
	2223		0.12418025168808991
	2224		0.12410716531720382
	2225		0.12403407717835031
	2226		0.12396098727152936
	2227		0.12388789559674095
	2228		0.12381480215398509
	2229		0.12374170694326184
	2230		0.1236686099645711
	2231		0.12359551121791292
	2232		0.12355628455968042
	2233		0.12355337995490885
	2234		0.1235512546522529
	2235		0.1235504814730584
	2236		0.12354970803948652
	2237		0.12354893435153735
	2238		0.12354816040921082
	2239		0.12354738621250703
	2240		0.12354661176142583
	2241		0.12354583705596736
	2242		0.12354506209613153
	2243		0.12354428688191843
	2244		0.12354351141332791
	2245		0.12354273569036016
	2246		0.12354195971301501
	2247		0.12354118348129255
	2248		0.1235404069951928
	2249		0.12353963025471566
	2250		0.12353885325986126
	2251		0.12353807601062948
	2252		0.12353729850702042
	2253		0.12353652074903403
	2254		0.12353574273667028
	2255		0.12353496446992919
	2256		0.12353418594881081
	2257		0.12353340717331511
	2258		0.12353262814344206
	2259		0.12353184885919168
	2260		0.12353106932056401
	2261		0.12353028952755897
	2262		0.12352950948017666
	2263		0.12352872917841695
	2264		0.12352794862227993
	2265		0.12352716781176563
	2266		0.12352638674687397
	2267		0.12352560542760502
	2268		0.1235248238539587
	2269		0.12352404202593506
	2270		0.12352325994353408
	2271		0.12352247760675579
	2272		0.12352297030685923
	2273		0.1235265619134998
	2274		0.12353015352014038
	2275		0.1235320688400209
	2276		0.12353312694447068
	2277		0.1235341850489205
	2278		0.1235352431533703
	2279		0.12353630125782011
	2280		0.1235373593622699
	2281		0.12353841746671973
	2282		0.12353947557116954
	2283		0.12354053367561935
	2284		0.12354159178006913
	2285		0.12354264988451896
	2286		0.12354370798896876
	2287		0.12354476609341856
	2288		0.12354582419786837
	2289		0.12354688230231821
	2290		0.12354794040676799
	2291		0.1235489985112178
	2292		0.12355005661566759
	2293		0.12355111472011743
	2294		0.12355217282456721
	2295		0.12355323092901702
	2296		0.12355428903346685
	2297		0.12355534713791663
	2298		0.12355640524236644
	2299		0.12355746334681625
	2300		0.12355852145126608
	2301		0.12355957955571588
	2302		0.12356063766016569
	2303		0.1235616957646155
	2304		0.1235627538690653
	2305		0.12356381197351508
	2306		0.12356487007796492
	2307		0.12356592818241473
	2308		0.12356698628686455
	2309		0.12356804439131433
	2310		0.12356910249576417
	2311		0.12357016060021395
	2312		0.12357121870466375
	2313		0.12357227680911356
	2314		0.12357566459849609
	2315		0.12357937241353079
	2316		0.12358361833305445
	2317		0.12358986130420799
	2318		0.1235961044578515
	2319		0.12360234779398734
	2320		0.12360859131261814
	2321		0.12361483501374623
	2322		0.12362107889737414
	2323		0.12362732296350437
	2324		0.12363356721213944
	2325		0.12363981164328175
	2326		0.12364605625693383
	2327		0.12365230105309806
	2328		0.12365854603177698
	2329		0.12366479119297316
	2330		0.12367103653668896
	2331		0.1236772820629269
	2332		0.12368352777168944
	2333		0.12368977366297912
	2334		0.12369601973679828
	2335		0.12370226599314957
	2336		0.12370851243203529
	2337		0.12371475905345812
	2338		0.1237210058574203
	2339		0.12372725284392457
	2340		0.12373350001297317
	2341		0.1237397473645687
	2342		0.12374599489871364
	2343		0.12375224261541043
	2344		0.12375849051466158
	2345		0.12376473859646953
	2346		0.12377098686083685
	2347		0.12377723530776588
	2348		0.12378348393725919
	2349		0.12378973274931916
	2350		0.12379598174394843
	2351		0.12380223092114934
	2352		0.12380848028092445
	2353		0.12381472982327622
	2354		0.12382097954820699
	2355		0.1238265401091178
	2356		0.1239480291625296
	2357		0.12411672856204019
	2358		0.1242855458372523
	2359		0.12445448099454062
	2360		0.12462353404027994
	2361		0.1247927049808449
	2362		0.12496199382261032
	2363		0.12513140057195085
	2364		0.12530092523524128
	2365		0.1254705678188562
	2366		0.12564032832917063
	2367		0.125810206772559
	2368		0.12598020315539618
	2369		0.12615031748405686
	2370		0.1263205497649158
	2371		0.12649090000434768
	2372		0.12666136820872728
	2373		0.1268319543844293
	2374		0.12700265853782844
	2375		0.1271734806752995
	2376		0.1273444208032171
	2377		0.1275154789279561
	2378		0.1276866550558911
	2379		0.12785794919339696
	2380		0.12802936134684825
	2381		0.12820089152261988
	2382		0.1283725397270864
	2383		0.12854430596662267
	2384		0.12871619024760333
	2385		0.1288881925764032
	2386		0.12906031295939688
	2387		0.12923255140295925
	2388		0.1294049079134649
	2389		0.12957738249728865
	2390		0.1297192078025951
	2391		0.1297260870617107
	2392		0.1297329665636743
	2393		0.12973984630849034
	2394		0.12974672629616293
	2395		0.12975360652669646
	2396		0.12976048700009526
	2397		0.1297673677163635
	2398		0.12977424867550555
	2399		0.12978112987752558
	2400		0.12978801132242793
	2401		0.12979487844470874
	2402		0.12980139100988056
	2403		0.12980790379284193
	2404		0.1298144167935964
	2405		0.1298209300121476
	2406		0.1298274434484992
	2407		0.1298339571026548
	2408		0.12984047097461815
	2409		0.1298469850643928
	2410		0.12985349937198234
	2411		0.12986001389739057
	2412		0.12986652864062095
	2413		0.1298730436016773
	2414		0.12987955878056312
	2415		0.1298860741772821
	2416		0.12989258979183793
	2417		0.1298991056242341
	2418		0.12990562167447445
	2419		0.12991213794256246
	2420		0.1299186544285018
	2421		0.12992517113229624
	2422		0.12993168805394928
	2423		0.12993820519346463
	2424		0.12994472255084588
	2425		0.1299512401260966
	2426		0.12995775791922068
	2427		0.12996427593022153
	2428		0.12997079415910295
	2429		0.1299773126058684
	2430		0.12998383127052168
	2431		0.1299903501530663
	2432		0.12999686925350598
	2433		0.1300033885718444
	2434		0.13000990810808516
	2435		0.13001466640238313
	2436		0.13001677015267518
	2437		0.13001887390296724
	2438		0.13002097765325923
	2439		0.1300230814035513
	2440		0.13002518515384334
	2441		0.13002728890413537
	2442		0.13002939265442737
	2443		0.13003149640471945
	2444		0.13003360015501148
	2445		0.13003530198108945
	2446		0.13003599064537005
	2447		0.13003667930965063
	2448		0.13003736797393117
	2449		0.13003805663821175
	2450		0.13003874530249235
	2451		0.1300394339667729
	2452		0.1300401226310535
	2453		0.13004081129533404
	2454		0.13004149995961461
	2455		0.1300421886238952
	2456		0.1300428772881758
	2457		0.13004356595245634
	2458		0.1300442546167369
	2459		0.13004494328101748
	2460		0.13004563194529808
	2461		0.13004632060957863
	2462		0.13004700927385923
	2463		0.13004769793813978
	2464		0.13004838660242035
	2465		0.13004907526670093
	2466		0.13004976393098153
	2467		0.13005045259526207
	2468		0.13005114125954265
	2469		0.13005182992382322
	2470		0.1300525185881038
	2471		0.13005320725238437
	2472		0.13005389591666497
	2473		0.1300545845809455
	2474		0.1300552732452261
	2475		0.13005596190950666
	2476		0.13005665057378724
	2477		0.1300573392380678
	2478		0.13005802790234838
	2479		0.13005871656662893
	2480		0.13005940523090953
	2481		0.13006009389519008
	2482		0.1300607825594707
	2483		0.13006147122375122
	2484		0.1300621598880318
	2485		0.1300628485523124
	2486		0.13006353721659294
	2487		0.13006422588087352
	2488		0.13006491454515412
	2489		0.13006560320943467
	2490		0.13006825523302254
	2491		0.13007163726550397
	2492		0.13007501929798543
	2493		0.1300784013304669
	2494		0.13008178336294834
	2495		0.13008516539542977
	2496		0.13008854742791126
	2497		0.13009192946039275
	2498		0.13009531149287418
	2499		0.13009869352535564
	2500		0.13010207555783707
	2501		0.13010545759031852
	2502		0.13010883962279998
	2503		0.13011222165528147
	2504		0.13011560368776293
	2505		0.13011898572024436
	2506		0.1301223677527258
	2507		0.13012574978520727
	2508		0.1301291318176887
	2509		0.1301325138501702
	2510		0.13013589588265165
	2511		0.13013927791513308
	2512		0.1301426599476145
	2513		0.130146041980096
	2514		0.13014942401257745
	2515		0.1301528060450589
	2516		0.1301561880775404
	2517		0.13015957011002183
	2518		0.13016295214250326
	2519		0.13016633417498472
	2520		0.1301697162074662
	2521		0.13017309823994763
	2522		0.1301764802724291
	2523		0.13017986230491055
	2524		0.130183244337392
	2525		0.13018662636987346
	2526		0.13019000840235492
	2527		0.13019339043483638
	2528		0.1301967724673178
	2529		0.1302001544997993
	2530		0.13020353653228076
	2531		0.1302069185647622
	2532		0.13021041240143272
	2533		0.13021431496702005
	2534		0.13021821755964674
	2535		0.1302220979971862
	2536		0.13022594011434166
	2537		0.1302297822580526
	2538		0.13023362442831896
	2539		0.13023746662514085
	2540		0.13024130884851817
	2541		0.130245151098451
	2542		0.13024899337493928
	2543		0.13025283567798307
	2544		0.13025667800758228
	2545		0.130260520363737
	2546		0.13026436274644723
	2547		0.13026820515571289
	2548		0.13027204759153405
	2549		0.1302758900539107
	2550		0.13027973254284275
	2551		0.13028357505833033
	2552		0.13028741760037343
	2553		0.13029126016897194
	2554		0.13029510276412595
	2555		0.13029894538583542
	2556		0.1303027880341004
	2557		0.13030663070892085
	2558		0.13031047341029675
	2559		0.13031431613822808
	2560		0.13031815889271497
	2561		0.13032200167375732
	2562		0.13032584448135515
	2563		0.13032968731550845
	2564		0.1303335301762172
	2565		0.13033737306348145
	2566		0.13034121597730114
	2567		0.13034505891767637
	2568		0.130348901884607
	2569		0.13035274487809317
	2570		0.1303565878981348
	2571		0.1303624240869223
	2572		0.13036872296242855
	2573		0.13037502203241008
	2574		0.13038132129687038
	2575		0.13038762075581312
	2576		0.1303939204092417
	2577		0.13040022025715972
	2578		0.1304070540799288
	2579		0.13042204724466674
	2580		0.13043704137434903
	2581		0.13045156286369974
	2582		0.13046388786992835
	2583		0.13047621336324747
	2584		0.13048853934366758
	2585		0.13050086581119907
	2586		0.13051319276585244
	2587		0.13052552020763825
	2588		0.1305378481365669
	2589		0.13055017655264883
	2590		0.13056250545589448
	2591		0.13057483484631432
	2592		0.1305871647239189
	2593		0.13059949508871865
	2594		0.13061182594072393
	2595		0.13062415727994536
	2596		0.13063648910639322
	2597		0.13064882142007817
	2598		0.13066115422101046
	2599		0.13067348750920077
	2600		0.13068582128465944
	2601		0.13069815554739703
	2602		0.13071049029742382
	2603		0.13072282553475043
	2604		0.13073516125938725
	2605		0.13074749747134481
	2606		0.1307598341706336
	2607		0.13077217135726393
	2608		0.13078450903124644
	2609		0.13079684719259146
	2610		0.13080918584130957
	2611		0.1308215249774111
	2612		0.1308338646009066
	2613		0.13084620471180658
	2614		0.1308585453101214
	2615		0.13087088639586156
	2616		0.1308832279690376
	2617		0.13089557002965982
	2618		0.13106407929874875
	2619		0.13123952887508586
	2620		0.1314151080290073
	2621		0.1315908167845162
	2622		0.13176665516561628
	2623		0.13194262319631161
	2624		0.13211872090060672
	2625		0.13229449668820706
	2626		0.13246407000998173
	2627		0.1326337559593722
	2628		0.13280364532412597
	2629		0.13297419808717836
	2630		0.133144865134844
	2631		0.13331564647641903
	2632		0.13348654212119973
	2633		0.1336575520784825
	2634		0.13382867635756432
	2635		0.13399991496774208
	2636		0.13417126791831296
	2637		0.1343427352185745
	2638		0.13451431687782447
	2639		0.13468601290536075
	2640		0.13485782331048157
	2641		0.13502974810248528
	2642		0.13520178729067062
	2643		0.13537394088433646
	2644		0.1355462088927819
	2645		0.1357185913253064
	2646		0.13589108819120949
	2647		0.13606369949979105
	2648		0.1362364252603511
	2649		0.1364092654821901
	2650		0.13658222017460847
	2651		0.13675528934690712
	2652		0.1369284730083869
	2653		0.13710177116834926
	2654		0.1372751838360956
	2655		0.13744871102092773
	2656		0.13752718878109998
	2657		0.13754083739052894
	2658		0.13755448695143643
	2659		0.13756813746386268
	2660		0.13758178892784825
	2661		0.13759544134343363
	2662		0.1376090947106591
	2663		0.13762274902956534
	2664		0.13763640430019253
	2665		0.1376500605225814
	2666		0.13766371769677224
	2667		0.13767737582280554
	2668		0.1376910349007218
	2669		0.1377046949305614
	2670		0.13771835591236478
	2671		0.1377320178461725
	2672		0.13774568073202495
	2673		0.1377587755119291
	2674		0.13776979600280578
	2675		0.13778081702278747
	2676		0.13779216492892557
	2677		0.13780449214377632
	2678		0.13781682007091234
	2679		0.137829148710353
	2680		0.13784147806211824
	2681		0.1378538081262275
	2682		0.13786613890270052
	2683		0.13787847039155676
	2684		0.13789080259281603
	2685		0.13790313550649796
	2686		0.13791546913262198
	2687		0.13792780347120803
	2688		0.1379401385222755
	2689		0.1379524742858441
	2690		0.1379648107619334
	2691		0.13797714795056323
	2692		0.13798948585175294
	2693		0.1380018244655224
	2694		0.13801416379189113
	2695		0.13802650383087883
	2696		0.13803884458250507
	2697		0.1380511860467894
	2698		0.1380635282237517
	2699		0.13807587111341135
	2700		0.1380882147157881
	2701		0.13810055903090157
	2702		0.13811290405877147
	2703		0.13812524979941732
	2704		0.13813759625285868
	2705		0.13814994341911538
	2706		0.13815424744512184
	2707		0.1381569112435089
	2708		0.138159575041896
	2709		0.13816223884028309
	2710		0.1381649026386702
	2711		0.13816756643705727
	2712		0.1381702302354444
	2713		0.13817289403383148
	2714		0.13817555783221858
	2715		0.13817822163060567
	2716		0.13818088542899276
	2717		0.13818354922737985
	2718		0.13818621302576695
	2719		0.13818887682415404
	2720		0.13819154062254113
	2721		0.13819420442092822
	2722		0.13819686821931534
	2723		0.13819953201770244
	2724		0.1382021958160895
	2725		0.13820355938883097
	2726		0.13820355938883097
	2727		0.13820355938883097
	2728		0.13820355938883097
	2729		0.13820355938883097
	2730		0.13820355938883097
	2731		0.13820355938883097
	2732		0.13820355938883097
	2733		0.13820355938883097
	2734		0.13820355938883097
	2735		0.13820355938883097
	2736		0.13820355938883097
	2737		0.13820355938883097
	2738		0.13820355938883097
	2739		0.13820355938883097
	2740		0.13820355938883097
	2741		0.13820355938883097
	2742		0.13820355938883097
	2743		0.13820355938883097
	2744		0.13820355938883097
	2745		0.13820355938883097
	2746		0.13820355938883097
	2747		0.13820355938883097
	2748		0.13820355938883097
	2749		0.13820355938883097
	2750		0.13820355938883097
	2751		0.13820355938883097
	2752		0.13820355938883097
	2753		0.13820355938883097
	2754		0.13820355938883097
	2755		0.13820355938883097
	2756		0.13820355938883097
	2757		0.13820355938883097
	2758		0.13820355938883097
	2759		0.13820355938883097
	2760		0.13820355938883097
	2761		0.13820355938883097
	2762		0.13820355938883097
	2763		0.13820355938883097
	2764		0.13820355938883097
	2765		0.13820355938883097
	2766		0.13820355938883097
	2767		0.13820355938883097
	2768		0.13820355938883097
	2769		0.13820355938883097
	2770		0.13820355938883097
	2771		0.13820355938883097
	2772		0.13820355938883097
	2773		0.13820355938883097
	2774		0.13820355938883097
	2775		0.13820569830386487
	2776		0.13820826760016836
	2777		0.1382108368964718
	2778		0.13821340619277528
	2779		0.13821597548907874
	2780		0.1382185447853822
	2781		0.13822111408168566
	2782		0.13822368337798913
	2783		0.1382262526742926
	2784		0.13822882197059608
	2785		0.13823139126689954
	2786		0.138233960563203
	2787		0.13823652985950646
	2788		0.13823909915580992
	2789		0.1382416684521134
	2790		0.13824423774841688
	2791		0.1382468070447203
	2792		0.1382493763410238
	2793		0.13825194563732726
	2794		0.1382545149336307
	2795		0.13825708422993419
	2796		0.13825965352623765
	2797		0.1382622228225411
	2798		0.13826479211884457
	2799		0.13826736141514803
	2800		0.1382699307114515
	2801		0.13827250000775496
	2802		0.13827506930405842
	2803		0.13827763860036188
	2804		0.13828020789666537
	2805		0.1382827771929688
	2806		0.1382853464892723
	2807		0.13828791578557573
	2808		0.1382904850818792
	2809		0.13829305437818268
	2810		0.13829562367448614
	2811		0.1382981929707896
	2812		0.13830076226709306
	2813		0.13830333156339653
	2814		0.1383059008597
	2815		0.13830847015600345
	2816		0.1383110394523069
	2817		0.13831360874861037
	2818		0.13831617804491386
	2819		0.1383187473412173
	2820		0.13832131663752079
	2821		0.13832388593382422
	2822		0.1383264552301277
	2823		0.13832902452643117
	2824		0.13833159382273466
	2825		0.13833397563329092
	2826		0.1383358680695998
	2827		0.1383377605059087
	2828		0.13833965294221762
	2829		0.13834154537852653
	2830		0.13834343781483543
	2831		0.13834533025114432
	2832		0.13834722268745323
	2833		0.13834911512376213
	2834		0.13835100756007104
	2835		0.13835289999637998
	2836		0.13835479243268886
	2837		0.1383566848689978
	2838		0.13835857730530668
	2839		0.13836046974161562
	2840		0.13836236217792452
	2841		0.1383642546142334
	2842		0.1383661470505423
	2843		0.13836803948685122
	2844		0.13836993192316013
	2845		0.13837182435946901
	2846		0.13837371679577792
	2847		0.13837560923208683
	2848		0.13837750166839577
	2849		0.13837939410470465
	2850		0.13838128654101356
	2851		0.1383831789773225
	2852		0.1383850714136314
	2853		0.1383869638499403
	2854		0.1383888562862492
	2855		0.1383907487225581
	2856		0.138392641158867
	2857		0.13839453359517592
	2858		0.13839642603148486
	2859		0.13839831846779374
	2860		0.13840021090410265
	2861		0.13840210334041153
	2862		0.1384039957767205
	2863		0.13840588821302938
	2864		0.13840778064933829
	2865		0.13840967308564717
	2866		0.13841156552195613
	2867		0.138413457958265
	2868		0.13841535039457392
	2869		0.1384172428308828
	2870		0.13841913526719174
	2871		0.13842102770350065
	2872		0.13842292013980956
	2873		0.13842481257611844
	2874		0.13842483247061052
	2875		0.13842470239541252
	2876		0.1384245722649163
	2877		0.138425404945346
	2878		0.13842647993330703
	2879		0.13842755483074942
	2880		0.13842862963767308
	2881		0.138429704354078
	2882		0.13843077897996428
	2883		0.13843185351533185
	2884		0.1384329279601807
	2885		0.13843400231451083
	2886		0.1384350765783223
	2887		0.13843615075161506
	2888		0.1384372248343891
	2889		0.13843829882664446
	2890		0.13843937272838108
	2891		0.13844044653959905
	2892		0.1384415202602983
	2893		0.13844259389047883
	2894		0.13844366743014067
	2895		0.1384447408792838
	2896		0.13844581423790822
	2897		0.13844688750601397
	2898		0.13844796068360105
	2899		0.13844903377066936
	2900		0.13845010676721897
	2901		0.1384511796732499
	2902		0.1384522524887621
	2903		0.1384533252137557
	2904		0.13845439784823046
	2905		0.1384554703921866
	2906		0.13845654284562403
	2907		0.13845761520854277
	2908		0.1384585190663846
	2909		0.1384581201308207
	2910		0.1384577210897719
	2911		0.13845732194324123
	2912		0.13845692269123183
	2913		0.13845652333374667
	2914		0.13845612387078882
	2915		0.13845572430236133
	2916		0.1384553246284674
	2917		0.13845492484911
	2918		0.1384545249642922
	2919		0.13845412497401707
	2920		0.13845372487828767
	2921		0.13845332467710703
	2922		0.13845292437047835
	2923		0.1384525239584046
	2924		0.13845212344088884
	2925		0.13845344573527113
	2926		0.13845724581476723
	2927		0.13846104588735242
	2928		0.13846484595302433
	2929		0.13846745355611834
	2930		0.13846815863136436
	2931		0.1384688636681736
	2932		0.1384695686665465
	2933		0.1384702736264834
	2934		0.1384709785479846
	2935		0.1384716834310505
	2936		0.1384723882756815
	2937		0.13847309308187797
	2938		0.13847379784964028
	2939		0.1384745025789688
	2940		0.13847520726986384
	2941		0.13847591192232583
	2942		0.13847661653635507
	2943		0.13847732111195202
	2944		0.138478025649117
	2945		0.1384787301478504
	2946		0.13847943460815254
	2947		0.1384801390300238
	2948		0.13848084341346456
	2949		0.13848154775847524
	2950		0.1384822520650561
	2951		0.13848295633320765
	2952		0.13848366056293018
	2953		0.13848436475422407
	2954		0.13848506890708964
	2955		0.13848577302152734
	2956		0.13848647709753745
	2957		0.13848862291650468
	2958		0.13849190586097662
	2959		0.13849518884466142
	2960		0.1384984718675593
	2961		0.13850175492967046
	2962		0.1385050380309951
	2963		0.13850832117153344
	2964		0.13851160435128568
	2965		0.13851596944375774
	2966		0.1385204431353081
	2967		0.13852491692250576
	2968		0.13852939080535193
	2969		0.13853386478384788
	2970		0.13853833885799488
	2971		0.13854281302779398
	2972		0.13854728729324653
	2973		0.1385523803483345
	2974		0.13855811036969243
	2975		0.13856384052835866
	2976		0.13856957082433502
	2977		0.13857530125762346
	2978		0.1385810318282258
	2979		0.13858676253614385
	2980		0.13859249338137955
	2981		0.13859822436393468
	2982		0.1386039554838112
	2983		0.13860968674101085
	2984		0.13861541813553555
	2985		0.13862114966738717
	2986		0.1386268813365676
	2987		0.13863261314307854
	2988		0.138638345086922
	2989		0.1386440771680998
	2990		0.13864980938661378
	2991		0.13865554174246578
	2992		0.13866127423565766
	2993		0.13866700686619132
	2994		0.13867273963406862
	2995		0.13867847253929136
	2996		0.13868420558186148
	2997		0.13868993876178076
	2998		0.13869567207905112
	2999		0.13870140553367435
	3000		0.13870713912565233
