0.
0.
0.0010210804221857384
0.0010210804221857384
0.0010210804221857384
0.0010210804221857384
0.0010210804221857384
0.0010210804221857384
0.0009912957721072146
0.0038387816489318105
0.004266108642416944
0.007476232039750119
0.027955247347092982
0.05008870068412086
0.07560340678021027
0.09418665668844572
0.1134895525957037
0.17385417382532753
0.23591049226356808
0.3013366917129878
0.36779578815716163
0.4288996596740079
0.4885616231865054
0.5368008424533997
0.5649741429625103
0.6314761750041119
0.6938721802849126
0.754077437877543
0.7782256187123617
0.8196295917268313
0.8360853351113222
0.8819318403660659
0.9064386282540298
0.9402858097062805
0.9436852929285828
0.953873196111863
0.9699108566918715
0.9642154110833479
0.9734575880026596
0.9830290094080457
0.9894194715526338
0.9982249724077413
0.9998449264314471
1.
1.
1.
1.
1.
1.
1.
1.
1.
1.
1.
1.
1.
1.
1.
1.
1.
1.
1.
1.
1.
1.
1.
1.
1.
1.
1.
1.
1.
1.
1.
1.
1.
1.
1.
1.
1.
1.
1.
1.
1.
1.
1.
1.
1.
1.
1.
1.
1.
1.
1.
1.
1.
1.
1.
1.
1.
1.
1.
1.
1.
1.
1.
1.
1.
1.
1.
1.
1.
1.
1.
1.
1.
1.
1.
1.
1.
1.
1.
1.
1.
1.
1.
1.
1.
1.
1.
1.
1.
1.
1.
1.
1.
1.
1.
1.
1.
1.
1.
1.
1.
1.
1.
1.
1.
1.
1.
1.
1.
1.
1.
1.
1.
1.
1.
1.
1.
1.
1.
1.
1.
1.
1.
1.
1.
1.
1.
1.
1.
1.
1.
1.
1.
1.
1.
1.
1.
1.
1.
1.
1.
1.
1.
1.
1.
1.
1.
1.
1.
1.
1.
1.
1.
1.
1.
1.
1.
1.
1.
1.
1.
1.
1.
1.
1.
1.
1.
1.
1.
1.
1.
1.
1.
1.
1.
1.
1.
1.
1.
1.
1.
1.
1.
1.
1.
1.
1.
1.
1.
1.
1.
1.
1.
1.
1.
1.
1.
1.
1.
1.
1.
1.
1.
1.
1.
1.
1.