  0.10000000E-01  0.10000584E+01
  0.10232930E-01  0.10000451E+01
  0.10471285E-01  0.10000322E+01
  0.10715193E-01  0.10000201E+01
  0.10964782E-01  0.10000091E+01
  0.11220185E-01  0.99999946E+00
  0.11481536E-01  0.99999118E+00
  0.11748976E-01  0.99998422E+00
  0.12022644E-01  0.99997848E+00
  0.12302688E-01  0.99997381E+00
  0.12589254E-01  0.99997005E+00
  0.12882496E-01  0.99996702E+00
  0.13182567E-01  0.99996458E+00
  0.13489629E-01  0.99996255E+00
  0.13803843E-01  0.99996081E+00
  0.14125375E-01  0.99995924E+00
  0.14454398E-01  0.99995775E+00
  0.14791084E-01  0.99995625E+00
  0.15135612E-01  0.99995470E+00
  0.15488166E-01  0.99995306E+00
  0.15848932E-01  0.99995129E+00
  0.16218101E-01  0.99994937E+00
  0.16595869E-01  0.99994730E+00
  0.16982437E-01  0.99994506E+00
  0.17378008E-01  0.99994267E+00
  0.17782794E-01  0.99994011E+00
  0.18197009E-01  0.99993739E+00
  0.18620871E-01  0.99993451E+00
  0.19054607E-01  0.99993147E+00
  0.19498446E-01  0.99992827E+00
  0.19952623E-01  0.99992490E+00
  0.20417379E-01  0.99992137E+00
  0.20892961E-01  0.99991767E+00
  0.21379621E-01  0.99991380E+00
  0.21877616E-01  0.99990974E+00
  0.22387211E-01  0.99990549E+00
  0.22908677E-01  0.99990104E+00
  0.23442288E-01  0.99989639E+00
  0.23988329E-01  0.99989152E+00
  0.24547089E-01  0.99988643E+00
  0.25118864E-01  0.99988109E+00
  0.25703958E-01  0.99987551E+00
  0.26302680E-01  0.99986967E+00
  0.26915348E-01  0.99986355E+00
  0.27542287E-01  0.99985715E+00
  0.28183829E-01  0.99985044E+00
  0.28840315E-01  0.99984343E+00
  0.29512092E-01  0.99983609E+00
  0.30199517E-01  0.99982840E+00
  0.30902954E-01  0.99982035E+00
  0.31622777E-01  0.99981193E+00
  0.32359366E-01  0.99980311E+00
  0.33113112E-01  0.99979388E+00
  0.33884416E-01  0.99978422E+00
  0.34673685E-01  0.99977411E+00
  0.35481339E-01  0.99976352E+00
  0.36307805E-01  0.99975244E+00
  0.37153523E-01  0.99974085E+00
  0.38018940E-01  0.99972871E+00
  0.38904514E-01  0.99971600E+00
  0.39810717E-01  0.99970270E+00
  0.40738028E-01  0.99968878E+00
  0.41686938E-01  0.99967422E+00
  0.42657952E-01  0.99965897E+00
  0.43651583E-01  0.99964301E+00
  0.44668359E-01  0.99962631E+00
  0.45708819E-01  0.99960882E+00
  0.46773514E-01  0.99959053E+00
  0.47863009E-01  0.99957138E+00
  0.48977882E-01  0.99955134E+00
  0.50118723E-01  0.99953037E+00
  0.51286138E-01  0.99950842E+00
  0.52480746E-01  0.99948545E+00
  0.53703180E-01  0.99946141E+00
  0.54954087E-01  0.99943625E+00
  0.56234133E-01  0.99940992E+00
  0.57543994E-01  0.99938237E+00
  0.58884366E-01  0.99935354E+00
  0.60255959E-01  0.99932337E+00
  0.61659500E-01  0.99929180E+00
  0.63095734E-01  0.99925876E+00
  0.64565423E-01  0.99922419E+00
  0.66069345E-01  0.99918802E+00
  0.67608298E-01  0.99915017E+00
  0.69183097E-01  0.99911057E+00
  0.70794578E-01  0.99906913E+00
  0.72443596E-01  0.99902578E+00
  0.74131024E-01  0.99898041E+00
  0.75857758E-01  0.99893295E+00
  0.77624712E-01  0.99888330E+00
  0.79432823E-01  0.99883135E+00
  0.81283052E-01  0.99877699E+00
  0.83176377E-01  0.99872013E+00
  0.85113804E-01  0.99866064E+00
  0.87096359E-01  0.99859841E+00
  0.89125094E-01  0.99853331E+00
  0.91201084E-01  0.99846521E+00
  0.93325430E-01  0.99839397E+00
  0.95499259E-01  0.99831946E+00
  0.97723722E-01  0.99824151E+00
  0.10000000E+00  0.99815998E+00
  0.10232930E+00  0.99807470E+00
  0.10471285E+00  0.99798550E+00
  0.10715193E+00  0.99789221E+00
  0.10964782E+00  0.99779465E+00
  0.11220185E+00  0.99769260E+00
  0.11481536E+00  0.99758589E+00
  0.11748976E+00  0.99747428E+00
  0.12022644E+00  0.99735757E+00
  0.12302688E+00  0.99723553E+00
  0.12589254E+00  0.99710791E+00
  0.12882496E+00  0.99697446E+00
  0.13182567E+00  0.99683493E+00
  0.13489629E+00  0.99668903E+00
  0.13803843E+00  0.99653650E+00
  0.14125375E+00  0.99637702E+00
  0.14454398E+00  0.99621028E+00
  0.14791084E+00  0.99603598E+00
  0.15135612E+00  0.99585376E+00
  0.15488166E+00  0.99566328E+00
  0.15848932E+00  0.99546418E+00
  0.16218101E+00  0.99525606E+00
  0.16595869E+00  0.99503853E+00
  0.16982437E+00  0.99481117E+00
  0.17378008E+00  0.99457356E+00
  0.17782794E+00  0.99432523E+00
  0.18197009E+00  0.99406573E+00
  0.18620871E+00  0.99379455E+00
  0.19054607E+00  0.99351119E+00
  0.19498446E+00  0.99321512E+00
  0.19952623E+00  0.99290578E+00
  0.20417379E+00  0.99258259E+00
  0.20892961E+00  0.99224495E+00
  0.21379621E+00  0.99189224E+00
  0.21877616E+00  0.99152381E+00
  0.22387211E+00  0.99113896E+00
  0.22908677E+00  0.99073701E+00
  0.23442288E+00  0.99031721E+00
  0.23988329E+00  0.98987880E+00
  0.24547089E+00  0.98942099E+00
  0.25118864E+00  0.98894294E+00
  0.25703958E+00  0.98844380E+00
  0.26302680E+00  0.98792267E+00
  0.26915348E+00  0.98737862E+00
  0.27542287E+00  0.98681068E+00
  0.28183829E+00  0.98621786E+00
  0.28840315E+00  0.98559910E+00
  0.29512092E+00  0.98495333E+00
  0.30199517E+00  0.98427942E+00
  0.30902954E+00  0.98357619E+00
  0.31622777E+00  0.98284245E+00
  0.32359366E+00  0.98207693E+00
  0.33113112E+00  0.98127832E+00
  0.33884416E+00  0.98044527E+00
  0.34673685E+00  0.97957638E+00
  0.35481339E+00  0.97867020E+00
  0.36307805E+00  0.97772521E+00
  0.37153523E+00  0.97673985E+00
  0.38018940E+00  0.97571251E+00
  0.38904514E+00  0.97464151E+00
  0.39810717E+00  0.97352512E+00
  0.40738028E+00  0.97236154E+00
  0.41686938E+00  0.97114892E+00
  0.42657952E+00  0.96988534E+00
  0.43651583E+00  0.96856882E+00
  0.44668359E+00  0.96719732E+00
  0.45708819E+00  0.96576871E+00
  0.46773514E+00  0.96428081E+00
  0.47863009E+00  0.96273137E+00
  0.48977882E+00  0.96111808E+00
  0.50118723E+00  0.95943852E+00
  0.51286138E+00  0.95769024E+00
  0.52480746E+00  0.95587070E+00
  0.53703180E+00  0.95397728E+00
  0.54954087E+00  0.95200728E+00
  0.56234133E+00  0.94995795E+00
  0.57543994E+00  0.94782644E+00
  0.58884366E+00  0.94560983E+00
  0.60255959E+00  0.94330512E+00
  0.61659500E+00  0.94090925E+00
  0.63095734E+00  0.93841907E+00
  0.64565423E+00  0.93583134E+00
  0.66069345E+00  0.93314278E+00
  0.67608298E+00  0.93035001E+00
  0.69183097E+00  0.92744958E+00
  0.70794578E+00  0.92443799E+00
  0.72443596E+00  0.92131163E+00
  0.74131024E+00  0.91806687E+00
  0.75857758E+00  0.91469998E+00
  0.77624712E+00  0.91120719E+00
  0.79432823E+00  0.90758466E+00
  0.81283052E+00  0.90382850E+00
  0.83176377E+00  0.89993477E+00
  0.85113804E+00  0.89589950E+00
  0.87096359E+00  0.89171866E+00
  0.89125094E+00  0.88738819E+00
  0.91201084E+00  0.88290402E+00
  0.93325430E+00  0.87826205E+00
  0.95499259E+00  0.87345817E+00
  0.97723722E+00  0.86848826E+00
  0.10000000E+01  0.86334822E+00
  0.10232930E+01  0.85803397E+00
  0.10471285E+01  0.85254145E+00
  0.10715193E+01  0.84686663E+00
  0.10964782E+01  0.84100556E+00
  0.11220185E+01  0.83495434E+00
  0.11481536E+01  0.82870914E+00
  0.11748976E+01  0.82226625E+00
  0.12022644E+01  0.81562206E+00
  0.12302688E+01  0.80877308E+00
  0.12589254E+01  0.80171599E+00
  0.12882496E+01  0.79444761E+00
  0.13182567E+01  0.78696498E+00
  0.13489629E+01  0.77926531E+00
  0.13803843E+01  0.77134606E+00
  0.14125375E+01  0.76320495E+00
  0.14454398E+01  0.75483996E+00
  0.14791084E+01  0.74624938E+00
  0.15135612E+01  0.73743181E+00
  0.15488166E+01  0.72838621E+00
  0.15848932E+01  0.71911192E+00
  0.16218101E+01  0.70960869E+00
  0.16595869E+01  0.69987669E+00
  0.16982437E+01  0.68991654E+00
  0.17378008E+01  0.67972938E+00
  0.17782794E+01  0.66931683E+00
  0.18197009E+01  0.65868107E+00
  0.18620871E+01  0.64782484E+00
  0.19054607E+01  0.63675149E+00
  0.19498446E+01  0.62546498E+00
  0.19952623E+01  0.61396993E+00
  0.20417379E+01  0.60227161E+00
  0.20892961E+01  0.59037600E+00
  0.21379621E+01  0.57828979E+00
  0.21877616E+01  0.56602040E+00
  0.22387211E+01  0.55357599E+00
  0.22908677E+01  0.54096550E+00
  0.23442288E+01  0.52819861E+00
  0.23988329E+01  0.51528581E+00
  0.24547089E+01  0.50223833E+00
  0.25118864E+01  0.48906821E+00
  0.25703958E+01  0.47578824E+00
  0.26302680E+01  0.46241198E+00
  0.26915348E+01  0.44895372E+00
  0.27542287E+01  0.43542849E+00
  0.28183829E+01  0.42185199E+00
  0.28840315E+01  0.40824060E+00
  0.29512092E+01  0.39461130E+00
  0.30199517E+01  0.38098166E+00
  0.30902954E+01  0.36736976E+00
  0.31622777E+01  0.35379414E+00
  0.32359366E+01  0.34027373E+00
  0.33113112E+01  0.32682780E+00
  0.33884416E+01  0.31347585E+00
  0.34673685E+01  0.30023753E+00
  0.35481339E+01  0.28713258E+00
  0.36307805E+01  0.27418070E+00
  0.37153523E+01  0.26140145E+00
  0.38018940E+01  0.24881419E+00
  0.38904514E+01  0.23643791E+00
  0.39810717E+01  0.22429118E+00
  0.40738028E+01  0.21239198E+00
  0.41686938E+01  0.20075764E+00
  0.42657952E+01  0.18940471E+00
  0.43651583E+01  0.17834884E+00
  0.44668359E+01  0.16760470E+00
  0.45708819E+01  0.15718584E+00
  0.46773514E+01  0.14710466E+00
  0.47863009E+01  0.13737223E+00
  0.48977882E+01  0.12799831E+00
  0.50118723E+01  0.11899121E+00
  0.51286138E+01  0.11035774E+00
  0.52480746E+01  0.10210321E+00
  0.53703180E+01  0.94231334E-01
  0.54954087E+01  0.86744248E-01
  0.56234133E+01  0.79642486E-01
  0.57543994E+01  0.72924997E-01
  0.58884366E+01  0.66589158E-01
  0.60255959E+01  0.60630820E-01
  0.61659500E+01  0.55044352E-01
  0.63095734E+01  0.49822710E-01
  0.64565423E+01  0.44957517E-01
  0.66069345E+01  0.40439151E-01
  0.67608298E+01  0.36256849E-01
  0.69183097E+01  0.32398819E-01
  0.70794578E+01  0.28852363E-01
  0.72443596E+01  0.25604000E-01
  0.74131024E+01  0.22639600E-01
  0.75857758E+01  0.19944522E-01
  0.77624712E+01  0.17503747E-01
  0.79432823E+01  0.15302011E-01
  0.81283052E+01  0.13323946E-01
  0.83176377E+01  0.11554198E-01
  0.85113804E+01  0.99775548E-02
  0.87096359E+01  0.85790582E-02
  0.89125094E+01  0.73441081E-02
  0.91201084E+01  0.62585567E-02
  0.93325430E+01  0.53087915E-02
  0.95499259E+01  0.44818061E-02
  0.97723722E+01  0.37652587E-02
  0.10000000E+02  0.31475183E-02
  0.10232930E+02  0.26176979E-02
  0.10471285E+02  0.21656762E-02
  0.10715193E+02  0.17821078E-02
  0.10964782E+02  0.14584223E-02
  0.11220185E+02  0.11868140E-02
  0.11481536E+02  0.96022259E-03
  0.11748976E+02  0.77230621E-03
  0.12022644E+02  0.61740848E-03
  0.12302688E+02  0.49052008E-03
  0.12589254E+02  0.38723657E-03
  0.12882496E+02  0.30371347E-03
  0.13182567E+02  0.23661981E-03
  0.13489629E+02  0.18309106E-03
  0.13803843E+02  0.14068257E-03
  0.14125375E+02  0.10732404E-03
  0.14454398E+02  0.81275949E-04
  0.14791084E+02  0.61088365E-04
  0.15135612E+02  0.45562514E-04
  0.15488166E+02  0.33715464E-04
  0.15848932E+02  0.24748027E-04
  0.16218101E+02  0.18015977E-04
  0.16595869E+02  0.13004534E-04
  0.16982437E+02  0.93060089E-05
  0.17378008E+02  0.66004530E-05
  0.17782794E+02  0.46390978E-05
  0.18197009E+02  0.32303427E-05
  0.18620871E+02  0.22280380E-05
  0.19054607E+02  0.15217976E-05
  0.19498446E+02  0.10290837E-05
  0.19952623E+02  0.68881223E-06
  0.20417379E+02  0.45624890E-06
  0.20892961E+02  0.29898245E-06
  0.21379621E+02  0.19378585E-06
  0.21877616E+02  0.12419896E-06
  0.22387211E+02  0.78689692E-07
  0.22908677E+02  0.49272380E-07
  0.23442288E+02  0.30482748E-07
  0.23988329E+02  0.18627128E-07
  0.24547089E+02  0.11239638E-07
  0.25118864E+02  0.66948971E-08
  0.25703958E+02  0.39353943E-08
  0.26302680E+02  0.22821798E-08
  0.26915348E+02  0.13052391E-08
  0.27542287E+02  0.73598191E-09
  0.28183829E+02  0.40901188E-09
  0.28840315E+02  0.22394842E-09
  0.29512092E+02  0.12076790E-09
  0.30199517E+02  0.64119640E-10
  0.30902954E+02  0.33504855E-10
  0.31622777E+02  0.17224192E-10
  0.32359366E+02  0.87079925E-11
  0.33113112E+02  0.43278784E-11
  0.33884416E+02  0.21136627E-11
  0.34673685E+02  0.10139622E-11
  0.35481339E+02  0.47758522E-12
  0.36307805E+02  0.22076821E-12
  0.37153523E+02  0.10011239E-12
  0.38018940E+02  0.44515315E-13
  0.38904514E+02  0.19399993E-13
  0.39810717E+02  0.82824677E-14
  0.40738028E+02  0.34623804E-14
  0.41686938E+02  0.14165523E-14
  0.42657952E+02  0.56691012E-15
  0.43651583E+02  0.22181735E-15
  0.44668359E+02  0.84810035E-16
  0.45708819E+02  0.31669030E-16
  0.46773514E+02  0.11542982E-16
  0.47863009E+02  0.41044166E-17
  0.48977882E+02  0.14229303E-17
  0.50118723E+02  0.48068157E-18
  0.51286138E+02  0.15812838E-18
  0.52480746E+02  0.50625748E-19
  0.53703180E+02  0.15764016E-19
  0.54954087E+02  0.47710521E-20
  0.56234133E+02  0.14025712E-20
  0.57543994E+02  0.40022477E-21
  0.58884366E+02  0.11077693E-21
  0.60255959E+02  0.29720218E-22
  0.61659500E+02  0.77231726E-23
  0.63095734E+02  0.19424822E-23
  0.64565423E+02  0.47250329E-24
  0.66069345E+02  0.11107091E-24
  0.67608298E+02  0.25211398E-25
  0.69183097E+02  0.55212815E-26
  0.70794578E+02  0.11656449E-26
  0.72443596E+02  0.23703077E-27
  0.74131024E+02  0.46384749E-28
  0.75857758E+02  0.87274797E-29
  0.77624712E+02  0.15774215E-29
  0.79432823E+02  0.27361805E-30
  0.81283052E+02  0.45505430E-31
  0.83176377E+02  0.72489788E-32
  0.85113804E+02  0.11049671E-32
  0.87096359E+02  0.16100315E-33
  0.89125094E+02  0.22401399E-34
  0.91201084E+02  0.29730638E-35
  0.93325430E+02  0.37596149E-36
  0.95499259E+02  0.45248391E-37
  0.97723722E+02  0.51770547E-38
  0.10000000E+03  0.56243165E-39
