  0.10000000E-01  0.87506784E+00
  0.10232930E-01  0.87505498E+00
  0.10471285E-01  0.87504250E+00
  0.10715193E-01  0.87503088E+00
  0.10964782E-01  0.87502043E+00
  0.11220185E-01  0.87501133E+00
  0.11481536E-01  0.87500361E+00
  0.11748976E-01  0.87499723E+00
  0.12022644E-01  0.87499210E+00
  0.12302688E-01  0.87498807E+00
  0.12589254E-01  0.87498498E+00
  0.12882496E-01  0.87498266E+00
  0.13182567E-01  0.87498095E+00
  0.13489629E-01  0.87497969E+00
  0.13803843E-01  0.87497875E+00
  0.14125375E-01  0.87497802E+00
  0.14454398E-01  0.87497741E+00
  0.14791084E-01  0.87497684E+00
  0.15135612E-01  0.87497626E+00
  0.15488166E-01  0.87497562E+00
  0.15848932E-01  0.87497491E+00
  0.16218101E-01  0.87497410E+00
  0.16595869E-01  0.87497318E+00
  0.16982437E-01  0.87497216E+00
  0.17378008E-01  0.87497104E+00
  0.17782794E-01  0.87496981E+00
  0.18197009E-01  0.87496848E+00
  0.18620871E-01  0.87496706E+00
  0.19054607E-01  0.87496554E+00
  0.19498446E-01  0.87496393E+00
  0.19952623E-01  0.87496224E+00
  0.20417379E-01  0.87496046E+00
  0.20892961E-01  0.87495859E+00
  0.21379621E-01  0.87495663E+00
  0.21877616E-01  0.87495457E+00
  0.22387211E-01  0.87495242E+00
  0.22908677E-01  0.87495017E+00
  0.23442288E-01  0.87494782E+00
  0.23988329E-01  0.87494535E+00
  0.24547089E-01  0.87494277E+00
  0.25118864E-01  0.87494007E+00
  0.25703958E-01  0.87493725E+00
  0.26302680E-01  0.87493429E+00
  0.26915348E-01  0.87493119E+00
  0.27542287E-01  0.87492795E+00
  0.28183829E-01  0.87492455E+00
  0.28840315E-01  0.87492100E+00
  0.29512092E-01  0.87491727E+00
  0.30199517E-01  0.87491337E+00
  0.30902954E-01  0.87490929E+00
  0.31622777E-01  0.87490502E+00
  0.32359366E-01  0.87490054E+00
  0.33113112E-01  0.87489586E+00
  0.33884416E-01  0.87489095E+00
  0.34673685E-01  0.87488581E+00
  0.35481339E-01  0.87488043E+00
  0.36307805E-01  0.87487479E+00
  0.37153523E-01  0.87486889E+00
  0.38018940E-01  0.87486271E+00
  0.38904514E-01  0.87485625E+00
  0.39810717E-01  0.87484947E+00
  0.40738028E-01  0.87484238E+00
  0.41686938E-01  0.87483495E+00
  0.42657952E-01  0.87482717E+00
  0.43651583E-01  0.87481903E+00
  0.44668359E-01  0.87481050E+00
  0.45708819E-01  0.87480157E+00
  0.46773514E-01  0.87479222E+00
  0.47863009E-01  0.87478243E+00
  0.48977882E-01  0.87477218E+00
  0.50118723E-01  0.87476144E+00
  0.51286138E-01  0.87475020E+00
  0.52480746E-01  0.87473843E+00
  0.53703180E-01  0.87472611E+00
  0.54954087E-01  0.87471320E+00
  0.56234133E-01  0.87469969E+00
  0.57543994E-01  0.87468554E+00
  0.58884366E-01  0.87467073E+00
  0.60255959E-01  0.87465521E+00
  0.61659500E-01  0.87463897E+00
  0.63095734E-01  0.87462196E+00
  0.64565423E-01  0.87460415E+00
  0.66069345E-01  0.87458550E+00
  0.67608298E-01  0.87456597E+00
  0.69183097E-01  0.87454552E+00
  0.70794578E-01  0.87452411E+00
  0.72443596E-01  0.87450169E+00
  0.74131024E-01  0.87447822E+00
  0.75857758E-01  0.87445364E+00
  0.77624712E-01  0.87442790E+00
  0.79432823E-01  0.87440095E+00
  0.81283052E-01  0.87437273E+00
  0.83176377E-01  0.87434318E+00
  0.85113804E-01  0.87431225E+00
  0.87096359E-01  0.87427985E+00
  0.89125094E-01  0.87424593E+00
  0.91201084E-01  0.87421042E+00
  0.93325430E-01  0.87417323E+00
  0.95499259E-01  0.87413429E+00
  0.97723722E-01  0.87409352E+00
  0.10000000E+00  0.87405084E+00
  0.10232930E+00  0.87400614E+00
  0.10471285E+00  0.87395934E+00
  0.10715193E+00  0.87391034E+00
  0.10964782E+00  0.87385903E+00
  0.11220185E+00  0.87380531E+00
  0.11481536E+00  0.87374906E+00
  0.11748976E+00  0.87369017E+00
  0.12022644E+00  0.87362850E+00
  0.12302688E+00  0.87356394E+00
  0.12589254E+00  0.87349634E+00
  0.12882496E+00  0.87342557E+00
  0.13182567E+00  0.87335146E+00
  0.13489629E+00  0.87327388E+00
  0.13803843E+00  0.87319265E+00
  0.14125375E+00  0.87310760E+00
  0.14454398E+00  0.87301855E+00
  0.14791084E+00  0.87292533E+00
  0.15135612E+00  0.87282772E+00
  0.15488166E+00  0.87272553E+00
  0.15848932E+00  0.87261854E+00
  0.16218101E+00  0.87250653E+00
  0.16595869E+00  0.87238926E+00
  0.16982437E+00  0.87226649E+00
  0.17378008E+00  0.87213796E+00
  0.17782794E+00  0.87200340E+00
  0.18197009E+00  0.87186253E+00
  0.18620871E+00  0.87171505E+00
  0.19054607E+00  0.87156066E+00
  0.19498446E+00  0.87139904E+00
  0.19952623E+00  0.87122984E+00
  0.20417379E+00  0.87105272E+00
  0.20892961E+00  0.87086731E+00
  0.21379621E+00  0.87067322E+00
  0.21877616E+00  0.87047004E+00
  0.22387211E+00  0.87025736E+00
  0.22908677E+00  0.87003473E+00
  0.23442288E+00  0.86980170E+00
  0.23988329E+00  0.86955778E+00
  0.24547089E+00  0.86930247E+00
  0.25118864E+00  0.86903523E+00
  0.25703958E+00  0.86875553E+00
  0.26302680E+00  0.86846277E+00
  0.26915348E+00  0.86815637E+00
  0.27542287E+00  0.86783569E+00
  0.28183829E+00  0.86750008E+00
  0.28840315E+00  0.86714884E+00
  0.29512092E+00  0.86678126E+00
  0.30199517E+00  0.86639659E+00
  0.30902954E+00  0.86599405E+00
  0.31622777E+00  0.86557281E+00
  0.32359366E+00  0.86513203E+00
  0.33113112E+00  0.86467082E+00
  0.33884416E+00  0.86418823E+00
  0.34673685E+00  0.86368331E+00
  0.35481339E+00  0.86315503E+00
  0.36307805E+00  0.86260234E+00
  0.37153523E+00  0.86202413E+00
  0.38018940E+00  0.86141925E+00
  0.38904514E+00  0.86078649E+00
  0.39810717E+00  0.86012462E+00
  0.40738028E+00  0.85943231E+00
  0.41686938E+00  0.85870820E+00
  0.42657952E+00  0.85795088E+00
  0.43651583E+00  0.85715887E+00
  0.44668359E+00  0.85633063E+00
  0.45708819E+00  0.85546455E+00
  0.46773514E+00  0.85455896E+00
  0.47863009E+00  0.85361212E+00
  0.48977882E+00  0.85262223E+00
  0.50118723E+00  0.85158740E+00
  0.51286138E+00  0.85050567E+00
  0.52480746E+00  0.84937502E+00
  0.53703180E+00  0.84819333E+00
  0.54954087E+00  0.84695839E+00
  0.56234133E+00  0.84566794E+00
  0.57543994E+00  0.84431960E+00
  0.58884366E+00  0.84291092E+00
  0.60255959E+00  0.84143936E+00
  0.61659500E+00  0.83990227E+00
  0.63095734E+00  0.83829692E+00
  0.64565423E+00  0.83662049E+00
  0.66069345E+00  0.83487003E+00
  0.67608298E+00  0.83304253E+00
  0.69183097E+00  0.83113486E+00
  0.70794578E+00  0.82914377E+00
  0.72443596E+00  0.82706593E+00
  0.74131024E+00  0.82489791E+00
  0.75857758E+00  0.82263615E+00
  0.77624712E+00  0.82027700E+00
  0.79432823E+00  0.81781670E+00
  0.81283052E+00  0.81525139E+00
  0.83176377E+00  0.81257711E+00
  0.85113804E+00  0.80978978E+00
  0.87096359E+00  0.80688525E+00
  0.89125094E+00  0.80385924E+00
  0.91201084E+00  0.80070740E+00
  0.93325430E+00  0.79742527E+00
  0.95499259E+00  0.79400832E+00
  0.97723722E+00  0.79045194E+00
  0.10000000E+01  0.78675143E+00
  0.10232930E+01  0.78290205E+00
  0.10471285E+01  0.77889897E+00
  0.10715193E+01  0.77473734E+00
  0.10964782E+01  0.77041224E+00
  0.11220185E+01  0.76591876E+00
  0.11481536E+01  0.76125195E+00
  0.11748976E+01  0.75640686E+00
  0.12022644E+01  0.75137856E+00
  0.12302688E+01  0.74616217E+00
  0.12589254E+01  0.74075283E+00
  0.12882496E+01  0.73514577E+00
  0.13182567E+01  0.72933631E+00
  0.13489629E+01  0.72331987E+00
  0.13803843E+01  0.71709204E+00
  0.14125375E+01  0.71064854E+00
  0.14454398E+01  0.70398530E+00
  0.14791084E+01  0.69709848E+00
  0.15135612E+01  0.68998449E+00
  0.15488166E+01  0.68264002E+00
  0.15848932E+01  0.67506209E+00
  0.16218101E+01  0.66724806E+00
  0.16595869E+01  0.65919570E+00
  0.16982437E+01  0.65090320E+00
  0.17378008E+01  0.64236923E+00
  0.17782794E+01  0.63359294E+00
  0.18197009E+01  0.62457405E+00
  0.18620871E+01  0.61531287E+00
  0.19054607E+01  0.60581032E+00
  0.19498446E+01  0.59606800E+00
  0.19952623E+01  0.58608820E+00
  0.20417379E+01  0.57587397E+00
  0.20892961E+01  0.56542912E+00
  0.21379621E+01  0.55475829E+00
  0.21877616E+01  0.54386695E+00
  0.22387211E+01  0.53276145E+00
  0.22908677E+01  0.52144904E+00
  0.23442288E+01  0.50993787E+00
  0.23988329E+01  0.49823706E+00
  0.24547089E+01  0.48635664E+00
  0.25118864E+01  0.47430763E+00
  0.25703958E+01  0.46210200E+00
  0.26302680E+01  0.44975264E+00
  0.26915348E+01  0.43727343E+00
  0.27542287E+01  0.42467912E+00
  0.28183829E+01  0.41198538E+00
  0.28840315E+01  0.39920875E+00
  0.29512092E+01  0.38636654E+00
  0.30199517E+01  0.37347687E+00
  0.30902954E+01  0.36055853E+00
  0.31622777E+01  0.34763098E+00
  0.32359366E+01  0.33471420E+00
  0.33113112E+01  0.32182867E+00
  0.33884416E+01  0.30899526E+00
  0.34673685E+01  0.29623511E+00
  0.35481339E+01  0.28356955E+00
  0.36307805E+01  0.27101997E+00
  0.37153523E+01  0.25860773E+00
  0.38018940E+01  0.24635399E+00
  0.38904514E+01  0.23427964E+00
  0.39810717E+01  0.22240515E+00
  0.40738028E+01  0.21075044E+00
  0.41686938E+01  0.19933475E+00
  0.42657952E+01  0.18817652E+00
  0.43651583E+01  0.17729327E+00
  0.44668359E+01  0.16670149E+00
  0.45708819E+01  0.15641651E+00
  0.46773514E+01  0.14645239E+00
  0.47863009E+01  0.13682185E+00
  0.48977882E+01  0.12753615E+00
  0.50118723E+01  0.11860507E+00
  0.51286138E+01  0.11003678E+00
  0.52480746E+01  0.10183782E+00
  0.53703180E+01  0.94013067E-01
  0.54954087E+01  0.86565727E-01
  0.56234133E+01  0.79497298E-01
  0.57543994E+01  0.72807599E-01
  0.58884366E+01  0.66494794E-01
  0.60255959E+01  0.60555430E-01
  0.61659500E+01  0.54984494E-01
  0.63095734E+01  0.49775488E-01
  0.64565423E+01  0.44920505E-01
  0.66069345E+01  0.40410335E-01
  0.67608298E+01  0.36234568E-01
  0.69183097E+01  0.32381712E-01
  0.70794578E+01  0.28839322E-01
  0.72443596E+01  0.25594131E-01
  0.74131024E+01  0.22632189E-01
  0.75857758E+01  0.19938999E-01
  0.77624712E+01  0.17499663E-01
  0.79432823E+01  0.15299016E-01
  0.81283052E+01  0.13321768E-01
  0.83176377E+01  0.11552627E-01
  0.85113804E+01  0.99764315E-02
  0.87096359E+01  0.85782623E-02
  0.89125094E+01  0.73435492E-02
  0.91201084E+01  0.62581679E-02
  0.93325430E+01  0.53085236E-02
  0.95499259E+01  0.44816233E-02
  0.97723722E+01  0.37651353E-02
  0.10000000E+02  0.31474358E-02
  0.10232930E+02  0.26176433E-02
  0.10471285E+02  0.21656404E-02
  0.10715193E+02  0.17820846E-02
  0.10964782E+02  0.14584075E-02
  0.11220185E+02  0.11868046E-02
  0.11481536E+02  0.96021672E-03
  0.11748976E+02  0.77230258E-03
  0.12022644E+02  0.61740627E-03
  0.12302688E+02  0.49051875E-03
  0.12589254E+02  0.38723578E-03
  0.12882496E+02  0.30371301E-03
  0.13182567E+02  0.23661954E-03
  0.13489629E+02  0.18309091E-03
  0.13803843E+02  0.14068249E-03
  0.14125375E+02  0.10732399E-03
  0.14454398E+02  0.81275923E-04
  0.14791084E+02  0.61088350E-04
  0.15135612E+02  0.45562507E-04
  0.15488166E+02  0.33715460E-04
  0.15848932E+02  0.24748025E-04
  0.16218101E+02  0.18015976E-04
  0.16595869E+02  0.13004534E-04
  0.16982437E+02  0.93060086E-05
  0.17378008E+02  0.66004529E-05
  0.17782794E+02  0.46390978E-05
  0.18197009E+02  0.32303427E-05
  0.18620871E+02  0.22280380E-05
  0.19054607E+02  0.15217976E-05
  0.19498446E+02  0.10290837E-05
  0.19952623E+02  0.68881223E-06
  0.20417379E+02  0.45624890E-06
  0.20892961E+02  0.29898245E-06
  0.21379621E+02  0.19378585E-06
  0.21877616E+02  0.12419896E-06
  0.22387211E+02  0.78689692E-07
  0.22908677E+02  0.49272380E-07
  0.23442288E+02  0.30482748E-07
  0.23988329E+02  0.18627128E-07
  0.24547089E+02  0.11239638E-07
  0.25118864E+02  0.66948971E-08
  0.25703958E+02  0.39353943E-08
  0.26302680E+02  0.22821798E-08
  0.26915348E+02  0.13052391E-08
  0.27542287E+02  0.73598191E-09
  0.28183829E+02  0.40901188E-09
  0.28840315E+02  0.22394842E-09
  0.29512092E+02  0.12076790E-09
  0.30199517E+02  0.64119640E-10
  0.30902954E+02  0.33504855E-10
  0.31622777E+02  0.17224192E-10
  0.32359366E+02  0.87079925E-11
  0.33113112E+02  0.43278784E-11
  0.33884416E+02  0.21136627E-11
  0.34673685E+02  0.10139622E-11
  0.35481339E+02  0.47758522E-12
  0.36307805E+02  0.22076821E-12
  0.37153523E+02  0.10011239E-12
  0.38018940E+02  0.44515315E-13
  0.38904514E+02  0.19399993E-13
  0.39810717E+02  0.82824677E-14
  0.40738028E+02  0.34623804E-14
  0.41686938E+02  0.14165523E-14
  0.42657952E+02  0.56691012E-15
  0.43651583E+02  0.22181735E-15
  0.44668359E+02  0.84810035E-16
  0.45708819E+02  0.31669030E-16
  0.46773514E+02  0.11542982E-16
  0.47863009E+02  0.41044166E-17
  0.48977882E+02  0.14229303E-17
  0.50118723E+02  0.48068157E-18
  0.51286138E+02  0.15812838E-18
  0.52480746E+02  0.50625748E-19
  0.53703180E+02  0.15764016E-19
  0.54954087E+02  0.47710521E-20
  0.56234133E+02  0.14025712E-20
  0.57543994E+02  0.40022477E-21
  0.58884366E+02  0.11077693E-21
  0.60255959E+02  0.29720218E-22
  0.61659500E+02  0.77231726E-23
  0.63095734E+02  0.19424822E-23
  0.64565423E+02  0.47250329E-24
  0.66069345E+02  0.11107091E-24
  0.67608298E+02  0.25211398E-25
  0.69183097E+02  0.55212815E-26
  0.70794578E+02  0.11656449E-26
  0.72443596E+02  0.23703077E-27
  0.74131024E+02  0.46384749E-28
  0.75857758E+02  0.87274797E-29
  0.77624712E+02  0.15774215E-29
  0.79432823E+02  0.27361805E-30
  0.81283052E+02  0.45505430E-31
  0.83176377E+02  0.72489788E-32
  0.85113804E+02  0.11049671E-32
  0.87096359E+02  0.16100315E-33
  0.89125094E+02  0.22401399E-34
  0.91201084E+02  0.29730638E-35
  0.93325430E+02  0.37596149E-36
  0.95499259E+02  0.45248391E-37
  0.97723722E+02  0.51770547E-38
  0.10000000E+03  0.56243165E-39
