  9.900000000000000E-006   3.91000000000000     
  1.070000000000000E-005   3.91000000000000     
  1.280000000000000E-005   3.91000000000000     
  1.550000000000000E-005   3.91000000000000     
  1.860000000000000E-005   3.91000000000000     
  2.240000000000000E-005   3.91000000000000     
  2.700000000000000E-005   3.91000000000000     
  3.250000000000000E-005   3.91000000000000     
  3.910000000000000E-005   3.91000000000000     
  4.440000000000000E-005   3.91000000000000     
  4.710000000000000E-005   3.91000000000000     
  5.680000000000000E-005   3.91000000000000     
  6.840000000000000E-005   4.00000000000000     
  1.030000000000000E-004   4.44000000000000     
  1.250000000000000E-004   5.13000000000000     
  1.510000000000000E-004   6.45000000000000     
  1.830000000000000E-004   7.11000000000000     
  2.210000000000000E-004   7.85000000000000     
  2.660000000000000E-004   8.72000000000000     
  3.210000000000000E-004   9.19000000000000     
  3.870000000000000E-004   9.76000000000000     
  4.670000000000000E-004   10.0500000000000     
  5.620000000000000E-004   10.3500000000000     
  6.780000000000000E-004   10.5800000000000     
  8.160000000000000E-004   10.6500000000000     
  9.829999999999999E-004   10.7200000000000     
  1.180000000000000E-003   10.8000000000000     
  1.420000000000000E-003   10.7800000000000     
  1.720000000000000E-003   10.8500000000000     
  2.070000000000000E-003   10.9300000000000     
  2.490000000000000E-003   10.9200000000000     
  3.000000000000000E-003   10.9100000000000     
  3.610000000000000E-003   10.8900000000000     
  4.340000000000000E-003   10.9700000000000     
  5.230000000000000E-003   10.9500000000000     
  6.300000000000000E-003   10.9400000000000     
  7.580000000000000E-003   10.9300000000000     
  9.129999999999999E-003   10.9200000000000     
  1.100000000000000E-002   10.9900000000000     
  1.320000000000000E-002   10.9800000000000     
  1.590000000000000E-002   11.1400000000000     
  1.920000000000000E-002   11.3900000000000     
  2.310000000000000E-002   11.8100000000000     
  2.790000000000000E-002   12.1700000000000     
  3.370000000000000E-002   13.1200000000000     
  4.060000000000000E-002   13.9300000000000     
  4.890000000000000E-002   14.6800000000000     
  5.900000000000000E-002   15.2400000000000     
  7.110000000000000E-002   15.8100000000000     
  8.570000000000000E-002   16.2900000000000     
  0.100000000000000        17.3000000000000     
  0.120000000000000        18.6500000000000     
  0.150000000000000        21.0500000000000     
  0.180000000000000        23.5800000000000     
  0.220000000000000        57.5600000000000     
  0.270000000000000        59.7500000000000     
  0.330000000000000        61.0700000000000     
  0.390000000000000        63.8700000000000     
  0.470000000000000        65.2800000000000     
  0.560000000000000        67.2400000000000     
  0.690000000000000        69.7800000000000     
  0.830000000000000        72.4200000000000     
   1.00000000000000        74.5800000000000     
   1.20000000000000        76.2400000000000     
   1.45000000000000        78.5200000000000     
   1.75000000000000        80.2600000000000     
   2.11000000000000        81.4100000000000     
   2.54000000000000        82.5800000000000     
   3.06000000000000        84.4000000000000     
   3.68000000000000        84.3100000000000     
   4.43000000000000        85.5200000000000     
   5.34000000000000        86.0900000000000     
   6.43000000000000        86.6600000000000     
   7.74000000000000        87.2300000000000     
   9.32000000000000        87.1400000000000     
   11.2200000000000        87.7200000000000     
   13.5200000000000        89.6600000000000     
   16.2900000000000        91.6400000000000     
   19.6200000000000        92.9500000000000     
   23.6400000000000        95.0100000000000     
   28.4900000000000        98.6000000000000     
   34.3200000000000        100.780000000000     
   41.3400000000000        102.230000000000     
   49.8000000000000        103.700000000000     
   59.9700000000000        104.380000000000     
   72.2200000000000        105.070000000000     
   86.9600000000000        104.960000000000     
   104.740000000000        106.750000000000     
   126.110000000000        106.750000000000     
   151.880000000000        106.750000000000     
   182.850000000000        106.750000000000     
   220.170000000000        106.750000000000     
   265.140000000000        106.750000000000     
   319.230000000000        106.750000000000     
   384.350000000000        106.750000000000     
   462.780000000000        106.750000000000     
   557.200000000000        106.750000000000     
   670.870000000000        106.750000000000     
   807.740000000000        106.750000000000     
   1000.00000000000        106.750000000000     
