### /nfs/slac/g/ki/ki20/cta/mdwood/fermi/dsph_pipeline/des_dwarfs/v6/p302_6yr_source_psf0123_point_gs_jsigma0.6/results/like_sculptor.txt
#[0]emin(MeV) [1]emax(MeV) [2]eflux(MeV/cm^2/s) [3]deltaLogLike
500             666.760716      0               -0.818575375   
500             666.760716      1.77215601e-10  -0.813605781   
500             666.760716      3.15138854e-10  -0.809750175   
500             666.760716      5.60404936e-10  -0.802920011   
500             666.760716      9.96556558e-10  -0.790856666   
500             666.760716      1.77215601e-09  -0.769664773   
500             666.760716      3.15138854e-09  -0.732796176   
500             666.760716      5.60404936e-09  -0.669782492   
500             666.760716      9.96556558e-09  -0.565608471   
500             666.760716      1.77215601e-08  -0.40434376    
500             666.760716      3.15138854e-08  -0.188703813   
500             666.760716      5.60404936e-08  -0.00807145586 
500             666.760716      9.96556558e-08  -0.234140004   
500             666.760716      1.77215601e-07  -2.01190196    
500             666.760716      3.15138854e-07  -8.35946517    
500             666.760716      5.60404936e-07  -26.4210074    
500             666.760716      9.96556558e-07  -71.8276396    
500             666.760716      1.77215601e-06  -176.918196    
500             666.760716      3.15138854e-06  -406.031459    
500             666.760716      5.60404936e-06  -883.575541    
500             666.760716      9.96556558e-06  -1844.84959    
500             666.760716      1.77215601e-05  -3727.02243    
500             666.760716      3.15138854e-05  -7330.7384     
500             666.760716      5.60404936e-05  -14106.1316    
500             666.760716      9.96556558e-05  -26658.7824    
666.760716      889.139705      0               -0.509421605   
666.760716      889.139705      1.77215601e-10  -0.505238769   
666.760716      889.139705      3.15138854e-10  -0.50199723    
666.760716      889.139705      5.60404936e-10  -0.496262803   
666.760716      889.139705      9.96556558e-10  -0.486159743   
666.760716      889.139705      1.77215601e-09  -0.468490308   
666.760716      889.139705      3.15138854e-09  -0.437997532   
666.760716      889.139705      5.60404936e-09  -0.386656444   
666.760716      889.139705      9.96556558e-09  -0.304197862   
666.760716      889.139705      1.77215601e-08  -0.184091955   
666.760716      889.139705      3.15138854e-08  -0.0475133074  
666.760716      889.139705      5.60404936e-08  -0.0176432124  
666.760716      889.139705      9.96556558e-08  -0.517481695   
666.760716      889.139705      1.77215601e-07  -2.7371523     
666.760716      889.139705      3.15138854e-07  -9.63493002    
666.760716      889.139705      5.60404936e-07  -27.929        
666.760716      889.139705      9.96556558e-07  -71.8785764    
666.760716      889.139705      1.77215601e-06  -170.279725    
666.760716      889.139705      3.15138854e-06  -379.220273    
666.760716      889.139705      5.60404936e-06  -805.135539    
666.760716      889.139705      9.96556558e-06  -1646.24       
666.760716      889.139705      1.77215601e-05  -3266.46993    
666.760716      889.139705      3.15138854e-05  -6326.66516    
666.760716      889.139705      5.60404936e-05  -12016.9105    
666.760716      889.139705      9.96556558e-05  -22468.5173    
889.139705      1185.68685      0               0.000936929719 
889.139705      1185.68685      1.77215601e-10  -0.00265296858 
889.139705      1185.68685      3.15138854e-10  -0.005458963   
889.139705      1185.68685      5.60404936e-10  -0.0104747801  
889.139705      1185.68685      9.96556558e-10  -0.0194760706  
889.139705      1185.68685      1.77215601e-09  -0.0357393757  
889.139705      1185.68685      3.15138854e-09  -0.0654598155  
889.139705      1185.68685      5.60404936e-09  -0.12077879    
889.139705      1185.68685      9.96556558e-09  -0.226634832   
889.139705      1185.68685      1.77215601e-08  -0.436948477   
889.139705      1185.68685      3.15138854e-08  -0.873392519   
889.139705      1185.68685      5.60404936e-08  -1.81642262    
889.139705      1185.68685      9.96556558e-08  -3.90944218    
889.139705      1185.68685      1.77215601e-07  -8.59152388    
889.139705      1185.68685      3.15138854e-07  -18.9654458    
889.139705      1185.68685      5.60404936e-07  -41.4618431    
889.139705      1185.68685      9.96556558e-07  -88.9378762    
889.139705      1185.68685      1.77215601e-06  -186.363848    
889.139705      1185.68685      3.15138854e-06  -381.16919     
889.139705      1185.68685      5.60404936e-06  -761.902007    
889.139705      1185.68685      9.96556558e-06  -1491.58099    
889.139705      1185.68685      1.77215601e-05  -2866.9189     
889.139705      1185.68685      3.15138854e-05  -5423.26177    
889.139705      1185.68685      5.60404936e-05  -10120.7123    
889.139705      1185.68685      9.96556558e-05  -18674.7196    
1185.68685      1581.13883      0               -0.0443807819  
1185.68685      1581.13883      1.77215601e-10  -0.0427688814  
1185.68685      1581.13883      3.15138854e-10  -0.0415364167  
1185.68685      1581.13883      5.60404936e-10  -0.03939222    
1185.68685      1581.13883      9.96556558e-10  -0.0357284559  
1185.68685      1581.13883      1.77215601e-09  -0.0296801578  
1185.68685      1581.13883      3.15138854e-09  -0.0203738547  
1185.68685      1581.13883      5.60404936e-09  -0.00826155455 
1185.68685      1581.13883      9.96556558e-09  5.43015267e-06 
1185.68685      1581.13883      1.77215601e-08  -0.0235306439  
1185.68685      1581.13883      3.15138854e-08  -0.16940824    
1185.68685      1581.13883      5.60404936e-08  -0.689971633   
1185.68685      1581.13883      9.96556558e-08  -2.20874555    
1185.68685      1581.13883      1.77215601e-07  -6.11845872    
1185.68685      1581.13883      3.15138854e-07  -15.3070213    
1185.68685      1581.13883      5.60404936e-07  -35.4977979    
1185.68685      1581.13883      9.96556558e-07  -77.7450419    
1185.68685      1581.13883      1.77215601e-06  -163.009648    
1185.68685      1581.13883      3.15138854e-06  -330.40348     
1185.68685      1581.13883      5.60404936e-06  -651.915474    
1185.68685      1581.13883      9.96556558e-06  -1258.62028    
1185.68685      1581.13883      1.77215601e-05  -2387.23997    
1185.68685      1581.13883      3.15138854e-05  -4462.8537     
1185.68685      1581.13883      5.60404936e-05  -8245.91757    
1185.68685      1581.13883      9.96556558e-05  -15093.7107    
1581.13883      2108.48252      0               -0.00975207936 
1581.13883      2108.48252      1.77215601e-10  -0.00897320036 
1581.13883      2108.48252      3.15138854e-10  -0.00839034377 
1581.13883      2108.48252      5.60404936e-10  -0.00740401351 
1581.13883      2108.48252      9.96556558e-10  -0.00580730468 
1581.13883      2108.48252      1.77215601e-09  -0.00345788985 
1581.13883      2108.48252      3.15138854e-09  -0.000789760502
1581.13883      2108.48252      5.60404936e-09  -0.00061056225 
1581.13883      2108.48252      9.96556558e-09  -0.013678328   
1581.13883      2108.48252      1.77215601e-08  -0.0743278248  
1581.13883      2108.48252      3.15138854e-08  -0.279752051   
1581.13883      2108.48252      5.60404936e-08  -0.877690764   
1581.13883      2108.48252      9.96556558e-08  -2.44144004    
1581.13883      2108.48252      1.77215601e-07  -6.19335732    
1581.13883      2108.48252      3.15138854e-07  -14.5873342    
1581.13883      2108.48252      5.60404936e-07  -32.3650799    
1581.13883      2108.48252      9.96556558e-07  -68.4915851    
1581.13883      2108.48252      1.77215601e-06  -139.695169    
1581.13883      2108.48252      3.15138854e-06  -276.87045     
1581.13883      2108.48252      5.60404936e-06  -536.521566    
1581.13883      2108.48252      9.96556558e-06  -1021.0653     
1581.13883      2108.48252      1.77215601e-05  -1914.80127    
1581.13883      2108.48252      3.15138854e-05  -3547.74923    
1581.13883      2108.48252      5.60404936e-05  -6509.14513    
1581.13883      2108.48252      9.96556558e-05  -11849.3739    
2108.48252      2811.70663      0               -0.560381318   
2108.48252      2811.70663      1.77215601e-10  -0.552357359   
2108.48252      2811.70663      3.15138854e-10  -0.546178929   
2108.48252      2811.70663      5.60404936e-10  -0.535333478   
2108.48252      2811.70663      9.96556558e-10  -0.516485106   
2108.48252      2811.70663      1.77215601e-09  -0.484300475   
2108.48252      2811.70663      3.15138854e-09  -0.43101714    
2108.48252      2811.70663      5.60404936e-09  -0.347470358   
2108.48252      2811.70663      9.96556558e-09  -0.228675641   
2108.48252      2811.70663      1.77215601e-08  -0.0897562181  
2108.48252      2811.70663      3.15138854e-08  -0.00054862303 
2108.48252      2811.70663      5.60404936e-08  -0.151202687   
2108.48252      2811.70663      9.96556558e-08  -0.976050576   
2108.48252      2811.70663      1.77215601e-07  -3.39884885    
2108.48252      2811.70663      3.15138854e-07  -9.31265853    
2108.48252      2811.70663      5.60404936e-07  -22.4634957    
2108.48252      2811.70663      9.96556558e-07  -50.0054868    
2108.48252      2811.70663      1.77215601e-06  -105.223272    
2108.48252      2811.70663      3.15138854e-06  -212.356432    
2108.48252      2811.70663      5.60404936e-06  -415.208046    
2108.48252      2811.70663      9.96556558e-06  -792.506089    
2108.48252      2811.70663      1.77215601e-05  -1485.26997    
2108.48252      2811.70663      3.15138854e-05  -2745.50911    
2108.48252      2811.70663      5.60404936e-05  -5022.83408    
2108.48252      2811.70663      9.96556558e-05  -9118.4553     
2811.70663      3749.47105      0               -2.3141519     
2811.70663      3749.47105      1.77215601e-10  -2.2651535     
2811.70663      3749.47105      3.15138854e-10  -2.22808136    
2811.70663      3749.47105      5.60404936e-10  -2.16432621    
2811.70663      3749.47105      9.96556558e-10  -2.05728473    
2811.70663      3749.47105      1.77215601e-09  -1.88445281    
2811.70663      3749.47105      3.15138854e-09  -1.62175742    
2811.70663      3749.47105      5.60404936e-09  -1.25614904    
2811.70663      3749.47105      9.96556558e-09  -0.806462094   
2811.70663      3749.47105      1.77215601e-08  -0.346659623   
2811.70663      3749.47105      3.15138854e-08  -0.0303467891  
2811.70663      3749.47105      5.60404936e-08  -0.134407392   
2811.70663      3749.47105      9.96556558e-08  -1.1563483     
2811.70663      3749.47105      1.77215601e-07  -4.00959542    
2811.70663      3749.47105      3.15138854e-07  -10.3817851    
2811.70663      3749.47105      5.60404936e-07  -23.3725572    
2811.70663      3749.47105      9.96556558e-07  -48.6275057    
2811.70663      3749.47105      1.77215601e-06  -96.3676269    
2811.70663      3749.47105      3.15138854e-06  -185.035349    
2811.70663      3749.47105      5.60404936e-06  -347.829297    
2811.70663      3749.47105      9.96556558e-06  -644.354276    
2811.70663      3749.47105      1.77215601e-05  -1181.31349    
2811.70663      3749.47105      3.15138854e-05  -2149.23561    
2811.70663      3749.47105      5.60404936e-05  -3887.72254    
2811.70663      3749.47105      9.96556558e-05  -7001.47424    
3749.47105      5000            0               3.81991754e-05 
3749.47105      5000            1.77215601e-10  -0.00420216613 
3749.47105      5000            3.15138854e-10  -0.00750821885 
3749.47105      5000            5.60404936e-10  -0.0133999168  
3749.47105      5000            9.96556558e-10  -0.0239165818  
3749.47105      5000            1.77215601e-09  -0.0427416333  
3749.47105      5000            3.15138854e-09  -0.0765991641  
3749.47105      5000            5.60404936e-09  -0.137964424   
3749.47105      5000            9.96556558e-09  -0.250498477   
3749.47105      5000            1.77215601e-08  -0.460198311   
3749.47105      5000            3.15138854e-08  -0.858189364   
3749.47105      5000            5.60404936e-08  -1.62551676    
3749.47105      5000            9.96556558e-08  -3.11600037    
3749.47105      5000            1.77215601e-07  -6.00299967    
3749.47105      5000            3.15138854e-07  -11.5393898    
3749.47105      5000            5.60404936e-07  -22.0281862    
3749.47105      5000            9.96556558e-07  -41.6810813    
3749.47105      5000            1.77215601e-06  -78.1659954    
3749.47105      5000            3.15138854e-06  -145.356992    
3749.47105      5000            5.60404936e-06  -268.207842    
3749.47105      5000            9.96556558e-06  -491.425129    
3749.47105      5000            1.77215601e-05  -894.92227     
3749.47105      5000            3.15138854e-05  -1621.30668    
3749.47105      5000            5.60404936e-05  -2924.70768    
3749.47105      5000            9.96556558e-05  -5257.52471    
5000            6667.60716      0               8.79413165e-09 
5000            6667.60716      1.77215601e-10  -0.00541497121 
5000            6667.60716      3.15138854e-10  -0.00962979442 
5000            6667.60716      5.60404936e-10  -0.0171259122  
5000            6667.60716      9.96556558e-10  -0.0304592127  
5000            6667.60716      1.77215601e-09  -0.0541793499  
5000            6667.60716      3.15138854e-09  -0.0963912358  
5000            6667.60716      5.60404936e-09  -0.171552514   
5000            6667.60716      9.96556558e-09  -0.305511706   
5000            6667.60716      1.77215601e-08  -0.544657278   
5000            6667.60716      3.15138854e-08  -0.972731809   
5000            6667.60716      5.60404936e-08  -1.74218489    
5000            6667.60716      9.96556558e-08  -3.13334998    
5000            6667.60716      1.77215601e-07  -5.66621356    
5000            6667.60716      3.15138854e-07  -10.3077992    
5000            6667.60716      5.60404936e-07  -18.8457041    
5000            6667.60716      9.96556558e-07  -34.5465777    
5000            6667.60716      1.77215601e-06  -63.3140756    
5000            6667.60716      3.15138854e-06  -115.736573    
5000            6667.60716      5.60404936e-06  -210.720662    
5000            6667.60716      9.96556558e-06  -381.954552    
5000            6667.60716      1.77215601e-05  -689.42663     
5000            6667.60716      3.15138854e-05  -1239.94932    
5000            6667.60716      5.60404936e-05  -2223.68992    
5000            6667.60716      9.96556558e-05  -3979.14864    
6667.60716      8891.39705      0               4.38285497e-09 
6667.60716      8891.39705      1.77215601e-10  -0.00270106234 
6667.60716      8891.39705      3.15138854e-10  -0.00480666613 
6667.60716      8891.39705      5.60404936e-10  -0.00855837724 
6667.60716      8891.39705      9.96556558e-10  -0.0152530842  
6667.60716      8891.39705      1.77215601e-09  -0.0272303813  
6667.60716      8891.39705      3.15138854e-09  -0.0487530729  
6667.60716      8891.39705      5.60404936e-09  -0.0877084805  
6667.60716      8891.39705      9.96556558e-09  -0.159006986   
6667.60716      8891.39705      1.77215601e-08  -0.291550331   
6667.60716      8891.39705      3.15138854e-08  -0.542525337   
6667.60716      8891.39705      5.60404936e-08  -1.02557127    
6667.60716      8891.39705      9.96556558e-08  -1.96232555    
6667.60716      8891.39705      1.77215601e-07  -3.77065921    
6667.60716      8891.39705      3.15138854e-07  -7.2146919     
6667.60716      8891.39705      5.60404936e-07  -13.6712952    
6667.60716      8891.39705      9.96556558e-07  -25.6170174    
6667.60716      8891.39705      1.77215601e-06  -47.511446     
6667.60716      8891.39705      3.15138854e-06  -87.3731435    
6667.60716      8891.39705      5.60404936e-06  -159.56617     
6667.60716      8891.39705      9.96556558e-06  -289.727512    
6667.60716      8891.39705      1.77215601e-05  -523.512441    
6667.60716      8891.39705      3.15138854e-05  -942.158056    
6667.60716      8891.39705      5.60404936e-05  -1690.1941     
6667.60716      8891.39705      9.96556558e-05  -3024.75215    
8891.39705      11856.8685      0               0.00543451424  
8891.39705      11856.8685      1.77215601e-10  0.00502325916  
8891.39705      11856.8685      3.15138854e-10  0.00469776356  
8891.39705      11856.8685      5.60404936e-10  0.00410727625  
8891.39705      11856.8685      9.96556558e-10  0.00302062683  
8891.39705      11856.8685      1.77215601e-09  0.000974132521 
8891.39705      11856.8685      3.15138854e-09  -0.00301726439 
8891.39705      11856.8685      5.60404936e-09  -0.0111821436  
8891.39705      11856.8685      9.96556558e-09  -0.0288376487  
8891.39705      11856.8685      1.77215601e-08  -0.0690079772  
8891.39705      11856.8685      3.15138854e-08  -0.163222295   
8891.39705      11856.8685      5.60404936e-08  -0.384091042   
8891.39705      11856.8685      9.96556558e-08  -0.88678945    
8891.39705      11856.8685      1.77215601e-07  -1.97859318    
8891.39705      11856.8685      3.15138854e-07  -4.23425955    
8891.39705      11856.8685      5.60404936e-07  -8.6950769     
8891.39705      11856.8685      9.96556558e-07  -17.2232558    
8891.39705      11856.8685      1.77215601e-06  -33.1431481    
8891.39705      11856.8685      3.15138854e-06  -62.4049711    
8891.39705      11856.8685      5.60404936e-06  -115.681865    
8891.39705      11856.8685      9.96556558e-06  -212.115841    
8891.39705      11856.8685      1.77215601e-05  -385.97071     
8891.39705      11856.8685      3.15138854e-05  -698.418745    
8891.39705      11856.8685      5.60404936e-05  -1258.4324     
8891.39705      11856.8685      9.96556558e-05  -2259.89179    
11856.8685      15811.3883      0               1.66027564e-05 
11856.8685      15811.3883      1.77215601e-10  -0.00182507886 
11856.8685      15811.3883      3.15138854e-10  -0.00325911129 
11856.8685      15811.3883      5.60404936e-10  -0.00581070963 
11856.8685      15811.3883      9.96556558e-10  -0.010352856   
11856.8685      15811.3883      1.77215601e-09  -0.0184448204  
11856.8685      15811.3883      3.15138854e-09  -0.0328808369  
11856.8685      15811.3883      5.60404936e-09  -0.0586959762  
11856.8685      15811.3883      9.96556558e-09  -0.105044635   
11856.8685      15811.3883      1.77215601e-08  -0.188795909   
11856.8685      15811.3883      3.15138854e-08  -0.341594272   
11856.8685      15811.3883      5.60404936e-08  -0.623929666   
11856.8685      15811.3883      9.96556558e-08  -1.15282444    
11856.8685      15811.3883      1.77215601e-07  -2.15385654    
11856.8685      15811.3883      3.15138854e-07  -4.05325173    
11856.8685      15811.3883      5.60404936e-07  -7.63588879    
11856.8685      15811.3883      9.96556558e-07  -14.3198866    
11856.8685      15811.3883      1.77215601e-06  -26.6439186    
11856.8685      15811.3883      3.15138854e-06  -49.1369389    
11856.8685      15811.3883      5.60404936e-06  -89.871625     
11856.8685      15811.3883      9.96556558e-06  -163.241113    
11856.8685      15811.3883      1.77215601e-05  -294.914298    
11856.8685      15811.3883      3.15138854e-05  -530.659509    
11856.8685      15811.3883      5.60404936e-05  -952.037156    
11856.8685      15811.3883      9.96556558e-05  -1704.2866     
15811.3883      21084.8252      0               4.11155513e-05 
15811.3883      21084.8252      1.77215601e-10  -0.00147921923 
15811.3883      21084.8252      3.15138854e-10  -0.0026628845  
15811.3883      21084.8252      5.60404936e-10  -0.00476867877 
15811.3883      21084.8252      9.96556558e-10  -0.00851622971 
15811.3883      21084.8252      1.77215601e-09  -0.0151894292  
15811.3883      21084.8252      3.15138854e-09  -0.0270845105  
15811.3883      21084.8252      5.60404936e-09  -0.0483254968  
15811.3883      21084.8252      9.96556558e-09  -0.0863703783  
15811.3883      21084.8252      1.77215601e-08  -0.154851878   
15811.3883      21084.8252      3.15138854e-08  -0.279068432   
15811.3883      21084.8252      5.60404936e-08  -0.506803733   
15811.3883      21084.8252      9.96556558e-08  -0.929610666   
15811.3883      21084.8252      1.77215601e-07  -1.72321895    
15811.3883      21084.8252      3.15138854e-07  -3.21962773    
15811.3883      21084.8252      5.60404936e-07  -6.02934471    
15811.3883      21084.8252      9.96556558e-07  -11.2485974    
15811.3883      21084.8252      1.77215601e-06  -20.8227508    
15811.3883      21084.8252      3.15138854e-06  -38.1970452    
15811.3883      21084.8252      5.60404936e-06  -69.4820474    
15811.3883      21084.8252      9.96556558e-06  -125.532153    
15811.3883      21084.8252      1.77215601e-05  -225.645458    
15811.3883      21084.8252      3.15138854e-05  -404.14812     
15811.3883      21084.8252      5.60404936e-05  -722.112682    
15811.3883      21084.8252      9.96556558e-05  -1288.20941    
21084.8252      28117.0663      0               2.37145059e-09 
21084.8252      28117.0663      1.77215601e-10  -0.00146015551 
21084.8252      28117.0663      3.15138854e-10  -0.00259661579 
21084.8252      28117.0663      5.60404936e-10  -0.00461766661 
21084.8252      28117.0663      9.96556558e-10  -0.00821199744 
21084.8252      28117.0663      1.77215601e-09  -0.0146047885  
21084.8252      28117.0663      3.15138854e-09  -0.0259763212  
21084.8252      28117.0663      5.60404936e-09  -0.0462086726  
21084.8252      28117.0663      9.96556558e-09  -0.0822206597  
21084.8252      28117.0663      1.77215601e-08  -0.14636356    
21084.8252      28117.0663      3.15138854e-08  -0.260746736   
21084.8252      28117.0663      5.60404936e-08  -0.465117671   
21084.8252      28117.0663      9.96556558e-08  -0.831376719   
21084.8252      28117.0663      1.77215601e-07  -1.49056675    
21084.8252      28117.0663      3.15138854e-07  -2.68305775    
21084.8252      28117.0663      5.60404936e-07  -4.85027586    
21084.8252      28117.0663      9.96556558e-07  -8.79743186    
21084.8252      28117.0663      1.77215601e-06  -15.9761614    
21084.8252      28117.0663      3.15138854e-06  -28.9775306    
21084.8252      28117.0663      5.60404936e-06  -52.406203     
21084.8252      28117.0663      9.96556558e-06  -94.4431215    
21084.8252      28117.0663      1.77215601e-05  -169.637274    
21084.8252      28117.0663      3.15138854e-05  -303.880761    
21084.8252      28117.0663      5.60404936e-05  -543.258113    
21084.8252      28117.0663      9.96556558e-05  -969.771886    
28117.0663      37494.7105      0               1.82240001e-09 
28117.0663      37494.7105      1.77215601e-10  -0.00112210001 
28117.0663      37494.7105      3.15138854e-10  -0.00199542745 
28117.0663      37494.7105      5.60404936e-10  -0.00354848803 
28117.0663      37494.7105      9.96556558e-10  -0.00631039135 
28117.0663      37494.7105      1.77215601e-09  -0.0112222305  
28117.0663      37494.7105      3.15138854e-09  -0.0199581266  
28117.0663      37494.7105      5.60404936e-09  -0.0354970079  
28117.0663      37494.7105      9.96556558e-09  -0.0631421258  
28117.0663      37494.7105      1.77215601e-08  -0.112342533   
28117.0663      37494.7105      3.15138854e-08  -0.199958239   
28117.0663      37494.7105      5.60404936e-08  -0.356144661   
28117.0663      37494.7105      9.96556558e-08  -0.635041451   
28117.0663      37494.7105      1.77215601e-07  -1.13438172    
28117.0663      37494.7105      3.15138854e-07  -2.03178582    
28117.0663      37494.7105      5.60404936e-07  -3.65201513    
28117.0663      37494.7105      9.96556558e-07  -6.5900159     
28117.0663      37494.7105      1.77215601e-06  -11.9308719    
28117.0663      37494.7105      3.15138854e-06  -21.6360826    
28117.0663      37494.7105      5.60404936e-06  -39.220921     
28117.0663      37494.7105      9.96556558e-06  -70.9505088    
28117.0663      37494.7105      1.77215601e-05  -127.963711    
28117.0663      37494.7105      3.15138854e-05  -230.055344    
28117.0663      37494.7105      5.60404936e-05  -412.415339    
28117.0663      37494.7105      9.96556558e-05  -737.626988    
37494.7105      50000           0               1.6287629e-09  
37494.7105      50000           1.77215601e-10  -0.00100284554 
37494.7105      50000           3.15138854e-10  -0.00178334085 
37494.7105      50000           5.60404936e-10  -0.00317127961 
37494.7105      50000           9.96556558e-10  -0.00563942257 
37494.7105      50000           1.77215601e-09  -0.0100284705  
37494.7105      50000           3.15138854e-09  -0.0178334247  
37494.7105      50000           5.60404936e-09  -0.0317128154  
37494.7105      50000           9.96556558e-09  -0.0563942553  
37494.7105      50000           1.77215601e-08  -0.100284767   
37494.7105      50000           3.15138854e-08  -0.17833441    
37494.7105      50000           5.60404936e-08  -0.31712864    
37494.7105      50000           9.96556558e-08  -0.563944056   
37494.7105      50000           1.77215601e-07  -1.00285239    
37494.7105      50000           3.15138854e-07  -1.78335896    
37494.7105      50000           5.60404936e-07  -3.17133321    
37494.7105      50000           9.96556558e-07  -5.63958769    
37494.7105      50000           1.77215601e-06  -10.0289844    
37494.7105      50000           3.15138854e-06  -17.8350203    
37494.7105      50000           5.60404936e-06  -31.7177189    
37494.7105      50000           9.96556558e-06  -56.4090402    
37494.7105      50000           1.77215601e-05  -100.328008    
37494.7105      50000           3.15138854e-05  -178.455346    
37494.7105      50000           5.60404936e-05  -317.447446    
37494.7105      50000           9.96556558e-05  -564.728313    
50000           66676.0716      0               1.21640653e-09 
50000           66676.0716      1.77215601e-10  -0.000748945809
50000           66676.0716      3.15138854e-10  -0.00133183588 
50000           66676.0716      5.60404936e-10  -0.00236837732 
50000           66676.0716      9.96556558e-10  -0.00421163775 
50000           66676.0716      1.77215601e-09  -0.00748947022 
50000           66676.0716      3.15138854e-09  -0.0133183734  
50000           66676.0716      5.60404936e-09  -0.0236837959  
50000           66676.0716      9.96556558e-09  -0.0421164257  
50000           66676.0716      1.77215601e-08  -0.0748948309  
50000           66676.0716      3.15138854e-08  -0.133184118   
50000           66676.0716      5.60404936e-08  -0.236839147   
50000           66676.0716      9.96556558e-08  -0.421167986   
50000           66676.0716      1.77215601e-07  -0.748960057   
50000           66676.0716      3.15138854e-07  -1.3318782     
50000           66676.0716      5.60404936e-07  -2.36850793    
50000           66676.0716      9.96556558e-07  -4.21204483    
50000           66676.0716      1.77215601e-06  -7.49073676    
50000           66676.0716      3.15138854e-06  -13.3222784    
50000           66676.0716      5.60404936e-06  -23.6956332    
50000           66676.0716      9.96556558e-06  -42.1513332    
50000           66676.0716      1.77215601e-05  -74.9936248    
50000           66676.0716      3.15138854e-05  -133.448608    
50000           66676.0716      5.60404936e-05  -237.501653    
50000           66676.0716      9.96556558e-05  -422.715565    
66676.0716      88913.9705      0               9.13544795e-10 
66676.0716      88913.9705      1.77215601e-10  -0.000562469228
66676.0716      88913.9705      3.15138854e-10  -0.00100022816 
66676.0716      88913.9705      5.60404936e-10  -0.00177868585 
66676.0716      88913.9705      9.96556558e-10  -0.00316300114 
66676.0716      88913.9705      1.77215601e-09  -0.00562470051 
66676.0716      88913.9705      3.15138854e-09  -0.0100022898  
66676.0716      88913.9705      5.60404936e-09  -0.0177868668  
66676.0716      88913.9705      9.96556558e-09  -0.03163002    
66676.0716      88913.9705      1.77215601e-08  -0.0562470145  
66676.0716      88913.9705      3.15138854e-08  -0.10002291    
66676.0716      88913.9705      5.60404936e-08  -0.177868688   
66676.0716      88913.9705      9.96556558e-08  -0.316300243   
66676.0716      88913.9705      1.77215601e-07  -0.562470266   
66676.0716      88913.9705      3.15138854e-07  -1.00022947    
66676.0716      88913.9705      5.60404936e-07  -1.77868801    
66676.0716      88913.9705      9.96556558e-07  -3.163006      
66676.0716      88913.9705      1.77215601e-06  -5.62471389    
66676.0716      88913.9705      3.15138854e-06  -10.0023301    
66676.0716      88913.9705      5.60404936e-06  -17.7869916    
66676.0716      88913.9705      9.96556558e-06  -31.6304098    
66676.0716      88913.9705      1.77215601e-05  -56.2482306    
66676.0716      88913.9705      3.15138854e-05  -100.026674    
66676.0716      88913.9705      5.60404936e-05  -177.880169    
66676.0716      88913.9705      9.96556558e-05  -316.334444    
88913.9705      118568.685      0               0.000945807287 
88913.9705      118568.685      1.77215601e-10  0.000571146286 
88913.9705      118568.685      3.15138854e-10  0.000279553878 
88913.9705      118568.685      5.60404936e-10  -0.000238982069
88913.9705      118568.685      9.96556558e-10  -0.00116109389 
88913.9705      118568.685      1.77215601e-09  -0.00280089805 
88913.9705      118568.685      3.15138854e-09  -0.0057170282  
88913.9705      118568.685      5.60404936e-09  -0.0109030389  
88913.9705      118568.685      9.96556558e-09  -0.0201262146  
88913.9705      118568.685      1.77215601e-08  -0.0365307508  
88913.9705      118568.685      3.15138854e-08  -0.0657125256  
88913.9705      118568.685      5.60404936e-08  -0.117637016   
88913.9705      118568.685      9.96556558e-08  -0.210070375   
88913.9705      118568.685      1.77215601e-07  -0.374742337   
88913.9705      118568.685      3.15138854e-07  -0.668482794   
88913.9705      118568.685      5.60404936e-07  -1.19350159    
88913.9705      118568.685      9.96556558e-07  -2.13457895    
88913.9705      118568.685      1.77215601e-06  -3.82732963    
88913.9705      118568.685      3.15138854e-06  -6.88210726    
88913.9705      118568.685      5.60404936e-06  -12.4041755    
88913.9705      118568.685      9.96556558e-06  -22.378698     
88913.9705      118568.685      1.77215601e-05  -40.3452196    
88913.9705      118568.685      3.15138854e-05  -72.592787     
88913.9705      118568.685      5.60404936e-05  -130.290212    
88913.9705      118568.685      9.96556558e-05  -233.282179    
118568.685      158113.883      0               5.06901188e-10 
118568.685      158113.883      1.77215601e-10  -0.00031210442 
118568.685      158113.883      3.15138854e-10  -0.000555009259
118568.685      158113.883      5.60404936e-10  -0.000986961933
118568.685      158113.883      9.96556558e-10  -0.00175509448 
118568.685      158113.883      1.77215601e-09  -0.00312104879 
118568.685      158113.883      3.15138854e-09  -0.00555009725 
118568.685      158113.883      5.60404936e-09  -0.00986962422 
118568.685      158113.883      9.96556558e-09  -0.0175509504  
118568.685      158113.883      1.77215601e-08  -0.0312104958  
118568.685      158113.883      3.15138854e-08  -0.0555009875  
118568.685      158113.883      5.60404936e-08  -0.0986962796  
118568.685      158113.883      9.96556558e-08  -0.175509613   
118568.685      158113.883      1.77215601e-07  -0.312105291   
118568.685      158113.883      3.15138854e-07  -0.555010917   
118568.685      158113.883      5.60404936e-07  -0.98696608    
118568.685      158113.883      9.96556558e-07  -1.75510649    
118568.685      158113.883      1.77215601e-06  -3.12108557    
118568.685      158113.883      3.15138854e-06  -5.550212      
118568.685      158113.883      5.60404936e-06  -9.86998339    
118568.685      158113.883      9.96556558e-06  -17.5520708    
118568.685      158113.883      1.77215601e-05  -31.2139604    
118568.685      158113.883      3.15138854e-05  -55.5115369    
118568.685      158113.883      5.60404936e-05  -98.7276073    
118568.685      158113.883      9.96556558e-05  -175.599201    
158113.883      210848.252      0               4.17293118e-05 
158113.883      210848.252      1.77215601e-10  -0.000189691991
158113.883      210848.252      3.15138854e-10  -0.000369802428
158113.883      210848.252      5.60404936e-10  -0.000690089117
158113.883      210848.252      9.96556558e-10  -0.00125964836 
158113.883      210848.252      1.77215601e-09  -0.00227248389 
158113.883      210848.252      3.15138854e-09  -0.00407358865 
158113.883      210848.252      5.60404936e-09  -0.00727645676 
158113.883      210848.252      9.96556558e-09  -0.0129720531  
158113.883      210848.252      1.77215601e-08  -0.0231004206  
158113.883      210848.252      3.15138854e-08  -0.0411115069  
158113.883      210848.252      5.60404936e-08  -0.0731403102  
158113.883      210848.252      9.96556558e-08  -0.130096659   
158113.883      210848.252      1.77215601e-07  -0.231381556   
158113.883      210848.252      3.15138854e-07  -0.411496275   
158113.883      210848.252      5.60404936e-07  -0.731796474   
158113.883      210848.252      9.96556558e-07  -1.30139829    
158113.883      210848.252      1.77215601e-06  -2.3143676     
158113.883      210848.252      3.15138854e-06  -4.11589071    
158113.883      210848.252      5.60404936e-06  -7.32005618    
158113.883      210848.252      9.96556558e-06  -13.0196193    
158113.883      210848.252      1.77215601e-05  -23.1598376    
158113.883      210848.252      3.15138854e-05  -41.2050733    
158113.883      210848.252      5.60404936e-05  -73.3273268    
158113.883      210848.252      9.96556558e-05  -130.523034    
210848.252      281170.663      0               0.000340342603 
210848.252      281170.663      1.77215601e-10  0.000165576091 
210848.252      281170.663      3.15138854e-10  2.95589133e-05 
210848.252      281170.663      5.60404936e-10  -0.000212317634
210848.252      281170.663      9.96556558e-10  -0.000642441717
210848.252      281170.663      1.77215601e-09  -0.00140732252 
210848.252      281170.663      3.15138854e-09  -0.0027674943  
210848.252      281170.663      5.60404936e-09  -0.00518625977 
210848.252      281170.663      9.96556558e-09  -0.0094875006  
210848.252      281170.663      1.77215601e-08  -0.0171363086  
210848.252      281170.663      3.15138854e-08  -0.0307380264  
210848.252      281170.663      5.60404936e-08  -0.0549256811  
210848.252      281170.663      9.96556558e-08  -0.0979380895  
210848.252      281170.663      1.77215601e-07  -0.17442617    
210848.252      281170.663      3.15138854e-07  -0.310443349   
210848.252      281170.663      5.60404936e-07  -0.552319898   
210848.252      281170.663      9.96556558e-07  -0.982443989   
210848.252      281170.663      1.77215601e-06  -1.74732482    
210848.252      281170.663      3.15138854e-06  -3.10749668    
210848.252      281170.663      5.60404936e-06  -5.52626241    
210848.252      281170.663      9.96556558e-06  -9.82750407    
210848.252      281170.663      1.77215601e-05  -17.4763147    
210848.252      281170.663      3.15138854e-05  -31.0780407    
210848.252      281170.663      5.60404936e-05  -55.2657215    
210848.252      281170.663      9.96556558e-05  -98.2782118    
281170.663      374947.105      0               1.16742616e-06 
281170.663      374947.105      1.77215601e-10  -0.000128296033
281170.663      374947.105      3.15138854e-10  -0.000229054778
281170.663      374947.105      5.60404936e-10  -0.00040823198 
281170.663      374947.105      9.96556558e-10  -0.000726859109
281170.663      374947.105      1.77215601e-09  -0.00129346718 
281170.663      374947.105      3.15138854e-09  -0.00230105464 
281170.663      374947.105      5.60404936e-09  -0.00409282673 
281170.663      374947.105      9.96556558e-09  -0.00727909822 
281170.663      374947.105      1.77215601e-08  -0.0129451795  
281170.663      374947.105      3.15138854e-08  -0.0230210562  
281170.663      374947.105      5.60404936e-08  -0.0409387834  
281170.663      374947.105      9.96556558e-08  -0.0728015184  
281170.663      374947.105      1.77215601e-07  -0.129462395   
281170.663      374947.105      3.15138854e-07  -0.230221362   
281170.663      374947.105      5.60404936e-07  -0.409399268   
281170.663      374947.105      9.96556558e-07  -0.728028622   
281170.663      374947.105      1.77215601e-06  -1.29464371    
281170.663      374947.105      3.15138854e-06  -2.30225332    
281170.663      374947.105      5.60404936e-06  -4.09409508    
281170.663      374947.105      9.96556558e-06  -7.28058496    
281170.663      374947.105      1.77215601e-05  -12.9473463    
281170.663      374947.105      3.15138854e-05  -23.0253161    
281170.663      374947.105      5.60404936e-05  -40.9493641    
281170.663      374947.105      9.96556558e-05  -72.8306072    
374947.105      500000          0               1.53403956e-10 
374947.105      500000          1.77215601e-10  -9.4452331e-05 
374947.105      500000          3.15138854e-10  -0.000167962755
374947.105      500000          5.60404936e-10  -0.000298684828
374947.105      500000          9.96556558e-10  -0.000531145199
374947.105      500000          1.77215601e-09  -0.000944524691
374947.105      500000          3.15138854e-09  -0.00167962893 
374947.105      500000          5.60404936e-09  -0.00298684966 
374947.105      500000          9.96556558e-09  -0.00531145337 
374947.105      500000          1.77215601e-08  -0.00944524829 
374947.105      500000          3.15138854e-08  -0.0167962907  
374947.105      500000          5.60404936e-08  -0.029868498   
374947.105      500000          9.96556558e-08  -0.0531145351  
374947.105      500000          1.77215601e-07  -0.0944524842  
374947.105      500000          3.15138854e-07  -0.167962908   
374947.105      500000          5.60404936e-07  -0.298684981   
374947.105      500000          9.96556558e-07  -0.531145352   
374947.105      500000          1.77215601e-06  -0.944524844   
374947.105      500000          3.15138854e-06  -1.67962908    
374947.105      500000          5.60404936e-06  -2.98684981    
374947.105      500000          9.96556558e-06  -5.31145352    
374947.105      500000          1.77215601e-05  -9.44524844    
374947.105      500000          3.15138854e-05  -16.7962908    
374947.105      500000          5.60404936e-05  -29.8684981    
374947.105      500000          9.96556558e-05  -53.1145352    
