### /nfs/slac/g/ki/ki20/cta/mdwood/fermi/dsph_pipeline/des_dwarfs/v6/p302_6yr_source_psf0123_point_gs_jsigma0.6/results/like_hydra_II.txt
#[0]emin(MeV) [1]emax(MeV) [2]eflux(MeV/cm^2/s) [3]deltaLogLike
500             666.760716      0               0.00160325653  
500             666.760716      1.77215601e-10  0.00181608163  
500             666.760716      3.15138854e-10  0.00197659586  
500             666.760716      5.60404936e-10  0.00225096552  
500             666.760716      9.96556558e-10  0.00270390466  
500             666.760716      1.77215601e-09  0.00339899529  
500             666.760716      3.15138854e-09  0.00428725668  
500             666.760716      5.60404936e-09  0.00477360329  
500             666.760716      9.96556558e-09  0.00221790878  
500             666.760716      1.77215601e-08  -0.0129447465  
500             666.760716      3.15138854e-08  -0.0724286482  
500             666.760716      5.60404936e-08  -0.275648421   
500             666.760716      9.96556558e-08  -0.919195397   
500             666.760716      1.77215601e-07  -2.84134704    
500             666.760716      3.15138854e-07  -8.26821785    
500             666.760716      5.60404936e-07  -22.7220003    
500             666.760716      9.96556558e-07  -59.0086651    
500             666.760716      1.77215601e-06  -145.104077    
500             666.760716      3.15138854e-06  -339.229431    
500             666.760716      5.60404936e-06  -758.015388    
500             666.760716      9.96556558e-06  -1628.05079    
500             666.760716      1.77215601e-05  -3378.58651    
500             666.760716      3.15138854e-05  -6806.54742    
500             666.760716      5.60404936e-05  -13369.443     
500             666.760716      9.96556558e-05  -25705.36      
666.760716      889.139705      0               -0.00979875843 
666.760716      889.139705      1.77215601e-10  -0.00932333099 
666.760716      889.139705      3.15138854e-10  -0.00896159543 
666.760716      889.139705      5.60404936e-10  -0.00833620927 
666.760716      889.139705      9.96556558e-10  -0.00728053813 
666.760716      889.139705      1.77215601e-09  -0.00558115908 
666.760716      889.139705      3.15138854e-09  -0.00311852083 
666.760716      889.139705      5.60404936e-09  -0.000490126709
666.760716      889.139705      9.96556558e-09  -0.00125494039 
666.760716      889.139705      1.77215601e-08  -0.0192896993  
666.760716      889.139705      3.15138854e-08  -0.101376544   
666.760716      889.139705      5.60404936e-08  -0.3922243     
666.760716      889.139705      9.96556558e-08  -1.30771763    
666.760716      889.139705      1.77215601e-07  -3.95538216    
666.760716      889.139705      3.15138854e-07  -11.0581219    
666.760716      889.139705      5.60404936e-07  -28.821134     
666.760716      889.139705      9.96556558e-07  -70.5254221    
666.760716      889.139705      1.77215601e-06  -163.301047    
666.760716      889.139705      3.15138854e-06  -360.706289    
666.760716      889.139705      5.60404936e-06  -765.74069     
666.760716      889.139705      9.96556558e-06  -1572.5024     
666.760716      889.139705      1.77215601e-05  -3141.11651    
666.760716      889.139705      3.15138854e-05  -6131.80763    
666.760716      889.139705      5.60404936e-05  -11743.716     
666.760716      889.139705      9.96556558e-05  -22139.082     
889.139705      1185.68685      0               0.00114346739  
889.139705      1185.68685      1.77215601e-10  -0.0024844203  
889.139705      1185.68685      3.15138854e-10  -0.00531643363 
889.139705      1185.68685      5.60404936e-10  -0.010370881   
889.139705      1185.68685      9.96556558e-10  -0.0194168584  
889.139705      1185.68685      1.77215601e-09  -0.0356845175  
889.139705      1185.68685      3.15138854e-09  -0.0651795982  
889.139705      1185.68685      5.60404936e-09  -0.119384305   
889.139705      1185.68685      9.96556558e-09  -0.221124117   
889.139705      1185.68685      1.77215601e-08  -0.417957853   
889.139705      1185.68685      3.15138854e-08  -0.813583075   
889.139705      1185.68685      5.60404936e-08  -1.6412161     
889.139705      1185.68685      9.96556558e-08  -3.4301431     
889.139705      1185.68685      1.77215601e-07  -7.36975301    
889.139705      1185.68685      3.15138854e-07  -16.0769079    
889.139705      1185.68685      5.60404936e-07  -35.1522568    
889.139705      1185.68685      9.96556558e-07  -76.2078357    
889.139705      1185.68685      1.77215601e-06  -162.549487    
889.139705      1185.68685      3.15138854e-06  -339.583108    
889.139705      1185.68685      5.60404936e-06  -693.618913    
889.139705      1185.68685      9.96556558e-06  -1385.64322    
889.139705      1185.68685      1.77215601e-05  -2711.7125     
889.139705      1185.68685      3.15138854e-05  -5210.55363    
889.139705      1185.68685      5.60404936e-05  -9854.86078    
889.139705      1185.68685      9.96556558e-05  -18391.2128    
1185.68685      1581.13883      0               -0.0326369034  
1185.68685      1581.13883      1.77215601e-10  -0.0313422885  
1185.68685      1581.13883      3.15138854e-10  -0.0303530618  
1185.68685      1581.13883      5.60404936e-10  -0.0286334243  
1185.68685      1581.13883      9.96556558e-10  -0.0256994482  
1185.68685      1581.13883      1.77215601e-09  -0.0208695671  
1185.68685      1581.13883      3.15138854e-09  -0.0134809936  
1185.68685      1581.13883      5.60404936e-09  -0.00400369155 
1185.68685      1581.13883      9.96556558e-09  0.00195478759  
1185.68685      1581.13883      1.77215601e-08  -0.0186227702  
1185.68685      1581.13883      3.15138854e-08  -0.139491117   
1185.68685      1581.13883      5.60404936e-08  -0.565961021   
1185.68685      1581.13883      9.96556558e-08  -1.81174375    
1185.68685      1581.13883      1.77215601e-07  -5.05746986    
1185.68685      1581.13883      3.15138854e-07  -12.8476861    
1185.68685      1581.13883      5.60404936e-07  -30.420792     
1185.68685      1581.13883      9.96556558e-07  -68.2080957    
1185.68685      1581.13883      1.77215601e-06  -146.435169    
1185.68685      1581.13883      3.15138854e-06  -303.441109    
1185.68685      1581.13883      5.60404936e-06  -610.594502    
1185.68685      1581.13883      9.96556558e-06  -1198.99218    
1185.68685      1581.13883      1.77215601e-05  -2307.15399    
1185.68685      1581.13883      3.15138854e-05  -4365.97802    
1185.68685      1581.13883      5.60404936e-05  -8149.83985    
1185.68685      1581.13883      9.96556558e-05  -15045.2828    
1581.13883      2108.48252      0               0.000775176686 
1581.13883      2108.48252      1.77215601e-10  -0.00460257595 
1581.13883      2108.48252      3.15138854e-10  -0.00879454735 
1581.13883      2108.48252      5.60404936e-10  -0.0162632301  
1581.13883      2108.48252      9.96556558e-10  -0.0295893323  
1581.13883      2108.48252      1.77215601e-09  -0.0534273017  
1581.13883      2108.48252      3.15138854e-09  -0.0962569414  
1581.13883      2108.48252      5.60404936e-09  -0.173781037   
1581.13883      2108.48252      9.96556558e-09  -0.315798195   
1581.13883      2108.48252      1.77215601e-08  -0.580740393   
1581.13883      2108.48252      3.15138854e-08  -1.08744389    
1581.13883      2108.48252      5.60404936e-08  -2.08487219    
1581.13883      2108.48252      9.96556558e-08  -4.10042886    
1581.13883      2108.48252      1.77215601e-07  -8.2385112     
1581.13883      2108.48252      3.15138854e-07  -16.7505761    
1581.13883      2108.48252      5.60404936e-07  -34.093352     
1581.13883      2108.48252      9.96556558e-07  -68.881054     
1581.13883      2108.48252      1.77215601e-06  -137.47297     
1581.13883      2108.48252      3.15138854e-06  -270.489636    
1581.13883      2108.48252      5.60404936e-06  -524.484462    
1581.13883      2108.48252      9.96556558e-06  -1002.69016    
1581.13883      2108.48252      1.77215601e-05  -1891.86809    
1581.13883      2108.48252      3.15138854e-05  -3527.84878    
1581.13883      2108.48252      5.60404936e-05  -6512.17119    
1581.13883      2108.48252      9.96556558e-05  -11919.6157    
2108.48252      2811.70663      0               8.73588988e-05 
2108.48252      2811.70663      1.77215601e-10  -0.00476271998 
2108.48252      2811.70663      3.15138854e-10  -0.00854551356 
2108.48252      2811.70663      5.60404936e-10  -0.0152897645  
2108.48252      2811.70663      9.96556558e-10  -0.0273375535  
2108.48252      2811.70663      1.77215601e-09  -0.0489326647  
2108.48252      2811.70663      3.15138854e-09  -0.0878641073  
2108.48252      2811.70663      5.60404936e-09  -0.158711559   
2108.48252      2811.70663      9.96556558e-09  -0.289515072   
2108.48252      2811.70663      1.77215601e-08  -0.535925761   
2108.48252      2811.70663      3.15138854e-08  -1.01146632    
2108.48252      2811.70663      5.60404936e-08  -1.95072074    
2108.48252      2811.70663      9.96556558e-08  -3.83553042    
2108.48252      2811.70663      1.77215601e-07  -7.6366281     
2108.48252      2811.70663      3.15138854e-07  -15.2642139    
2108.48252      2811.70663      5.60404936e-07  -30.396139     
2108.48252      2811.70663      9.96556558e-07  -59.9911864    
2108.48252      2811.70663      1.77215601e-06  -117.049096    
2108.48252      2811.70663      3.15138854e-06  -225.610853    
2108.48252      2811.70663      5.60404936e-06  -429.707268    
2108.48252      2811.70663      9.96556558e-06  -809.226124    
2108.48252      2811.70663      1.77215601e-05  -1508.00109    
2108.48252      2811.70663      3.15138854e-05  -2783.66318    
2108.48252      2811.70663      5.60404936e-05  -5096.32426    
2108.48252      2811.70663      9.96556558e-05  -9266.45651    
2811.70663      3749.47105      0               2.15549699e-05 
2811.70663      3749.47105      1.77215601e-10  -0.000787020386
2811.70663      3749.47105      3.15138854e-10  -0.00143288645 
2811.70663      3749.47105      5.60404936e-10  -0.0026170119  
2811.70663      3749.47105      9.96556558e-10  -0.004834228   
2811.70663      3749.47105      1.77215601e-09  -0.00912389944 
2811.70663      3749.47105      3.15138854e-09  -0.0178176443  
2811.70663      3749.47105      5.60404936e-09  -0.0364823625  
2811.70663      3749.47105      9.96556558e-09  -0.0789819102  
2811.70663      3749.47105      1.77215601e-08  -0.180149536   
2811.70663      3749.47105      3.15138854e-08  -0.424992482   
2811.70663      3749.47105      5.60404936e-08  -1.00872357    
2811.70663      3749.47105      9.96556558e-08  -2.34727331    
2811.70663      3749.47105      1.77215601e-07  -5.27022181    
2811.70663      3749.47105      3.15138854e-07  -11.3638012    
2811.70663      3749.47105      5.60404936e-07  -23.6002485    
2811.70663      3749.47105      9.96556558e-07  -47.4970874    
2811.70663      3749.47105      1.77215601e-06  -93.2266794    
2811.70663      3749.47105      3.15138854e-06  -179.397743    
2811.70663      3749.47105      5.60404936e-06  -339.759872    
2811.70663      3749.47105      9.96556558e-06  -635.075899    
2811.70663      3749.47105      1.77215601e-05  -1174.23126    
2811.70663      3749.47105      3.15138854e-05  -2151.8372     
2811.70663      3749.47105      5.60404936e-05  -3915.18029    
2811.70663      3749.47105      9.96556558e-05  -7083.34974    
3749.47105      5000            0               9.34232958e-09 
3749.47105      5000            1.77215601e-10  -0.00575319661 
3749.47105      5000            3.15138854e-10  -0.0102327913  
3749.47105      5000            5.60404936e-10  -0.0182030617  
3749.47105      5000            9.96556558e-10  -0.0323899797  
3749.47105      5000            1.77215601e-09  -0.0576608783  
3749.47105      5000            3.15138854e-09  -0.10273288    
3749.47105      5000            5.60404936e-09  -0.18329721    
3749.47105      5000            9.96556558e-09  -0.327829598   
3749.47105      5000            1.77215601e-08  -0.58863534    
3749.47105      5000            3.15138854e-08  -1.06331362    
3749.47105      5000            5.60404936e-08  -1.93692853    
3749.47105      5000            9.96556558e-08  -3.56376975    
3749.47105      5000            1.77215601e-07  -6.61988423    
3749.47105      5000            3.15138854e-07  -12.3761909    
3749.47105      5000            5.60404936e-07  -23.1810255    
3749.47105      5000            9.96556558e-07  -43.3229211    
3749.47105      5000            1.77215601e-06  -80.5853291    
3749.47105      5000            3.15138854e-06  -149.038423    
3749.47105      5000            5.60404936e-06  -274.031669    
3749.47105      5000            9.96556558e-06  -501.10148     
3749.47105      5000            1.77215601e-05  -911.825942    
3749.47105      5000            3.15138854e-05  -1652.00443    
3749.47105      5000            5.60404936e-05  -2981.74192    
3749.47105      5000            9.96556558e-05  -5364.48916    
5000            6667.60716      0               -0.325555339   
5000            6667.60716      1.77215601e-10  -0.315852863   
5000            6667.60716      3.15138854e-10  -0.30847833    
5000            6667.60716      5.60404936e-10  -0.295733908   
5000            6667.60716      9.96556558e-10  -0.274185151   
5000            6667.60716      1.77215601e-09  -0.239113662   
5000            6667.60716      3.15138854e-09  -0.185710006   
5000            6667.60716      5.60404936e-09  -0.113502531   
5000            6667.60716      9.96556558e-09  -0.0365666642  
5000            6667.60716      1.77215601e-08  -0.00054297627 
5000            6667.60716      3.15138854e-08  -0.105259751   
5000            6667.60716      5.60404936e-08  -0.53542379    
5000            6667.60716      9.96556558e-08  -1.61347412    
5000            6667.60716      1.77215601e-07  -3.90176379    
5000            6667.60716      3.15138854e-07  -8.39700693    
5000            6667.60716      5.60404936e-07  -16.8913638    
5000            6667.60716      9.96556558e-07  -32.6345256    
5000            6667.60716      1.77215601e-06  -61.531369     
5000            6667.60716      3.15138854e-06  -114.27532     
5000            6667.60716      5.60404936e-06  -210.116284    
5000            6667.60716      9.96556558e-06  -383.521869    
5000            6667.60716      1.77215601e-05  -696.001528    
5000            6667.60716      3.15138854e-05  -1257.14115    
5000            6667.60716      5.60404936e-05  -2262.03536    
5000            6667.60716      9.96556558e-05  -4057.8926     
6667.60716      8891.39705      0               0.000210119401 
6667.60716      8891.39705      1.77215601e-10  -0.00445091158 
6667.60716      8891.39705      3.15138854e-10  -0.00807858113 
6667.60716      8891.39705      5.60404936e-10  -0.0145297751  
6667.60716      8891.39705      9.96556558e-10  -0.0260023818  
6667.60716      8891.39705      1.77215601e-09  -0.0464057187  
6667.60716      8891.39705      3.15138854e-09  -0.0826943497  
6667.60716      8891.39705      5.60404936e-09  -0.147243951   
6667.60716      8891.39705      9.96556558e-09  -0.262088656   
6667.60716      8891.39705      1.77215601e-08  -0.466494631   
6667.60716      8891.39705      3.15138854e-08  -0.830545135   
6667.60716      8891.39705      5.60404936e-08  -1.47964601    
6667.60716      8891.39705      9.96556558e-08  -2.6390861     
6667.60716      8891.39705      1.77215601e-07  -4.71583789    
6667.60716      8891.39705      3.15138854e-07  -8.44982214    
6667.60716      8891.39705      5.60404936e-07  -15.1932798    
6667.60716      8891.39705      9.96556558e-07  -27.4196555    
6667.60716      8891.39705      1.77215601e-06  -49.6319418    
6667.60716      8891.39705      3.15138854e-06  -89.9644659    
6667.60716      8891.39705      5.60404936e-06  -163.013076    
6667.60716      8891.39705      9.96556558e-06  -294.868636    
6667.60716      8891.39705      1.77215601e-05  -532.092551    
6667.60716      8891.39705      3.15138854e-05  -957.713167    
6667.60716      8891.39705      5.60404936e-05  -1719.69814    
6667.60716      8891.39705      9.96556558e-05  -3081.57985    
8891.39705      11856.8685      0               -0.037435142   
8891.39705      11856.8685      1.77215601e-10  -0.0360783898  
8891.39705      11856.8685      3.15138854e-10  -0.0350432067  
8891.39705      11856.8685      5.60404936e-10  -0.0332467144  
8891.39705      11856.8685      9.96556558e-10  -0.0301899848  
8891.39705      11856.8685      1.77215601e-09  -0.0251778778  
8891.39705      11856.8685      3.15138854e-09  -0.0175381077  
8891.39705      11856.8685      5.60404936e-09  -0.00764320848 
8891.39705      11856.8685      9.96556558e-09  -0.0001444309  
8891.39705      11856.8685      1.77215601e-08  -0.0121277416  
8891.39705      11856.8685      3.15138854e-08  -0.0897516516  
8891.39705      11856.8685      5.60404936e-08  -0.335943816   
8891.39705      11856.8685      9.96556558e-08  -0.951244659   
8891.39705      11856.8685      1.77215601e-07  -2.29711144    
8891.39705      11856.8685      3.15138854e-07  -5.00733544    
8891.39705      11856.8685      5.60404936e-07  -10.1931073    
8891.39705      11856.8685      9.96556558e-07  -19.8154154    
8891.39705      11856.8685      1.77215601e-06  -37.3520498    
8891.39705      11856.8685      3.15138854e-06  -68.9875567    
8891.39705      11856.8685      5.60404936e-06  -125.736992    
8891.39705      11856.8685      9.96556558e-06  -227.23936     
8891.39705      11856.8685      1.77215601e-05  -408.530754    
8891.39705      11856.8685      3.15138854e-05  -732.115534    
8891.39705      11856.8685      5.60404936e-05  -1309.43567    
8891.39705      11856.8685      9.96556558e-05  -2339.0214     
11856.8685      15811.3883      0               4.32737579e-09 
11856.8685      15811.3883      1.77215601e-10  -0.00266450381 
11856.8685      15811.3883      3.15138854e-10  -0.00473827962 
11856.8685      15811.3883      5.60404936e-10  -0.00842612755 
11856.8685      15811.3883      9.96556558e-10  -0.0149844521  
11856.8685      15811.3883      1.77215601e-09  -0.0266479354  
11856.8685      15811.3883      3.15138854e-09  -0.0473918658  
11856.8685      15811.3883      5.60404936e-09  -0.0842898262  
11856.8685      15811.3883      9.96556558e-09  -0.149934467   
11856.8685      15811.3883      1.77215601e-08  -0.266762277   
11856.8685      15811.3883      3.15138854e-08  -0.474805366   
11856.8685      15811.3883      5.60404936e-08  -0.84565899    
11856.8685      15811.3883      9.96556558e-08  -1.50784286    
11856.8685      15811.3883      1.77215601e-07  -2.69329148    
11856.8685      15811.3883      3.15138854e-07  -4.82328343    
11856.8685      15811.3883      5.60404936e-07  -8.66737259    
11856.8685      15811.3883      9.96556558e-07  -15.6336732    
11856.8685      15811.3883      1.77215601e-06  -28.2875094    
11856.8685      15811.3883      3.15138854e-06  -51.2631743    
11856.8685      15811.3883      5.60404936e-06  -92.8673935    
11856.8685      15811.3883      9.96556558e-06  -167.923873    
11856.8685      15811.3883      1.77215601e-05  -302.840687    
11856.8685      15811.3883      3.15138854e-05  -544.632673    
11856.8685      15811.3883      5.60404936e-05  -976.975958    
11856.8685      15811.3883      9.96556558e-05  -1748.77824    
15811.3883      21084.8252      0               2.18051355e-09 
15811.3883      21084.8252      1.77215601e-10  -0.001342684   
15811.3883      21084.8252      3.15138854e-10  -0.00238789477 
15811.3883      21084.8252      5.60404936e-10  -0.00424705929 
15811.3883      21084.8252      9.96556558e-10  -0.00755471384 
15811.3883      21084.8252      1.77215601e-09  -0.0134415092  
15811.3883      21084.8252      3.15138854e-09  -0.0239251921  
15811.3883      21084.8252      5.60404936e-09  -0.0426162228  
15811.3883      21084.8252      9.96556558e-09  -0.0760044748  
15811.3883      21084.8252      1.77215601e-08  -0.13584395    
15811.3883      21084.8252      3.15138854e-08  -0.24367626    
15811.3883      21084.8252      5.60404936e-08  -0.439655289   
15811.3883      21084.8252      9.96556558e-08  -0.80018589    
15811.3883      21084.8252      1.77215601e-07  -1.47335227    
15811.3883      21084.8252      3.15138854e-07  -2.74806646    
15811.3883      21084.8252      5.60404936e-07  -5.18142015    
15811.3883      21084.8252      9.96556558e-07  -9.82085629    
15811.3883      21084.8252      1.77215601e-06  -18.5870819    
15811.3883      21084.8252      3.15138854e-06  -34.9476092    
15811.3883      21084.8252      5.60404936e-06  -65.1164235    
15811.3883      21084.8252      9.96556558e-06  -120.189039    
15811.3883      21084.8252      1.77215601e-05  -219.938734    
15811.3883      21084.8252      3.15138854e-05  -399.571787    
15811.3883      21084.8252      5.60404936e-05  -721.751919    
15811.3883      21084.8252      9.96556558e-05  -1297.99608    
21084.8252      28117.0663      0               2.65106337e-09 
21084.8252      28117.0663      1.77215601e-10  -0.00163226486 
21084.8252      28117.0663      3.15138854e-10  -0.00290263326 
21084.8252      28117.0663      5.60404936e-10  -0.00516172098 
21084.8252      28117.0663      9.96556558e-10  -0.00917906622 
21084.8252      28117.0663      1.77215601e-09  -0.0163232058  
21084.8252      28117.0663      3.15138854e-09  -0.0290280422  
21084.8252      28117.0663      5.60404936e-09  -0.0516225598  
21084.8252      28117.0663      9.96556558e-09  -0.0918075035  
21084.8252      28117.0663      1.77215601e-08  -0.16328512    
21084.8252      28117.0663      3.15138854e-08  -0.290447369   
21084.8252      28117.0663      5.60404936e-08  -0.516749051   
21084.8252      28117.0663      9.96556558e-08  -0.919705998   
21084.8252      28117.0663      1.77215601e-07  -1.63787792    
21084.8252      28117.0663      3.15138854e-07  -2.91968646    
21084.8252      28117.0663      5.60404936e-07  -5.21220194    
21084.8252      28117.0663      9.96556558e-07  -9.32278273    
21084.8252      28117.0663      1.77215601e-06  -16.7111587    
21084.8252      28117.0663      3.15138854e-06  -30.0095795    
21084.8252      28117.0663      5.60404936e-06  -53.9382247    
21084.8252      28117.0663      9.96556558e-06  -96.9158643    
21084.8252      28117.0663      1.77215601e-05  -173.914418    
21084.8252      28117.0663      3.15138854e-05  -311.543802    
21084.8252      28117.0663      5.60404936e-05  -557.114529    
21084.8252      28117.0663      9.96556558e-05  -994.771072    
28117.0663      37494.7105      0               2.17340812e-09 
28117.0663      37494.7105      1.77215601e-10  -0.00133820359 
28117.0663      37494.7105      3.15138854e-10  -0.00237970197 
28117.0663      37494.7105      5.60404936e-10  -0.00423177795 
28117.0663      37494.7105      9.96556558e-10  -0.0075252892  
28117.0663      37494.7105      1.77215601e-09  -0.0133820809  
28117.0663      37494.7105      3.15138854e-09  -0.0237971198  
28117.0663      37494.7105      5.60404936e-09  -0.0423180538  
28117.0663      37494.7105      9.96556558e-09  -0.0752537168  
28117.0663      37494.7105      1.77215601e-08  -0.133823373   
28117.0663      37494.7105      3.15138854e-08  -0.237979254   
28117.0663      37494.7105      5.60404936e-08  -0.423205907   
28117.0663      37494.7105      9.96556558e-08  -0.752617011   
28117.0663      37494.7105      1.77215601e-07  -1.33848429    
28117.0663      37494.7105      3.15138854e-07  -2.38057441    
28117.0663      37494.7105      5.60404936e-07  -4.23447521    
28117.0663      37494.7105      9.96556558e-07  -7.53351352    
28117.0663      37494.7105      1.77215601e-06  -13.4065659    
28117.0663      37494.7105      3.15138854e-06  -23.8673753    
28117.0663      37494.7105      5.60404936e-06  -42.5094742    
28117.0663      37494.7105      9.96556558e-06  -75.7425519    
28117.0663      37494.7105      1.77215601e-05  -134.985796    
28117.0663      37494.7105      3.15138854e-05  -240.558886    
28117.0663      37494.7105      5.60404936e-05  -428.597661    
28117.0663      37494.7105      9.96556558e-05  -763.360921    
37494.7105      50000           0               1.41957912e-09 
37494.7105      50000           1.77215601e-10  -0.000874077336
37494.7105      50000           3.15138854e-10  -0.00155437176 
37494.7105      50000           5.60404936e-10  -0.00276416192 
37494.7105      50000           9.96556558e-10  -0.00491562249 
37494.7105      50000           1.77215601e-09  -0.00874188593 
37494.7105      50000           3.15138854e-09  -0.0155472051  
37494.7105      50000           5.60404936e-09  -0.0276526027  
37494.7105      50000           9.96556558e-09  -0.0491908331  
37494.7105      50000           1.77215601e-08  -0.0875277296  
37494.7105      50000           3.15138854e-08  -0.155813293   
37494.7105      50000           5.60404936e-08  -0.277588601   
37494.7105      50000           9.96556558e-08  -0.495179596   
37494.7105      50000           1.77215601e-07  -0.885158001   
37494.7105      50000           3.15138854e-07  -1.58707455    
37494.7105      50000           5.60404936e-07  -2.85680437    
37494.7105      50000           9.96556558e-07  -5.16381438    
37494.7105      50000           1.77215601e-06  -9.36332954    
37494.7105      50000           3.15138854e-06  -16.9951855    
37494.7105      50000           5.60404936e-06  -30.805424     
37494.7105      50000           9.96556558e-06  -55.6710481    
37494.7105      50000           1.77215601e-05  -100.251118    
37494.7105      50000           3.15138854e-05  -179.932647    
37494.7105      50000           5.60404936e-05  -322.078079    
37494.7105      50000           9.96556558e-05  -575.365298    
50000           66676.0716      0               1.21448807e-09 
50000           66676.0716      1.77215601e-10  -0.000747766306
50000           66676.0716      3.15138854e-10  -0.00132973867 
50000           66676.0716      5.60404936e-10  -0.0023646488  
50000           66676.0716      9.96556558e-10  -0.00420501024 
50000           66676.0716      1.77215601e-09  -0.00747769364 
50000           66676.0716      3.15138854e-09  -0.0132974598  
50000           66676.0716      5.60404936e-09  -0.0236466954  
50000           66676.0716      9.96556558e-09  -0.0420507343  
50000           66676.0716      1.77215601e-08  -0.0747789096  
50000           66676.0716      3.15138854e-08  -0.132980808   
50000           66676.0716      5.60404936e-08  -0.23648653    
50000           66676.0716      9.96556558e-08  -0.420569015   
50000           66676.0716      1.77215601e-07  -0.747982931   
50000           66676.0716      3.15138854e-07  -1.33041458    
50000           66676.0716      5.60404936e-07  -2.36674816    
50000           66676.0716      9.96556558e-07  -4.21145749    
50000           66676.0716      1.77215601e-06  -7.49710878    
50000           66676.0716      3.15138854e-06  -13.3541527    
50000           66676.0716      5.60404936e-06  -23.805064     
50000           66676.0716      9.96556558e-06  -42.4684898    
50000           66676.0716      1.77215601e-05  -75.8110084    
50000           66676.0716      3.15138854e-05  -135.367149    
50000           66676.0716      5.60404936e-05  -241.679668    
50000           66676.0716      9.96556558e-05  -431.30151     
66676.0716      88913.9705      0               9.38285893e-10 
66676.0716      88913.9705      1.77215601e-10  -0.000577692801
66676.0716      88913.9705      3.15138854e-10  -0.00102729994 
66676.0716      88913.9705      5.60404936e-10  -0.00182682707 
66676.0716      88913.9705      9.96556558e-10  -0.00324860969 
66676.0716      88913.9705      1.77215601e-09  -0.00577693646 
66676.0716      88913.9705      3.15138854e-09  -0.0102730079  
66676.0716      88913.9705      5.60404936e-09  -0.0182682792  
66676.0716      88913.9705      9.96556558e-09  -0.0324861056  
66676.0716      88913.9705      1.77215601e-08  -0.0577693739  
66676.0716      88913.9705      3.15138854e-08  -0.10273009    
66676.0716      88913.9705      5.60404936e-08  -0.182682809   
66676.0716      88913.9705      9.96556558e-08  -0.324861092   
66676.0716      88913.9705      1.77215601e-07  -0.577693833   
66676.0716      88913.9705      3.15138854e-07  -1.02730118    
66676.0716      88913.9705      5.60404936e-07  -1.82682895    
66676.0716      88913.9705      9.96556558e-07  -3.24861362    
66676.0716      88913.9705      1.77215601e-06  -5.77694683    
66676.0716      88913.9705      3.15138854e-06  -10.2730386    
66676.0716      88913.9705      5.60404936e-06  -18.2683741    
66676.0716      88913.9705      9.96556558e-06  -32.4864024    
66676.0716      88913.9705      1.77215601e-05  -57.7703027    
66676.0716      88913.9705      3.15138854e-05  -102.732984    
66676.0716      88913.9705      5.60404936e-05  -182.691737    
66676.0716      88913.9705      9.96556558e-05  -324.888179    
88913.9705      118568.685      0               7.58508422e-06 
88913.9705      118568.685      1.77215601e-10  -0.00041303245 
88913.9705      118568.685      3.15138854e-10  -0.000740390501
88913.9705      118568.685      5.60404936e-10  -0.00132252477 
88913.9705      118568.685      9.96556558e-10  -0.00235772273 
88913.9705      118568.685      1.77215601e-09  -0.00419859579 
88913.9705      118568.685      3.15138854e-09  -0.00747218826 
88913.9705      118568.685      5.60404936e-09  -0.0132935687  
88913.9705      118568.685      9.96556558e-09  -0.0236456679  
88913.9705      118568.685      1.77215601e-08  -0.0420547765  
88913.9705      118568.685      3.15138854e-08  -0.0747918955  
88913.9705      118568.685      5.60404936e-08  -0.133009472   
88913.9705      118568.685      9.96556558e-08  -0.236542361   
88913.9705      118568.685      1.77215601e-07  -0.420670912   
88913.9705      118568.685      3.15138854e-07  -0.748159689   
88913.9705      118568.685      5.60404936e-07  -1.3307024     
88913.9705      118568.685      9.96556558e-07  -2.36716512    
88913.9705      118568.685      1.77215601e-06  -4.21189516    
88913.9705      118568.685      3.15138854e-06  -7.49695893    
88913.9705      118568.685      5.60404936e-06  -13.3511535    
88913.9705      118568.685      9.96556558e-06  -23.792014     
88913.9705      118568.685      1.77215601e-05  -42.4245748    
88913.9705      118568.685      3.15138854e-05  -75.6807241    
88913.9705      118568.685      5.60404936e-05  -135.01388     
88913.9705      118568.685      9.96556558e-05  -240.79402     
118568.685      158113.883      0               2.79120383e-06 
118568.685      158113.883      1.77215601e-10  -0.000306743532
118568.685      158113.883      3.15138854e-10  -0.000547648095
118568.685      158113.883      5.60404936e-10  -0.000976043829
118568.685      158113.883      9.96556558e-10  -0.00173785149 
118568.685      158113.883      1.77215601e-09  -0.00309255948 
118568.685      158113.883      3.15138854e-09  -0.00550161228 
118568.685      158113.883      5.60404936e-09  -0.00978559232 
118568.685      158113.883      9.96556558e-09  -0.0174037407  
118568.685      158113.883      1.77215601e-08  -0.0309510474  
118568.685      158113.883      3.15138854e-08  -0.0550422925  
118568.685      158113.883      5.60404936e-08  -0.0978843584  
118568.685      158113.883      9.96556558e-08  -0.174072995   
118568.685      158113.883      1.77215601e-07  -0.309568614   
118568.685      158113.883      3.15138854e-07  -0.550552017   
118568.685      158113.883      5.60404936e-07  -0.979195025   
118568.685      158113.883      9.96556558e-07  -1.74177343    
118568.685      158113.883      1.77215601e-06  -3.09885837    
118568.685      158113.883      3.15138854e-06  -5.51511236    
118568.685      158113.883      5.60404936e-06  -9.82029657    
118568.685      158113.883      9.96556558e-06  -17.4982759    
118568.685      158113.883      1.77215601e-05  -31.2048956    
118568.685      158113.883      3.15138854e-05  -55.6918039    
118568.685      158113.883      5.60404936e-05  -99.4474294    
118568.685      158113.883      9.96556558e-05  -177.60823     
158113.883      210848.252      0               0.000275130993 
158113.883      210848.252      1.77215601e-10  3.48434845e-05 
158113.883      210848.252      3.15138854e-10  -0.000152167336
158113.883      210848.252      5.60404936e-10  -0.000484724828
158113.883      210848.252      9.96556558e-10  -0.00107610497 
158113.883      210848.252      1.77215601e-09  -0.00212774409 
158113.883      210848.252      3.15138854e-09  -0.0039978523  
158113.883      210848.252      5.60404936e-09  -0.00732342722 
158113.883      210848.252      9.96556558e-09  -0.0132372286  
158113.883      210848.252      1.77215601e-08  -0.0237536199  
158113.883      210848.252      3.15138854e-08  -0.042454702   
158113.883      210848.252      5.60404936e-08  -0.0757104514  
158113.883      210848.252      9.96556558e-08  -0.134848466   
158113.883      210848.252      1.77215601e-07  -0.240012381   
158113.883      210848.252      3.15138854e-07  -0.427023209   
158113.883      210848.252      5.60404936e-07  -0.759580722   
158113.883      210848.252      9.96556558e-07  -1.35096093    
158113.883      210848.252      1.77215601e-06  -2.40260028    
158113.883      210848.252      3.15138854e-06  -4.27270919    
158113.883      210848.252      5.60404936e-06  -7.59828633    
158113.883      210848.252      9.96556558e-06  -13.5120948    
158113.883      210848.252      1.77215601e-05  -24.0285082    
158113.883      210848.252      3.15138854e-05  -42.72966      
158113.883      210848.252      5.60404936e-05  -75.9856278    
158113.883      210848.252      9.96556558e-05  -135.124323    
210848.252      281170.663      0               2.91586311e-10 
210848.252      281170.663      1.77215601e-10  -0.000179532519
210848.252      281170.663      3.15138854e-10  -0.000319259209
210848.252      281170.663      5.60404936e-10  -0.000567732305
210848.252      281170.663      9.96556558e-10  -0.0010095869  
210848.252      281170.663      1.77215601e-09  -0.00179532782 
210848.252      281170.663      3.15138854e-09  -0.00319259472 
210848.252      281170.663      5.60404936e-09  -0.00567732567 
210848.252      281170.663      9.96556558e-09  -0.0100958716  
210848.252      281170.663      1.77215601e-08  -0.0179532808  
210848.252      281170.663      3.15138854e-08  -0.0319259498  
210848.252      281170.663      5.60404936e-08  -0.0567732594  
210848.252      281170.663      9.96556558e-08  -0.100958718   
210848.252      281170.663      1.77215601e-07  -0.17953281    
210848.252      281170.663      3.15138854e-07  -0.3192595     
210848.252      281170.663      5.60404936e-07  -0.567732596   
210848.252      281170.663      9.96556558e-07  -1.00958719    
210848.252      281170.663      1.77215601e-06  -1.79532811    
210848.252      281170.663      3.15138854e-06  -3.19259501    
210848.252      281170.663      5.60404936e-06  -5.67732597    
210848.252      281170.663      9.96556558e-06  -10.0958719    
210848.252      281170.663      1.77215601e-05  -17.9532811    
210848.252      281170.663      3.15138854e-05  -31.9259501    
210848.252      281170.663      5.60404936e-05  -56.7732597    
210848.252      281170.663      9.96556558e-05  -100.958719    
281170.663      374947.105      0               2.16745732e-10 
281170.663      374947.105      1.77215601e-10  -0.00013345258 
281170.663      374947.105      3.15138854e-10  -0.000237316144
281170.663      374947.105      5.60404936e-10  -0.00042201458 
281170.663      374947.105      9.96556558e-10  -0.000750460008
281170.663      374947.105      1.77215601e-09  -0.00133452775 
281170.663      374947.105      3.15138854e-09  -0.00237316339 
281170.663      374947.105      5.60404936e-09  -0.00422014775 
281170.663      374947.105      9.96556558e-09  -0.00750460203 
281170.663      374947.105      1.77215601e-08  -0.0133452794  
281170.663      374947.105      3.15138854e-08  -0.0237316358  
281170.663      374947.105      5.60404936e-08  -0.0422014795  
281170.663      374947.105      9.96556558e-08  -0.0750460222  
281170.663      374947.105      1.77215601e-07  -0.133452796   
281170.663      374947.105      3.15138854e-07  -0.23731636    
281170.663      374947.105      5.60404936e-07  -0.422014797   
281170.663      374947.105      9.96556558e-07  -0.750460224   
281170.663      374947.105      1.77215601e-06  -1.33452796    
281170.663      374947.105      3.15138854e-06  -2.3731636     
281170.663      374947.105      5.60404936e-06  -4.22014797    
281170.663      374947.105      9.96556558e-06  -7.50460224    
281170.663      374947.105      1.77215601e-05  -13.3452797    
281170.663      374947.105      3.15138854e-05  -23.731636     
281170.663      374947.105      5.60404936e-05  -42.2014797    
281170.663      374947.105      9.96556558e-05  -75.0460224    
374947.105      500000          0               1.57601487e-10 
374947.105      500000          1.77215601e-10  -9.70365143e-05
374947.105      500000          3.15138854e-10  -0.000172558158
374947.105      500000          5.60404936e-10  -0.000306856742
374947.105      500000          9.96556558e-10  -0.000545677149
374947.105      500000          1.77215601e-09  -0.000970366561
374947.105      500000          3.15138854e-09  -0.001725583   
374947.105      500000          5.60404936e-09  -0.00306856884 
374947.105      500000          9.96556558e-09  -0.00545677291 
374947.105      500000          1.77215601e-08  -0.00970366703 
374947.105      500000          3.15138854e-08  -0.0172558314  
374947.105      500000          5.60404936e-08  -0.0306856898  
374947.105      500000          9.96556558e-08  -0.0545677305  
374947.105      500000          1.77215601e-07  -0.0970366717  
374947.105      500000          3.15138854e-07  -0.172558315   
374947.105      500000          5.60404936e-07  -0.306856899   
374947.105      500000          9.96556558e-07  -0.545677306   
374947.105      500000          1.77215601e-06  -0.970366718   
374947.105      500000          3.15138854e-06  -1.72558316    
374947.105      500000          5.60404936e-06  -3.068569      
374947.105      500000          9.96556558e-06  -5.45677306    
374947.105      500000          1.77215601e-05  -9.70366718    
374947.105      500000          3.15138854e-05  -17.2558316    
374947.105      500000          5.60404936e-05  -30.68569      
374947.105      500000          9.96556558e-05  -54.5677306    
