### /nfs/slac/g/ki/ki20/cta/mdwood/fermi/dsph_pipeline/des_dwarfs/v6/p302_6yr_source_psf0123_point_gs_jsigma0.6/results/like_grus_II.txt
#[0]emin(MeV) [1]emax(MeV) [2]eflux(MeV/cm^2/s) [3]deltaLogLike
500             666.760716      0               -0.235228999   
500             666.760716      1.77215601e-10  -0.232730117   
500             666.760716      3.15138854e-10  -0.230795189   
500             666.760716      5.60404936e-10  -0.227375728   
500             666.760716      9.96556558e-10  -0.221362463   
500             666.760716      1.77215601e-09  -0.210881933   
500             666.760716      3.15138854e-09  -0.192913484   
500             666.760716      5.60404936e-09  -0.163054337   
500             666.760716      9.96556558e-09  -0.116460933   
500             666.760716      1.77215601e-08  -0.0535510466  
500             666.760716      3.15138854e-08  -0.00154563456 
500             666.760716      5.60404936e-08  -0.0827599703  
500             666.760716      9.96556558e-08  -0.706646335   
500             666.760716      1.77215601e-07  -3.05432087    
500             666.760716      3.15138854e-07  -10.1829637    
500             666.760716      5.60404936e-07  -29.3407075    
500             666.760716      9.96556558e-07  -76.5487689    
500             666.760716      1.77215601e-06  -185.354758    
500             666.760716      3.15138854e-06  -423.143394    
500             666.760716      5.60404936e-06  -920.969317    
500             666.760716      9.96556558e-06  -1927.42356    
500             666.760716      1.77215601e-05  -3905.02478    
500             666.760716      3.15138854e-05  -7701.70093    
500             666.760716      5.60404936e-05  -14855.0152    
500             666.760716      9.96556558e-05  -28131.4812    
666.760716      889.139705      0               -1.09878752    
666.760716      889.139705      1.77215601e-10  -1.09197749    
666.760716      889.139705      3.15138854e-10  -1.08669572    
666.760716      889.139705      5.60404936e-10  -1.07734281    
666.760716      889.139705      9.96556558e-10  -1.0608353     
666.760716      889.139705      1.77215601e-09  -1.03187167    
666.760716      889.139705      3.15138854e-09  -0.981589178   
666.760716      889.139705      5.60404936e-09  -0.895960834   
666.760716      889.139705      9.96556558e-09  -0.755247783   
666.760716      889.139705      1.77215601e-08  -0.539427039   
666.760716      889.139705      3.15138854e-08  -0.254192029   
666.760716      889.139705      5.60404936e-08  -0.0140214528  
666.760716      889.139705      9.96556558e-08  -0.260253525   
666.760716      889.139705      1.77215601e-07  -2.26127798    
666.760716      889.139705      3.15138854e-07  -9.15921053    
666.760716      889.139705      5.60404936e-07  -28.0409853    
666.760716      889.139705      9.96556558e-07  -73.8954916    
666.760716      889.139705      1.77215601e-06  -176.990464    
666.760716      889.139705      3.15138854e-06  -396.39369     
666.760716      889.139705      5.60404936e-06  -844.46097     
666.760716      889.139705      9.96556558e-06  -1730.7525     
666.760716      889.139705      1.77215601e-05  -3440.2536     
666.760716      889.139705      3.15138854e-05  -6672.34932    
666.760716      889.139705      5.60404936e-05  -12687.7554    
666.760716      889.139705      9.96556558e-05  -23747.3106    
889.139705      1185.68685      0               0.00257485012  
889.139705      1185.68685      1.77215601e-10  -9.48906218e-05
889.139705      1185.68685      3.15138854e-10  -0.00219810457 
889.139705      1185.68685      5.60404936e-10  -0.00599282127 
889.139705      1185.68685      9.96556558e-10  -0.0129120976  
889.139705      1185.68685      1.77215601e-09  -0.02574968    
889.139705      1185.68685      3.15138854e-09  -0.0502199398  
889.139705      1185.68685      5.60404936e-09  -0.0986907998  
889.139705      1185.68685      9.96556558e-09  -0.199377128   
889.139705      1185.68685      1.77215601e-08  -0.41874227    
889.139705      1185.68685      3.15138854e-08  -0.913296933   
889.139705      1185.68685      5.60404936e-08  -2.04023494    
889.139705      1185.68685      9.96556558e-08  -4.57788265    
889.139705      1185.68685      1.77215601e-07  -10.1558249    
889.139705      1185.68685      3.15138854e-07  -22.1075169    
889.139705      1185.68685      5.60404936e-07  -47.1623313    
889.139705      1185.68685      9.96556558e-07  -98.709724     
889.139705      1185.68685      1.77215601e-06  -202.874278    
889.139705      1185.68685      3.15138854e-06  -409.544099    
889.139705      1185.68685      5.60404936e-06  -812.153466    
889.139705      1185.68685      9.96556558e-06  -1582.95684    
889.139705      1185.68685      1.77215601e-05  -3035.70454    
889.139705      1185.68685      3.15138854e-05  -5736.91733    
889.139705      1185.68685      5.60404936e-05  -10703.5956    
889.139705      1185.68685      9.96556558e-05  -19754.6842    
1185.68685      1581.13883      0               -0.460519051   
1185.68685      1581.13883      1.77215601e-10  -0.453644323   
1185.68685      1581.13883      3.15138854e-10  -0.448341384   
1185.68685      1581.13883      5.60404936e-10  -0.43901321    
1185.68685      1581.13883      9.96556558e-10  -0.42274373    
1185.68685      1581.13883      1.77215601e-09  -0.394799312   
1185.68685      1581.13883      3.15138854e-09  -0.348119813   
1185.68685      1581.13883      5.60404936e-09  -0.274080988   
1185.68685      1581.13883      9.96556558e-09  -0.168070116   
1185.68685      1581.13883      1.77215601e-08  -0.0486104771  
1185.68685      1581.13883      3.15138854e-08  -0.00739247765 
1185.68685      1581.13883      5.60404936e-08  -0.318453812   
1185.68685      1581.13883      9.96556558e-08  -1.65056725    
1185.68685      1581.13883      1.77215601e-07  -5.46653701    
1185.68685      1581.13883      3.15138854e-07  -14.7828863    
1185.68685      1581.13883      5.60404936e-07  -35.6071794    
1185.68685      1581.13883      9.96556558e-07  -79.5823046    
1185.68685      1581.13883      1.77215601e-06  -168.761184    
1185.68685      1581.13883      3.15138854e-06  -344.209632    
1185.68685      1581.13883      5.60404936e-06  -681.505166    
1185.68685      1581.13883      9.96556558e-06  -1318.51955    
1185.68685      1581.13883      1.77215601e-05  -2504.9211     
1185.68685      1581.13883      3.15138854e-05  -4690.1077     
1185.68685      1581.13883      5.60404936e-05  -8679.36866    
1185.68685      1581.13883      9.96556558e-05  -15911.4042    
1581.13883      2108.48252      0               -0.0784967672  
1581.13883      2108.48252      1.77215601e-10  -0.0760978271  
1581.13883      2108.48252      3.15138854e-10  -0.0742592428  
1581.13883      2108.48252      5.60404936e-10  -0.0710508331  
1581.13883      2108.48252      9.96556558e-10  -0.0655366448  
1581.13883      2108.48252      1.77215601e-09  -0.0563248872  
1581.13883      2108.48252      3.15138854e-09  -0.0417642966  
1581.13883      2108.48252      5.60404936e-09  -0.0213283538  
1581.13883      2108.48252      9.96556558e-09  -0.000774118905
1581.13883      2108.48252      1.77215601e-08  -0.00753438586 
1581.13883      2108.48252      3.15138854e-08  -0.1301268     
1581.13883      2108.48252      5.60404936e-08  -0.606979374   
1581.13883      2108.48252      9.96556558e-08  -2.00777852    
1581.13883      2108.48252      1.77215601e-07  -5.58000018    
1581.13883      2108.48252      3.15138854e-07  -13.88468      
1581.13883      2108.48252      5.60404936e-07  -31.9415133    
1581.13883      2108.48252      9.96556558e-07  -69.2938267    
1581.13883      2108.48252      1.77215601e-06  -143.749369    
1581.13883      2108.48252      3.15138854e-06  -288.128159    
1581.13883      2108.48252      5.60404936e-06  -562.329344    
1581.13883      2108.48252      9.96556558e-06  -1074.78658    
1581.13883      2108.48252      1.77215601e-05  -2020.58038    
1581.13883      2108.48252      3.15138854e-05  -3749.20991    
1581.13883      2108.48252      5.60404936e-05  -6885.14002    
1581.13883      2108.48252      9.96556558e-05  -12542.161     
2108.48252      2811.70663      0               -0.561091481   
2108.48252      2811.70663      1.77215601e-10  -0.554846849   
2108.48252      2811.70663      3.15138854e-10  -0.550019562   
2108.48252      2811.70663      5.60404936e-10  -0.541505728   
2108.48252      2811.70663      9.96556558e-10  -0.526586433   
2108.48252      2811.70663      1.77215601e-09  -0.500742357   
2108.48252      2811.70663      3.15138854e-09  -0.456894788   
2108.48252      2811.70663      5.60404936e-09  -0.385275942   
2108.48252      2811.70663      9.96556558e-09  -0.276412641   
2108.48252      2811.70663      1.77215601e-08  -0.133878821   
2108.48252      2811.70663      3.15138854e-08  -0.0109452793  
2108.48252      2811.70663      5.60404936e-08  -0.0941719595  
2108.48252      2811.70663      9.96556558e-08  -0.863760334   
2108.48252      2811.70663      1.77215601e-07  -3.37282329    
2108.48252      2811.70663      3.15138854e-07  -9.73269296    
2108.48252      2811.70663      5.60404936e-07  -23.9877024    
2108.48252      2811.70663      9.96556558e-07  -53.7085504    
2108.48252      2811.70663      1.77215601e-06  -112.863137    
2108.48252      2811.70663      3.15138854e-06  -226.945398    
2108.48252      2811.70663      5.60404936e-06  -442.124744    
2108.48252      2811.70663      9.96556558e-06  -841.568469    
2108.48252      2811.70663      1.77215601e-05  -1574.5132     
2108.48252      2811.70663      3.15138854e-05  -2907.96873    
2108.48252      2811.70663      5.60404936e-05  -5318.66555    
2108.48252      2811.70663      9.96556558e-05  -9656.60716    
2811.70663      3749.47105      0               4.80607387e-05 
2811.70663      3749.47105      1.77215601e-10  -0.00529609663 
2811.70663      3749.47105      3.15138854e-10  -0.00947531752 
2811.70663      3749.47105      5.60404936e-10  -0.0169498538  
2811.70663      3749.47105      9.96556558e-10  -0.0303745976  
2811.70663      3749.47105      1.77215601e-09  -0.0546562698  
2811.70663      3749.47105      3.15138854e-09  -0.0990668346  
2811.70663      3749.47105      5.60404936e-09  -0.181622351   
2811.70663      3749.47105      9.96556558e-09  -0.338284794   
2811.70663      3749.47105      1.77215601e-08  -0.641830002   
2811.70663      3749.47105      3.15138854e-08  -1.23801828    
2811.70663      3749.47105      5.60404936e-08  -2.40945575    
2811.70663      3749.47105      9.96556558e-08  -4.68401194    
2811.70663      3749.47105      1.77215601e-07  -9.02511747    
2811.70663      3749.47105      3.15138854e-07  -17.1823648    
2811.70663      3749.47105      5.60404936e-07  -32.3440633    
2811.70663      3749.47105      9.96556558e-07  -60.3365446    
2811.70663      3749.47105      1.77215601e-06  -111.800953    
2811.70663      3749.47105      3.15138854e-06  -206.103211    
2811.70663      3749.47105      5.60404936e-06  -378.294016    
2811.70663      3749.47105      9.96556558e-06  -691.458045    
2811.70663      3749.47105      1.77215601e-05  -1258.65506    
2811.70663      3749.47105      3.15138854e-05  -2281.9371     
2811.70663      3749.47105      5.60404936e-05  -4121.71734    
2811.70663      3749.47105      9.96556558e-05  -7420.12743    
3749.47105      5000            0               0.000256226895 
3749.47105      5000            1.77215601e-10  -0.0038098917  
3749.47105      5000            3.15138854e-10  -0.00698367071 
3749.47105      5000            5.60404936e-10  -0.0126472911  
3749.47105      5000            9.96556558e-10  -0.022780603   
3749.47105      5000            1.77215601e-09  -0.040992325   
3749.47105      5000            3.15138854e-09  -0.0739651235  
3749.47105      5000            5.60404936e-09  -0.134355304   
3749.47105      5000            9.96556558e-09  -0.246790761   
3749.47105      5000            1.77215601e-08  -0.460366261   
3749.47105      5000            3.15138854e-08  -0.873863554   
3749.47105      5000            5.60404936e-08  -1.68339653    
3749.47105      5000            9.96556558e-08  -3.26692978    
3749.47105      5000            1.77215601e-07  -6.33289778    
3749.47105      5000            3.15138854e-07  -12.1916321    
3749.47105      5000            5.60404936e-07  -23.260111     
3749.47105      5000            9.96556558e-07  -43.9832124    
3749.47105      5000            1.77215601e-06  -82.480512     
3749.47105      5000            3.15138854e-06  -153.477841    
3749.47105      5000            5.60404936e-06  -283.534418    
3749.47105      5000            9.96556558e-06  -520.333715    
3749.47105      5000            1.77215601e-05  -949.139715    
3749.47105      5000            3.15138854e-05  -1721.97478    
3749.47105      5000            5.60404936e-05  -3109.50324    
3749.47105      5000            9.96556558e-05  -5593.39947    
5000            6667.60716      0               -1.42160221    
5000            6667.60716      1.77215601e-10  -1.41041607    
5000            6667.60716      3.15138854e-10  -1.40177515    
5000            6667.60716      5.60404936e-10  -1.38654794    
5000            6667.60716      9.96556558e-10  -1.35990008    
5000            6667.60716      1.77215601e-09  -1.31382867    
5000            6667.60716      3.15138854e-09  -1.23582689    
5000            6667.60716      5.60404936e-09  -1.10836846    
5000            6667.60716      9.96556558e-09  -0.911982408   
5000            6667.60716      1.77215601e-08  -0.637111633   
5000            6667.60716      3.15138854e-08  -0.310665578   
5000            6667.60716      5.60404936e-08  -0.0406884778  
5000            6667.60716      9.96556558e-08  -0.0845680196  
5000            6667.60716      1.77215601e-07  -0.963694516   
5000            6667.60716      3.15138854e-07  -3.67544874    
5000            6667.60716      5.60404936e-07  -10.0856616    
5000            6667.60716      9.96556558e-07  -23.6370485    
5000            6667.60716      1.77215601e-06  -50.6058769    
5000            6667.60716      3.15138854e-06  -102.311031    
5000            6667.60716      5.60404936e-06  -198.997659    
5000            6667.60716      9.96556558e-06  -376.715114    
5000            6667.60716      1.77215601e-05  -699.574837    
5000            6667.60716      3.15138854e-05  -1281.62014    
5000            6667.60716      5.60404936e-05  -2325.78449    
5000            6667.60716      9.96556558e-05  -4193.20412    
6667.60716      8891.39705      0               7.27686711e-09 
6667.60716      8891.39705      1.77215601e-10  -0.00448061403 
6667.60716      8891.39705      3.15138854e-10  -0.00796799677 
6667.60716      8891.39705      5.60404936e-10  -0.0141699859  
6667.60716      8891.39705      9.96556558e-10  -0.0252002713  
6667.60716      8891.39705      1.77215601e-09  -0.0448196692  
6667.60716      8891.39705      3.15138854e-09  -0.079722523   
6667.60716      8891.39705      5.60404936e-09  -0.141833813   
6667.60716      8891.39705      9.96556558e-09  -0.252423525   
6667.60716      8891.39705      1.77215601e-08  -0.449512687   
6667.60716      8891.39705      3.15138854e-08  -0.801307405   
6667.60716      8891.39705      5.60404936e-08  -1.43082736    
6667.60716      8891.39705      9.96556558e-08  -2.56159631    
6667.60716      8891.39705      1.77215601e-07  -4.60309275    
6667.60716      8891.39705      3.15138854e-07  -8.3101048     
6667.60716      8891.39705      5.60404936e-07  -15.0752848    
6667.60716      8891.39705      9.96556558e-07  -27.4562864    
6667.60716      8891.39705      1.77215601e-06  -50.1166248    
6667.60716      8891.39705      3.15138854e-06  -91.5008963    
6667.60716      8891.39705      5.60404936e-06  -166.806558    
6667.60716      8891.39705      9.96556558e-06  -303.243457    
6667.60716      8891.39705      1.77215601e-05  -549.365061    
6667.60716      8891.39705      3.15138854e-05  -991.671028    
6667.60716      8891.39705      5.60404936e-05  -1784.1611     
6667.60716      8891.39705      9.96556558e-05  -3200.91985    
8891.39705      11856.8685      0               6.45832188e-09 
8891.39705      11856.8685      1.77215601e-10  -0.00397634512 
8891.39705      11856.8685      3.15138854e-10  -0.0070710779  
8891.39705      11856.8685      5.60404936e-10  -0.0125744212  
8891.39705      11856.8685      9.96556558e-10  -0.0223610414  
8891.39705      11856.8685      1.77215601e-09  -0.0397648232  
8891.39705      11856.8685      3.15138854e-09  -0.07071499    
8891.39705      11856.8685      5.60404936e-09  -0.125757391   
8891.39705      11856.8685      9.96556558e-09  -0.223651902   
8891.39705      11856.8685      1.77215601e-08  -0.39777895    
8891.39705      11856.8685      3.15138854e-08  -0.707561166   
8891.39705      11856.8685      5.60404936e-08  -1.25886338    
8891.39705      11856.8685      9.96556558e-08  -2.24053648    
8891.39705      11856.8685      1.77215601e-07  -3.99017025    
8891.39705      11856.8685      3.15138854e-07  -7.11307353    
8891.39705      11856.8685      5.60404936e-07  -12.6987015    
8891.39705      11856.8685      9.96556558e-07  -22.7147087    
8891.39705      11856.8685      1.77215601e-06  -40.7190842    
8891.39705      11856.8685      3.15138854e-06  -73.1291806    
8891.39705      11856.8685      5.60404936e-06  -131.459615    
8891.39705      11856.8685      9.96556558e-06  -236.271065    
8891.39705      11856.8685      1.77215601e-05  -424.180642    
8891.39705      11856.8685      3.15138854e-05  -760.350361    
8891.39705      11856.8685      5.60404936e-05  -1360.73586    
8891.39705      11856.8685      9.96556558e-05  -2431.68512    
11856.8685      15811.3883      0               4.55406735e-09 
11856.8685      15811.3883      1.77215601e-10  -0.00280404204 
11856.8685      15811.3883      3.15138854e-10  -0.00498642138 
11856.8685      15811.3883      5.60404936e-10  -0.00886740452 
11856.8685      15811.3883      9.96556558e-10  -0.0157692021  
11856.8685      15811.3883      1.77215601e-09  -0.028043554   
11856.8685      15811.3883      3.15138854e-09  -0.049874024   
11856.8685      15811.3883      5.60404936e-09  -0.0887049199  
11856.8685      15811.3883      9.96556558e-09  -0.157789236   
11856.8685      15811.3883      1.77215601e-08  -0.280741031   
11856.8685      15811.3883      3.15138854e-08  -0.499696033   
11856.8685      15811.3883      5.60404936e-08  -0.890016246   
11856.8685      15811.3883      9.96556558e-08  -1.58698052    
11856.8685      15811.3883      1.77215601e-07  -2.83464286    
11856.8685      15811.3883      3.15138854e-07  -5.07581601    
11856.8685      15811.3883      5.60404936e-07  -9.11744965    
11856.8685      15811.3883      9.96556558e-07  -16.4305607    
11856.8685      15811.3883      1.77215601e-06  -29.6846239    
11856.8685      15811.3883      3.15138854e-06  -53.6908045    
11856.8685      15811.3883      5.60404936e-06  -97.0703218    
11856.8685      15811.3883      9.96556558e-06  -175.219351    
11856.8685      15811.3883      1.77215601e-05  -315.586362    
11856.8685      15811.3883      3.15138854e-05  -567.061735    
11856.8685      15811.3883      5.60404936e-05  -1016.67341    
11856.8685      15811.3883      9.96556558e-05  -1819.26863    
15811.3883      21084.8252      0               1.78374648e-09 
15811.3883      21084.8252      1.77215601e-10  -0.00109868788 
15811.3883      21084.8252      3.15138854e-10  -0.00195436213 
15811.3883      21084.8252      5.60404936e-10  -0.00347725639 
15811.3883      21084.8252      9.96556558e-10  -0.00618938203 
15811.3883      21084.8252      1.77215601e-09  -0.0110248717  
15811.3883      21084.8252      3.15138854e-09  -0.0196631571  
15811.3883      21084.8252      5.60404936e-09  -0.0351473555  
15811.3883      21084.8252      9.96556558e-09  -0.0630615476  
15811.3883      21084.8252      1.77215601e-08  -0.113847504   
15811.3883      21084.8252      3.15138854e-08  -0.207522071   
15811.3883      21084.8252      5.60404936e-08  -0.383480722   
15811.3883      21084.8252      9.96556558e-08  -0.720642403   
15811.3883      21084.8252      1.77215601e-07  -1.3768378     
15811.3883      21084.8252      3.15138854e-07  -2.66080614    
15811.3883      21084.8252      5.60404936e-07  -5.15861966    
15811.3883      21084.8252      9.96556558e-07  -9.95725653    
15811.3883      21084.8252      1.77215601e-06  -19.0455003    
15811.3883      21084.8252      3.15138854e-06  -36.0271416    
15811.3883      21084.8252      5.60404936e-06  -67.377299     
15811.3883      21084.8252      9.96556558e-06  -124.659842    
15811.3883      21084.8252      1.77215601e-05  -228.465792    
15811.3883      21084.8252      3.15138854e-05  -415.430568    
15811.3883      21084.8252      5.60404936e-05  -750.735637    
15811.3883      21084.8252      9.96556558e-05  -1350.35809    
21084.8252      28117.0663      0               2.97495717e-09 
21084.8252      28117.0663      1.77215601e-10  -0.00183170316 
21084.8252      28117.0663      3.15138854e-10  -0.00325728243 
21084.8252      28117.0663      5.60404936e-10  -0.00579236089 
21084.8252      28117.0663      9.96556558e-10  -0.0103004394  
21084.8252      28117.0663      1.77215601e-09  -0.0183170645  
21084.8252      28117.0663      3.15138854e-09  -0.0325728705  
21084.8252      28117.0663      5.60404936e-09  -0.0579236972  
21084.8252      28117.0663      9.96556558e-09  -0.103004615   
21084.8252      28117.0663      1.77215601e-08  -0.183171288   
21084.8252      28117.0663      3.15138854e-08  -0.325730678   
21084.8252      28117.0663      5.60404936e-08  -0.579243147   
21084.8252      28117.0663      9.96556558e-08  -1.03006559    
21084.8252      28117.0663      1.77215601e-07  -1.83177412    
21084.8252      28117.0663      3.15138854e-07  -3.25749947    
21084.8252      28117.0663      5.60404936e-07  -5.79303566    
21084.8252      28117.0663      9.96556558e-07  -10.3025385    
21084.8252      28117.0663      1.77215601e-06  -18.3235447    
21084.8252      28117.0663      3.15138854e-06  -32.592567     
21084.8252      28117.0663      5.60404936e-06  -57.9820707    
21084.8252      28117.0663      9.96556558e-06  -103.171272    
21084.8252      28117.0663      1.77215601e-05  -183.623944    
21084.8252      28117.0663      3.15138854e-05  -326.889334    
21084.8252      28117.0663      5.60404936e-05  -582.028655    
21084.8252      28117.0663      9.96556558e-05  -1036.37283    
28117.0663      37494.7105      0               3.66401484e-05 
28117.0663      37494.7105      1.77215601e-10  -0.00131794404 
28117.0663      37494.7105      3.15138854e-10  -0.00237218944 
28117.0663      37494.7105      5.60404936e-10  -0.00424693324 
28117.0663      37494.7105      9.96556558e-10  -0.0075807544  
28117.0663      37494.7105      1.77215601e-09  -0.013509229   
28117.0663      37494.7105      3.15138854e-09  -0.0240517418  
28117.0663      37494.7105      5.60404936e-09  -0.0427993658  
28117.0663      37494.7105      9.96556558e-09  -0.0761381655  
28117.0663      37494.7105      1.77215601e-08  -0.13542477    
28117.0663      37494.7105      3.15138854e-08  -0.240855772   
28117.0663      37494.7105      5.60404936e-08  -0.428350554   
28117.0663      37494.7105      9.96556558e-08  -0.761797021   
28117.0663      37494.7105      1.77215601e-07  -1.35484704    
28117.0663      37494.7105      3.15138854e-07  -2.40973372    
28117.0663      37494.7105      5.60404936e-07  -4.28647705    
28117.0663      37494.7105      9.96556558e-07  -7.62646829    
28117.0663      37494.7105      1.77215601e-06  -13.5736546    
28117.0663      37494.7105      3.15138854e-06  -24.1713573    
28117.0663      37494.7105      5.60404936e-06  -43.075115     
28117.0663      37494.7105      9.96556558e-06  -76.8311738    
28117.0663      37494.7105      1.77215601e-05  -137.158575    
28117.0663      37494.7105      3.15138854e-05  -245.002996    
28117.0663      37494.7105      5.60404936e-05  -437.726814    
28117.0663      37494.7105      9.96556558e-05  -781.874316    
37494.7105      50000           0               1.71229431e-09 
37494.7105      50000           1.77215601e-10  -0.00105429066 
37494.7105      50000           3.15138854e-10  -0.00187482478 
37494.7105      50000           5.60404936e-10  -0.00333396387 
37494.7105      50000           9.96556558e-10  -0.00592872137 
37494.7105      50000           1.77215601e-09  -0.0105429268  
37494.7105      50000           3.15138854e-09  -0.0187482783  
37494.7105      50000           5.60404936e-09  -0.033339702   
37494.7105      50000           9.96556558e-09  -0.0592873805  
37494.7105      50000           1.77215601e-08  -0.105429762   
37494.7105      50000           3.15138854e-08  -0.187484312   
37494.7105      50000           5.60404936e-08  -0.333401815   
37494.7105      50000           9.96556558e-08  -0.59288891    
37494.7105      50000           1.77215601e-07  -1.05434521    
37494.7105      50000           3.15138854e-07  -1.87499275    
37494.7105      50000           5.60404936e-07  -3.33448676    
37494.7105      50000           9.96556558e-07  -5.93034624    
37494.7105      50000           1.77215601e-06  -10.5479276    
37494.7105      50000           3.15138854e-06  -18.7633957    
37494.7105      50000           5.60404936e-06  -33.3841073    
37494.7105      50000           9.96556558e-06  -59.4124424    
37494.7105      50000           1.77215601e-05  -105.763023    
37494.7105      50000           3.15138854e-05  -188.317241    
37494.7105      50000           5.60404936e-05  -335.352778    
37494.7105      50000           9.96556558e-05  -597.199477    
50000           66676.0716      0               1.29699629e-09 
50000           66676.0716      1.77215601e-10  -0.000798608493
50000           66676.0716      3.15138854e-10  -0.00142015005 
50000           66676.0716      5.60404936e-10  -0.00252542463 
50000           66676.0716      9.96556558e-10  -0.00449091167 
50000           66676.0716      1.77215601e-09  -0.00798609692 
50000           66676.0716      3.15138854e-09  -0.0142015132  
50000           66676.0716      5.60404936e-09  -0.0252542611  
50000           66676.0716      9.96556558e-09  -0.0449091384  
50000           66676.0716      1.77215601e-08  -0.0798610126  
50000           66676.0716      3.15138854e-08  -0.142015244   
50000           66676.0716      5.60404936e-08  -0.252542939   
50000           66676.0716      9.96556558e-08  -0.449092397   
50000           66676.0716      1.77215601e-07  -0.798613301   
50000           66676.0716      3.15138854e-07  -1.42016244    
50000           66676.0716      5.60404936e-07  -2.5254609     
50000           66676.0716      9.96556558e-07  -4.49102311    
50000           66676.0716      1.77215601e-06  -7.9864439     
50000           66676.0716      3.15138854e-06  -14.2025932    
50000           66676.0716      5.60404936e-06  -25.2575955    
50000           66676.0716      9.96556558e-06  -44.9192711    
50000           66676.0716      1.77215601e-05  -79.8910086    
50000           66676.0716      3.15138854e-05  -142.100598    
50000           66676.0716      5.60404936e-05  -252.772967    
50000           66676.0716      9.96556558e-05  -449.672501    
66676.0716      88913.9705      0               9.70402425e-10 
66676.0716      88913.9705      1.77215601e-10  -0.00059747046 
66676.0716      88913.9705      3.15138854e-10  -0.00106247017 
66676.0716      88913.9705      5.60404936e-10  -0.00188936959 
66676.0716      88913.9705      9.96556558e-10  -0.00335982779 
66676.0716      88913.9705      1.77215601e-09  -0.00597471334 
66676.0716      88913.9705      3.15138854e-09  -0.0106247105  
66676.0716      88913.9705      5.60404936e-09  -0.0188937046  
66676.0716      88913.9705      9.96556558e-09  -0.0335982868  
66676.0716      88913.9705      1.77215601e-08  -0.0597471424  
66676.0716      88913.9705      3.15138854e-08  -0.106247114   
66676.0716      88913.9705      5.60404936e-08  -0.188937058   
66676.0716      88913.9705      9.96556558e-08  -0.335982886   
66676.0716      88913.9705      1.77215601e-07  -0.597471464   
66676.0716      88913.9705      3.15138854e-07  -1.06247125    
66676.0716      88913.9705      5.60404936e-07  -1.8893709     
66676.0716      88913.9705      9.96556558e-07  -3.35982983    
66676.0716      88913.9705      1.77215601e-06  -5.97471768    
66676.0716      88913.9705      3.15138854e-06  -10.6247221    
66676.0716      88913.9705      5.60404936e-06  -18.8937393    
66676.0716      88913.9705      9.96556558e-06  -33.5983939    
66676.0716      88913.9705      1.77215601e-05  -59.747478     
66676.0716      88913.9705      3.15138854e-05  -106.248166    
66676.0716      88913.9705      5.60404936e-05  -188.940339    
66676.0716      88913.9705      9.96556558e-05  -335.993032    
88913.9705      118568.685      0               0.000731040047 
88913.9705      118568.685      1.77215601e-10  0.000551759033 
88913.9705      118568.685      3.15138854e-10  0.000412179176 
88913.9705      118568.685      5.60404936e-10  0.000163861008 
88913.9705      118568.685      9.96556558e-10  -0.000278053581
88913.9705      118568.685      1.77215601e-09  -0.00106496061 
88913.9705      118568.685      3.15138854e-09  -0.00246764265 
88913.9705      118568.685      5.60404936e-09  -0.00497252146 
88913.9705      118568.685      9.96556558e-09  -0.00945988754 
88913.9705      118568.685      1.77215601e-08  -0.0175425162  
88913.9705      118568.685      3.15138854e-08  -0.0322327648  
88913.9705      118568.685      5.60404936e-08  -0.0593155445  
88913.9705      118568.685      9.96556558e-08  -0.110288718   
88913.9705      118568.685      1.77215601e-07  -0.208763857   
88913.9705      118568.685      3.15138854e-07  -0.404027311   
88913.9705      118568.685      5.60404936e-07  -0.797628814   
88913.9705      118568.685      9.96556558e-07  -1.59024392    
88913.9705      118568.685      1.77215601e-06  -3.1581428     
88913.9705      118568.685      3.15138854e-06  -6.17909753    
88913.9705      118568.685      5.60404936e-06  -11.8524928    
88913.9705      118568.685      9.96556558e-06  -22.2961457    
88913.9705      118568.685      1.77215601e-05  -41.2599546    
88913.9705      118568.685      3.15138854e-05  -75.3999859    
88913.9705      118568.685      5.60404936e-05  -136.546283    
88913.9705      118568.685      9.96556558e-05  -245.737373    
118568.685      158113.883      0               5.39273515e-10 
118568.685      158113.883      1.77215601e-10  -0.000332031993
118568.685      158113.883      3.15138854e-10  -0.000590446077
118568.685      158113.883      5.60404936e-10  -0.00104997852 
118568.685      158113.883      9.96556558e-10  -0.00186715561 
118568.685      158113.883      1.77215601e-09  -0.0033203248  
118568.685      158113.883      3.15138854e-09  -0.00590446567 
118568.685      158113.883      5.60404936e-09  -0.0104997902  
118568.685      158113.883      9.96556558e-09  -0.0186715614  
118568.685      158113.883      1.77215601e-08  -0.0332032543  
118568.685      158113.883      3.15138854e-08  -0.0590446661  
118568.685      158113.883      5.60404936e-08  -0.104997921   
118568.685      158113.883      9.96556558e-08  -0.186715664   
118568.685      158113.883      1.77215601e-07  -0.33203269    
118568.685      158113.883      3.15138854e-07  -0.590447115   
118568.685      158113.883      5.60404936e-07  -1.04998064    
118568.685      158113.883      9.96556558e-07  -1.86716113    
118568.685      158113.883      1.77215601e-06  -3.32034105    
118568.685      158113.883      3.15138854e-06  -5.90451576    
118568.685      158113.883      5.60404936e-06  -10.4999466    
118568.685      158113.883      9.96556558e-06  -18.6720505    
118568.685      158113.883      1.77215601e-05  -33.2047758    
118568.685      158113.883      3.15138854e-05  -59.0493481    
118568.685      158113.883      5.60404936e-05  -105.012061    
118568.685      158113.883      9.96556558e-05  -186.757116    
158113.883      210848.252      0               4.02806677e-10 
158113.883      210848.252      1.77215601e-10  -0.000248010747
158113.883      210848.252      3.15138854e-10  -0.000441032718
158113.883      210848.252      5.60404936e-10  -0.000784279716
158113.883      210848.252      9.96556558e-10  -0.00139466879 
158113.883      210848.252      1.77215601e-09  -0.0024801111  
158113.883      210848.252      3.15138854e-09  -0.00441033084 
158113.883      210848.252      5.60404936e-09  -0.0078428009  
158113.883      210848.252      9.96556558e-09  -0.0139466918  
158113.883      210848.252      1.77215601e-08  -0.0248011158  
158113.883      210848.252      3.15138854e-08  -0.0441033155  
158113.883      210848.252      5.60404936e-08  -0.0784280236  
158113.883      210848.252      9.96556558e-08  -0.139466957   
158113.883      210848.252      1.77215601e-07  -0.248011272   
158113.883      210848.252      3.15138854e-07  -0.441033508   
158113.883      210848.252      5.60404936e-07  -0.784281343   
158113.883      210848.252      9.96556558e-07  -1.39467306    
158113.883      210848.252      1.77215601e-06  -2.48012372    
158113.883      210848.252      3.15138854e-06  -4.41036978    
158113.883      210848.252      5.60404936e-06  -7.84292266    
158113.883      210848.252      9.96556558e-06  -13.9470732    
158113.883      210848.252      1.77215601e-05  -24.8023051    
158113.883      210848.252      3.15138854e-05  -44.1069912    
158113.883      210848.252      5.60404936e-05  -78.4392044    
158113.883      210848.252      9.96556558e-05  -139.500108    
210848.252      281170.663      0               9.80486864e-05 
210848.252      281170.663      1.77215601e-10  9.34554384e-05 
210848.252      281170.663      3.15138854e-10  8.98583243e-05 
210848.252      281170.663      5.60404936e-10  8.34134846e-05 
210848.252      281170.663      9.96556558e-10  7.180053e-05   
210848.252      281170.663      1.77215601e-09  5.06685347e-05 
210848.252      281170.663      3.15138854e-09  1.15718021e-05 
210848.252      281170.663      5.60404936e-09  -6.27390313e-05
210848.252      281170.663      9.96556558e-09  -0.000209935844
210848.252      281170.663      1.77215601e-08  -0.000518828303
210848.252      281170.663      3.15138854e-08  -0.00121464111 
210848.252      281170.663      5.60404936e-08  -0.0029015551  
210848.252      281170.663      9.96556558e-08  -0.00725048629 
210848.252      281170.663      1.77215601e-07  -0.0188854337  
210848.252      281170.663      3.15138854e-07  -0.0502078139  
210848.252      281170.663      5.60404936e-07  -0.132419655   
210848.252      281170.663      9.96556558e-07  -0.33715897    
210848.252      281170.663      1.77215601e-06  -0.812753222   
210848.252      281170.663      3.15138854e-06  -1.84001426    
210848.252      281170.663      5.60404936e-06  -3.92239946    
210848.252      281170.663      9.96556558e-06  -7.94580856    
210848.252      281170.663      1.77215601e-05  -15.4701269    
210848.252      281170.663      3.15138854e-05  -29.2557839    
210848.252      281170.663      5.60404936e-05  -54.2056507    
210848.252      281170.663      9.96556558e-05  -99.0443457    
281170.663      374947.105      0               0.00015554957  
281170.663      374947.105      1.77215601e-10  1.75257027e-05 
281170.663      374947.105      3.15138854e-10  -8.98954312e-05
281170.663      374947.105      5.60404936e-10  -0.000280920222
281170.663      374947.105      9.96556558e-10  -0.000620615674
281170.663      374947.105      1.77215601e-09  -0.0012246891  
281170.663      374947.105      3.15138854e-09  -0.00229890044 
281170.663      374947.105      5.60404936e-09  -0.00420914835 
281170.663      374947.105      9.96556558e-09  -0.00760610287 
281170.663      374947.105      1.77215601e-08  -0.0136468371  
281170.663      374947.105      3.15138854e-08  -0.0243889505  
281170.663      374947.105      5.60404936e-08  -0.0434914296  
281170.663      374947.105      9.96556558e-08  -0.0774609748  
281170.663      374947.105      1.77215601e-07  -0.137868318   
281170.663      374947.105      3.15138854e-07  -0.245289452   
281170.663      374947.105      5.60404936e-07  -0.436314243   
281170.663      374947.105      9.96556558e-07  -0.776009696   
281170.663      374947.105      1.77215601e-06  -1.38008313    
281170.663      374947.105      3.15138854e-06  -2.45429448    
281170.663      374947.105      5.60404936e-06  -4.36454244    
281170.663      374947.105      9.96556558e-06  -7.76149712    
281170.663      374947.105      1.77215601e-05  -13.8022319    
281170.663      374947.105      3.15138854e-05  -24.5443468    
281170.663      374947.105      5.60404936e-05  -43.6468309    
281170.663      374947.105      9.96556558e-05  -77.6163917    
374947.105      500000          0               -0.311893614   
374947.105      500000          1.77215601e-10  -0.31174879    
374947.105      500000          3.15138854e-10  -0.311636118   
374947.105      500000          5.60404936e-10  -0.311435843   
374947.105      500000          9.96556558e-10  -0.311079977   
374947.105      500000          1.77215601e-09  -0.310448024   
374947.105      500000          3.15138854e-09  -0.309327006   
374947.105      500000          5.60404936e-09  -0.307342245   
374947.105      500000          9.96556558e-09  -0.303840162   
374947.105      500000          1.77215601e-08  -0.297697929   
374947.105      500000          3.15138854e-08  -0.287039365   
374947.105      500000          5.60404936e-08  -0.268887454   
374947.105      500000          9.96556558e-08  -0.238974203   
374947.105      500000          1.77215601e-07  -0.192434481   
374947.105      500000          3.15138854e-07  -0.127055289   
374947.105      500000          5.60404936e-07  -0.0516253101  
374947.105      500000          9.96556558e-07  -0.00115026528 
374947.105      500000          1.77215601e-06  -0.0581568589  
374947.105      500000          3.15138854e-06  -0.380466984   
374947.105      500000          5.60404936e-06  -1.24540635    
374947.105      500000          9.96556558e-06  -3.13304044    
374947.105      500000          1.77215601e-05  -6.88324855    
374947.105      500000          3.15138854e-05  -13.9823798    
374947.105      500000          5.60404936e-05  -27.0769889    
374947.105      500000          9.96556558e-05  -50.8868394    
