### /nfs/slac/g/ki/ki20/cta/mdwood/fermi/dsph_pipeline/des_dwarfs/v6/p302_6yr_source_psf0123_point_gs_jsigma0.6/results/like_tucana_II.txt
#[0]emin(MeV) [1]emax(MeV) [2]eflux(MeV/cm^2/s) [3]deltaLogLike
500             666.760716      0               -0.899619617   
500             666.760716      1.77215601e-10  -0.894258248   
500             666.760716      3.15138854e-10  -0.890098144   
500             666.760716      5.60404936e-10  -0.882727392   
500             666.760716      9.96556558e-10  -0.869705577   
500             666.760716      1.77215601e-09  -0.846818378   
500             666.760716      3.15138854e-09  -0.806964508   
500             666.760716      5.60404936e-09  -0.738738594   
500             666.760716      9.96556558e-09  -0.625617405   
500             666.760716      1.77215601e-08  -0.449538686   
500             666.760716      3.15138854e-08  -0.211355231   
500             666.760716      5.60404936e-08  -0.00375110025 
500             666.760716      9.96556558e-08  -0.225460703   
500             666.760716      1.77215601e-07  -2.13017456    
500             666.760716      3.15138854e-07  -9.0806808     
500             666.760716      5.60404936e-07  -29.1597686    
500             666.760716      9.96556558e-07  -80.2629072    
500             666.760716      1.77215601e-06  -199.670173    
500             666.760716      3.15138854e-06  -461.688309    
500             666.760716      5.60404936e-06  -1009.73033    
500             666.760716      9.96556558e-06  -2114.03106    
500             666.760716      1.77215601e-05  -4274.75762    
500             666.760716      3.15138854e-05  -8405.48672    
500             666.760716      5.60404936e-05  -16158.9218    
500             666.760716      9.96556558e-05  -30504.3825    
666.760716      889.139705      0               0.000446242933 
666.760716      889.139705      1.77215601e-10  -0.00405945504 
666.760716      889.139705      3.15138854e-10  -0.00757560951 
666.760716      889.139705      5.60404936e-10  -0.0138487462  
666.760716      889.139705      9.96556558e-10  -0.025068613   
666.760716      889.139705      1.77215601e-09  -0.0452238195  
666.760716      889.139705      3.15138854e-09  -0.0817036699  
666.760716      889.139705      5.60404936e-09  -0.148570493   
666.760716      889.139705      9.96556558e-09  -0.273663914   
666.760716      889.139705      1.77215601e-08  -0.5150128     
666.760716      889.139705      3.15138854e-08  -1.00057338    
666.760716      889.139705      5.60404936e-08  -2.02604733    
666.760716      889.139705      9.96556558e-08  -4.29062031    
666.760716      889.139705      1.77215601e-07  -9.43511157    
666.760716      889.139705      3.15138854e-07  -21.1867363    
666.760716      889.139705      5.60404936e-07  -47.6418294    
666.760716      889.139705      9.96556558e-07  -105.619179    
666.760716      889.139705      1.77215601e-06  -228.735004    
666.760716      889.139705      3.15138854e-06  -482.080192    
666.760716      889.139705      5.60404936e-06  -988.525555    
666.760716      889.139705      9.96556558e-06  -1975.60798    
666.760716      889.139705      1.77215601e-05  -3859.06852    
666.760716      889.139705      3.15138854e-05  -7391.64712    
666.760716      889.139705      5.60404936e-05  -13927.7323    
666.760716      889.139705      9.96556558e-05  -25893.4296    
889.139705      1185.68685      0               -1.65722761    
889.139705      1185.68685      1.77215601e-10  -1.64640338    
889.139705      1185.68685      3.15138854e-10  -1.6380129     
889.139705      1185.68685      5.60404936e-10  -1.62316508    
889.139705      1185.68685      9.96556558e-10  -1.5969903     
889.139705      1185.68685      1.77215601e-09  -1.55116037    
889.139705      1185.68685      3.15138854e-09  -1.47188562    
889.139705      1185.68685      5.60404936e-09  -1.33772546    
889.139705      1185.68685      9.96556558e-09  -1.11955541    
889.139705      1185.68685      1.77215601e-08  -0.790515573   
889.139705      1185.68685      3.15138854e-08  -0.366447577   
889.139705      1185.68685      5.60404936e-08  -0.0202376365  
889.139705      1185.68685      9.96556558e-08  -0.345705947   
889.139705      1185.68685      1.77215601e-07  -2.89270444    
889.139705      1185.68685      3.15138854e-07  -11.1909557    
889.139705      1185.68685      5.60404936e-07  -32.6824461    
889.139705      1185.68685      9.96556558e-07  -82.3235798    
889.139705      1185.68685      1.77215601e-06  -189.15949     
889.139705      1185.68685      3.15138854e-06  -408.115498    
889.139705      1185.68685      5.60404936e-06  -841.01417     
889.139705      1185.68685      9.96556558e-06  -1674.07651    
889.139705      1185.68685      1.77215601e-05  -3244.87234    
889.139705      1185.68685      3.15138854e-05  -6161.60023    
889.139705      1185.68685      5.60404936e-05  -11515.1318    
889.139705      1185.68685      9.96556558e-05  -21255.6261    
1185.68685      1581.13883      0               -0.652193895   
1185.68685      1581.13883      1.77215601e-10  -0.644543905   
1185.68685      1581.13883      3.15138854e-10  -0.638631921   
1185.68685      1581.13883      5.60404936e-10  -0.628208657   
1185.68685      1581.13883      9.96556558e-10  -0.609954793   
1185.68685      1581.13883      1.77215601e-09  -0.578370217   
1185.68685      1581.13883      3.15138854e-09  -0.524894874   
1185.68685      1581.13883      5.60404936e-09  -0.437896516   
1185.68685      1581.13883      9.96556558e-09  -0.306729958   
1185.68685      1581.13883      1.77215601e-08  -0.138428784   
1185.68685      1581.13883      3.15138854e-08  -0.00551719474 
1185.68685      1581.13883      5.60404936e-08  -0.157560549   
1185.68685      1581.13883      9.96556558e-08  -1.24931964    
1185.68685      1581.13883      1.77215601e-07  -4.78319191    
1185.68685      1581.13883      3.15138854e-07  -13.960896     
1185.68685      1581.13883      5.60404936e-07  -35.2898329    
1185.68685      1581.13883      9.96556558e-07  -81.5065643    
1185.68685      1581.13883      1.77215601e-06  -176.787593    
1185.68685      1581.13883      3.15138854e-06  -366.030219    
1185.68685      1581.13883      5.60404936e-06  -731.44793     
1185.68685      1581.13883      9.96556558e-06  -1422.22595    
1185.68685      1581.13883      1.77215601e-05  -2707.358      
1185.68685      1581.13883      3.15138854e-05  -5069.62214    
1185.68685      1581.13883      5.60404936e-05  -9372.64601    
1185.68685      1581.13883      9.96556558e-05  -17157.8678    
1581.13883      2108.48252      0               -1.48953232    
1581.13883      2108.48252      1.77215601e-10  -1.47407274    
1581.13883      2108.48252      3.15138854e-10  -1.46214901    
1581.13883      2108.48252      5.60404936e-10  -1.44117517    
1581.13883      2108.48252      9.96556558e-10  -1.40458725    
1581.13883      2108.48252      1.77215601e-09  -1.34167461    
1581.13883      2108.48252      3.15138854e-09  -1.23613307    
1581.13883      2108.48252      5.60404936e-09  -1.06628468    
1581.13883      2108.48252      9.96556558e-09  -0.811325368   
1581.13883      2108.48252      1.77215601e-08  -0.472464338   
1581.13883      2108.48252      3.15138854e-08  -0.12443645    
1581.13883      2108.48252      5.60404936e-08  -0.0234721176  
1581.13883      2108.48252      9.96556558e-08  -0.813878822   
1581.13883      2108.48252      1.77215601e-07  -3.89968685    
1581.13883      2108.48252      3.15138854e-07  -12.1052355    
1581.13883      2108.48252      5.60404936e-07  -30.8768506    
1581.13883      2108.48252      9.96556558e-07  -70.4915161    
1581.13883      2108.48252      1.77215601e-06  -150.079642    
1581.13883      2108.48252      3.15138854e-06  -304.863753    
1581.13883      2108.48252      5.60404936e-06  -599.077566    
1581.13883      2108.48252      9.96556558e-06  -1148.9474     
1581.13883      2108.48252      1.77215601e-05  -2163.55069    
1581.13883      2108.48252      3.15138854e-05  -4017.43069    
1581.13883      2108.48252      5.60404936e-05  -7379.6189     
1581.13883      2108.48252      9.96556558e-05  -13442.9619    
2108.48252      2811.70663      0               0.000381212517 
2108.48252      2811.70663      1.77215601e-10  -0.00566884552 
2108.48252      2811.70663      3.15138854e-10  -0.0103919359  
2108.48252      2811.70663      5.60404936e-10  -0.0188219532  
2108.48252      2811.70663      9.96556558e-10  -0.0339100795  
2108.48252      2811.70663      1.77215601e-09  -0.061043059   
2108.48252      2811.70663      3.15138854e-09  -0.110219805   
2108.48252      2811.70663      5.60404936e-09  -0.200451708   
2108.48252      2811.70663      9.96556558e-09  -0.368971113   
2108.48252      2811.70663      1.77215601e-08  -0.690789527   
2108.48252      2811.70663      3.15138854e-08  -1.31954508    
2108.48252      2811.70663      5.60404936e-08  -2.56923736    
2108.48252      2811.70663      9.96556558e-08  -5.07063386    
2108.48252      2811.70663      1.77215601e-07  -10.0623179    
2108.48252      2811.70663      3.15138854e-07  -19.9230679    
2108.48252      2811.70663      5.60404936e-07  -39.1333838    
2108.48252      2811.70663      9.96556558e-07  -76.0032344    
2108.48252      2811.70663      1.77215601e-06  -145.768565    
2108.48252      2811.70663      3.15138854e-06  -276.121958    
2108.48252      2811.70663      5.60404936e-06  -517.070651    
2108.48252      2811.70663      9.96556558e-06  -958.473433    
2108.48252      2811.70663      1.77215601e-05  -1761.18638    
2108.48252      2811.70663      3.15138854e-05  -3212.40899    
2108.48252      2811.70663      5.60404936e-05  -5824.16456    
2108.48252      2811.70663      9.96556558e-05  -10508.5573    
2811.70663      3749.47105      0               -0.340943073   
2811.70663      3749.47105      1.77215601e-10  -0.326235179   
2811.70663      3749.47105      3.15138854e-10  -0.315179279   
2811.70663      3749.47105      5.60404936e-10  -0.296323583   
2811.70663      3749.47105      9.96556558e-10  -0.265167489   
2811.70663      3749.47105      1.77215601e-09  -0.216444435   
2811.70663      3749.47105      3.15138854e-09  -0.147264578   
2811.70663      3749.47105      5.60404936e-09  -0.0653245748  
2811.70663      3749.47105      9.96556558e-09  -0.00402545411 
2811.70663      3749.47105      1.77215601e-08  -0.044058194   
2811.70663      3749.47105      3.15138854e-08  -0.342994422   
2811.70663      3749.47105      5.60404936e-08  -1.1862514     
2811.70663      3749.47105      9.96556558e-08  -3.09073308    
2811.70663      3749.47105      1.77215601e-07  -7.01472966    
2811.70663      3749.47105      3.15138854e-07  -14.7627239    
2811.70663      3749.47105      5.60404936e-07  -29.7310029    
2811.70663      3749.47105      9.96556558e-07  -58.2398482    
2811.70663      3749.47105      1.77215601e-06  -111.893556    
2811.70663      3749.47105      3.15138854e-06  -211.773809    
2811.70663      3749.47105      5.60404936e-06  -395.897776    
2811.70663      3749.47105      9.96556558e-06  -732.46093     
2811.70663      3749.47105      1.77215601e-05  -1343.34918    
2811.70663      3749.47105      3.15138854e-05  -2445.92939    
2811.70663      3749.47105      5.60404936e-05  -4427.38128    
2811.70663      3749.47105      9.96556558e-05  -7976.94972    
3749.47105      5000            0               6.65282864e-05 
3749.47105      5000            1.77215601e-10  -0.00731209408 
3749.47105      5000            3.15138854e-10  -0.0130559365  
3749.47105      5000            5.60404936e-10  -0.02327271    
3749.47105      5000            9.96556558e-10  -0.0414492397  
3749.47105      5000            1.77215601e-09  -0.0737981527  
3749.47105      5000            3.15138854e-09  -0.131404943   
3749.47105      5000            5.60404936e-09  -0.234099305   
3749.47105      5000            9.96556558e-09  -0.417498412   
3749.47105      5000            1.77215601e-08  -0.745986608   
3749.47105      5000            3.15138854e-08  -1.33700778    
3749.47105      5000            5.60404936e-08  -2.40713459    
3749.47105      5000            9.96556558e-08  -4.35969883    
3749.47105      5000            1.77215601e-07  -7.94954863    
3749.47105      5000            3.15138854e-07  -14.5867797    
3749.47105      5000            5.60404936e-07  -26.8876363    
3749.47105      5000            9.96556558e-07  -49.6633746    
3749.47105      5000            1.77215601e-06  -91.6834633    
3749.47105      5000            3.15138854e-06  -168.814002    
3749.47105      5000            5.60404936e-06  -309.608626    
3749.47105      5000            9.96556558e-06  -565.260998    
3749.47105      5000            1.77215601e-05  -1027.2851     
3749.47105      5000            3.15138854e-05  -1858.89548    
3749.47105      5000            5.60404936e-05  -3350.75577    
3749.47105      5000            9.96556558e-05  -6020.13839    
5000            6667.60716      0               1.08550466e-08 
5000            6667.60716      1.77215601e-10  -0.0066837677  
5000            6667.60716      3.15138854e-10  -0.0118858005  
5000            6667.60716      5.60404936e-10  -0.0211368693  
5000            6667.60716      9.96556558e-10  -0.0375891216  
5000            6667.60716      1.77215601e-09  -0.0668498254  
5000            6667.60716      3.15138854e-09  -0.11889616    
5000            6667.60716      5.60404936e-09  -0.211488861   
5000            6667.60716      9.96556558e-09  -0.376269451   
5000            6667.60716      1.77215601e-08  -0.669685472   
5000            6667.60716      3.15138854e-08  -1.19266808    
5000            6667.60716      5.60404936e-08  -2.12635159    
5000            6667.60716      9.96556558e-08  -3.79758635    
5000            6667.60716      1.77215601e-07  -6.800359      
5000            6667.60716      3.15138854e-07  -12.2218639    
5000            6667.60716      5.60404936e-07  -22.0599028    
5000            6667.60716      9.96556558e-07  -39.9775931    
5000            6667.60716      1.77215601e-06  -72.6414508    
5000            6667.60716      3.15138854e-06  -132.082345    
5000            6667.60716      5.60404936e-06  -239.882317    
5000            6667.60716      9.96556558e-06  -434.623398    
5000            6667.60716      1.77215601e-05  -785.13911     
5000            6667.60716      3.15138854e-05  -1414.07407    
5000            6667.60716      5.60404936e-05  -2539.76084    
5000            6667.60716      9.96556558e-05  -4550.66686    
6667.60716      8891.39705      0               9.32300281e-09 
6667.60716      8891.39705      1.77215601e-10  -0.00574028396 
6667.60716      8891.39705      3.15138854e-10  -0.0102078825  
6667.60716      8891.39705      5.60404936e-10  -0.0181526216  
6667.60716      8891.39705      9.96556558e-10  -0.0322809052  
6667.60716      8891.39705      1.77215601e-09  -0.0574059446  
6667.60716      8891.39705      3.15138854e-09  -0.102088453   
6667.60716      8891.39705      5.60404936e-09  -0.181556423   
6667.60716      8891.39705      9.96556558e-09  -0.322904081   
6667.60716      8891.39705      1.77215601e-08  -0.574358032   
6667.60716      8891.39705      3.15138854e-08  -1.02181895    
6667.60716      8891.39705      5.60404936e-08  -1.81846661    
6667.60716      8891.39705      9.96556558e-08  -3.23794021    
6667.60716      8891.39705      1.77215601e-07  -5.77029546    
6667.60716      8891.39705      3.15138854e-07  -10.2957796    
6667.60716      8891.39705      5.60404936e-07  -18.3994872    
6667.60716      8891.39705      9.96556558e-07  -32.9377212    
6667.60716      8891.39705      1.77215601e-06  -59.0481011    
6667.60716      8891.39705      3.15138854e-06  -105.94009     
6667.60716      8891.39705      5.60404936e-06  -190.068171    
6667.60716      8891.39705      9.96556558e-06  -340.769751    
6667.60716      8891.39705      1.77215601e-05  -610.296707    
6667.60716      8891.39705      3.15138854e-05  -1091.66307    
6667.60716      8891.39705      5.60404936e-05  -1950.39192    
6667.60716      8891.39705      9.96556558e-05  -3480.98563    
8891.39705      11856.8685      0               6.71661837e-09 
8891.39705      11856.8685      1.77215601e-10  -0.00413559839 
8891.39705      11856.8685      3.15138854e-10  -0.00735429934 
8891.39705      11856.8685      5.60404936e-10  -0.0130781454  
8891.39705      11856.8685      9.96556558e-10  -0.0232570481  
8891.39705      11856.8685      1.77215601e-09  -0.0413589446  
8891.39705      11856.8685      3.15138854e-09  -0.0735522164  
8891.39705      11856.8685      5.60404936e-09  -0.130810441   
8891.39705      11856.8685      9.96556558e-09  -0.23266174    
8891.39705      11856.8685      1.77215601e-08  -0.413876381   
8891.39705      11856.8685      3.15138854e-08  -0.736420991   
8891.39705      11856.8685      5.60404936e-08  -1.31090069    
8891.39705      11856.8685      9.96556558e-08  -2.33521441    
8891.39705      11856.8685      1.77215601e-07  -4.16468297    
8891.39705      11856.8685      3.15138854e-07  -7.43998797    
8891.39705      11856.8685      5.60404936e-07  -13.3207884    
8891.39705      11856.8685      9.96556558e-07  -23.9092892    
8891.39705      11856.8685      1.77215601e-06  -43.0087318    
8891.39705      11856.8685      3.15138854e-06  -77.4695817    
8891.39705      11856.8685      5.60404936e-06  -139.578618    
8891.39705      11856.8685      9.96556558e-06  -251.31559     
8891.39705      11856.8685      1.77215601e-05  -451.941689    
8891.39705      11856.8685      3.15138854e-05  -811.487424    
8891.39705      11856.8685      5.60404936e-05  -1454.68254    
8891.39705      11856.8685      9.96556558e-05  -2603.45569    
11856.8685      15811.3883      0               5.3101985e-09  
11856.8685      15811.3883      1.77215601e-10  -0.00326957505 
11856.8685      15811.3883      3.15138854e-10  -0.00581423914 
11856.8685      15811.3883      5.60404936e-10  -0.0103393997  
11856.8685      15811.3883      9.96556558e-10  -0.0183865157  
11856.8685      15811.3883      1.77215601e-09  -0.0326969038  
11856.8685      15811.3883      3.15138854e-09  -0.0581459327  
11856.8685      15811.3883      5.60404936e-09  -0.103405078   
11856.8685      15811.3883      9.96556558e-09  -0.183900021   
11856.8685      15811.3883      1.77215601e-08  -0.327078758   
11856.8685      15811.3883      3.15138854e-08  -0.58180382    
11856.8685      15811.3883      5.60404936e-08  -1.03512703    
11856.8685      15811.3883      9.96556558e-08  -1.84233283    
11856.8685      15811.3883      1.77215601e-07  -3.28095339    
11856.8685      15811.3883      3.15138854e-07  -5.84830159    
11856.8685      15811.3883      5.60404936e-07  -10.4380646    
11856.8685      15811.3883      9.96556558e-07  -18.6594516    
11856.8685      15811.3883      1.77215601e-06  -33.4097198    
11856.8685      15811.3883      3.15138854e-06  -59.892161     
11856.8685      15811.3883      5.60404936e-06  -107.41753     
11856.8685      15811.3883      9.96556558e-06  -192.593348    
11856.8685      15811.3883      1.77215601e-05  -344.987009    
11856.8685      15811.3883      3.15138854e-05  -617.20395     
11856.8685      15811.3883      5.60404936e-05  -1102.82881    
11856.8685      15811.3883      9.96556558e-05  -1968.3475     
15811.3883      21084.8252      0               4.28087787e-09 
15811.3883      21084.8252      1.77215601e-10  -0.00263588271 
15811.3883      21084.8252      3.15138854e-10  -0.00468733931 
15811.3883      21084.8252      5.60404936e-10  -0.0083354024  
15811.3883      21084.8252      9.96556558e-10  -0.0148226781  
15811.3883      21084.8252      1.77215601e-09  -0.0263588676  
15811.3883      21084.8252      3.15138854e-09  -0.0468734379  
15811.3883      21084.8252      5.60404936e-09  -0.0833540825  
15811.3883      21084.8252      9.96556558e-09  -0.148226883   
15811.3883      21084.8252      1.77215601e-08  -0.263588914   
15811.3883      21084.8252      3.15138854e-08  -0.468735049   
15811.3883      21084.8252      5.60404936e-08  -0.833542859   
15811.3883      21084.8252      9.96556558e-08  -1.48227517    
15811.3883      21084.8252      1.77215601e-07  -2.63590908    
15811.3883      21084.8252      3.15138854e-07  -4.68741325    
15811.3883      21084.8252      5.60404936e-07  -8.33562589    
15811.3883      21084.8252      9.96556558e-07  -14.8233695    
15811.3883      21084.8252      1.77215601e-06  -26.3610111    
15811.3883      21084.8252      3.15138854e-06  -46.8800284    
15811.3883      21084.8252      5.60404936e-06  -83.3739943    
15811.3883      21084.8252      9.96556558e-06  -148.285367    
15811.3883      21084.8252      1.77215601e-05  -263.753843    
15811.3883      21084.8252      3.15138854e-05  -469.176482    
15811.3883      21084.8252      5.60404936e-05  -834.656717    
15811.3883      21084.8252      9.96556558e-05  -1484.9257     
21084.8252      28117.0663      0               1.73675731e-05 
21084.8252      28117.0663      1.77215601e-10  -0.00190863585 
21084.8252      28117.0663      3.15138854e-10  -0.00340760547 
21084.8252      28117.0663      5.60404936e-10  -0.00607319405 
21084.8252      28117.0663      9.96556558e-10  -0.0108133609  
21084.8252      28117.0663      1.77215601e-09  -0.0192427196  
21084.8252      28117.0663      3.15138854e-09  -0.0342325302  
21084.8252      28117.0663      5.60404936e-09  -0.0608887777  
21084.8252      28117.0663      9.96556558e-09  -0.10829159    
21084.8252      28117.0663      1.77215601e-08  -0.19258879    
21084.8252      28117.0663      3.15138854e-08  -0.342498307   
21084.8252      28117.0663      5.60404936e-08  -0.60909678    
21084.8252      28117.0663      9.96556558e-08  -1.08323827    
21084.8252      28117.0663      1.77215601e-07  -1.92656614    
21084.8252      28117.0663      3.15138854e-07  -3.42677222    
21084.8252      28117.0663      5.60404936e-07  -6.09619134    
21084.8252      28117.0663      9.96556558e-07  -10.8480496    
21084.8252      28117.0663      1.77215601e-06  -19.3122308    
21084.8252      28117.0663      3.15138854e-06  -34.4018935    
21084.8252      28117.0663      5.60404936e-06  -61.3292943    
21084.8252      28117.0663      9.96556558e-06  -109.418844    
21084.8252      28117.0663      1.77215601e-05  -195.325214    
21084.8252      28117.0663      3.15138854e-05  -348.734346    
21084.8252      28117.0663      5.60404936e-05  -622.483653    
21084.8252      28117.0663      9.96556558e-05  -1110.56203    
28117.0663      37494.7105      0               2.42641818e-09 
28117.0663      37494.7105      1.77215601e-10  -0.0014939585  
28117.0663      37494.7105      3.15138854e-10  -0.00265667774 
28117.0663      37494.7105      5.60404936e-10  -0.00472431788 
28117.0663      37494.7105      9.96556558e-10  -0.00840116123 
28117.0663      37494.7105      1.77215601e-09  -0.0149396207  
28117.0663      37494.7105      3.15138854e-09  -0.026566843   
28117.0663      37494.7105      5.60404936e-09  -0.0472433392  
28117.0663      37494.7105      9.96556558e-09  -0.0840120723  
28117.0663      37494.7105      1.77215601e-08  -0.149397613   
28117.0663      37494.7105      3.15138854e-08  -0.265672828   
28117.0663      37494.7105      5.60404936e-08  -0.47244723    
28117.0663      37494.7105      9.96556558e-08  -0.840164317   
28117.0663      37494.7105      1.77215601e-07  -1.49411328    
28117.0663      37494.7105      3.15138854e-07  -2.65715821    
28117.0663      37494.7105      5.60404936e-07  -4.72581157    
28117.0663      37494.7105      9.96556558e-07  -8.40576927    
28117.0663      37494.7105      1.77215601e-06  -14.9536124    
28117.0663      37494.7105      3.15138854e-06  -26.6082295    
28117.0663      37494.7105      5.60404936e-06  -47.3610653    
28117.0663      37494.7105      9.96556558e-06  -84.3297243    
28117.0663      37494.7105      1.77215601e-05  -150.201953    
28117.0663      37494.7105      3.15138854e-05  -267.576189    
28117.0663      37494.7105      5.60404936e-05  -476.669175    
28117.0663      37494.7105      9.96556558e-05  -849.013929    
37494.7105      50000           0               9.69750391e-06 
37494.7105      50000           1.77215601e-10  -0.0010657238  
37494.7105      50000           3.15138854e-10  -0.00190270512 
37494.7105      50000           5.60404936e-10  -0.00339109838 
37494.7105      50000           9.96556558e-10  -0.00603789837 
37494.7105      50000           1.77215601e-09  -0.0107447144  
37494.7105      50000           3.15138854e-09  -0.0191149572  
37494.7105      50000           5.60404936e-09  -0.0340002472  
37494.7105      50000           9.96556558e-09  -0.0604725335  
37494.7105      50000           1.77215601e-08  -0.107554214   
37494.7105      50000           3.15138854e-08  -0.191299206   
37494.7105      50000           5.60404936e-08  -0.340285643   
37494.7105      50000           9.96556558e-08  -0.605424927   
37494.7105      50000           1.77215601e-07  -1.07752679    
37494.7105      50000           3.15138854e-07  -1.91887251    
37494.7105      50000           5.60404936e-07  -3.4202075     
37494.7105      50000           9.96556558e-07  -6.10386585    
37494.7105      50000           1.77215601e-06  -10.9098146    
37494.7105      50000           3.15138854e-06  -19.5280604    
37494.7105      50000           5.60404936e-06  -34.9863686    
37494.7105      50000           9.96556558e-06  -62.6870355    
37494.7105      50000           1.77215601e-05  -112.245507    
37494.7105      50000           3.15138854e-05  -200.764162    
37494.7105      50000           5.60404936e-05  -358.660229    
37494.7105      50000           9.96556558e-05  -640.02791     
50000           66676.0716      0               1.39502276e-09 
50000           66676.0716      1.77215601e-10  -0.000858908453
50000           66676.0716      3.15138854e-10  -0.0015273803  
50000           66676.0716      5.60404936e-10  -0.00271611003 
50000           66676.0716      9.96556558e-10  -0.00483000364 
50000           66676.0716      1.77215601e-09  -0.00858909714 
50000           66676.0716      3.15138854e-09  -0.0152738158  
50000           66676.0716      5.60404936e-09  -0.0271611135  
50000           66676.0716      9.96556558e-09  -0.0483000508  
50000           66676.0716      1.77215601e-08  -0.0858909897  
50000           66676.0716      3.15138854e-08  -0.152738188   
50000           66676.0716      5.60404936e-08  -0.271611205   
50000           66676.0716      9.96556558e-08  -0.483000702   
50000           66676.0716      1.77215601e-07  -0.858910484   
50000           66676.0716      3.15138854e-07  -1.52738371    
50000           66676.0716      5.60404936e-07  -2.71611779    
50000           66676.0716      9.96556558e-07  -4.83002514    
50000           66676.0716      1.77215601e-06  -8.58916196    
50000           66676.0716      3.15138854e-06  -15.2740169    
50000           66676.0716      5.60404936e-06  -27.1617418    
50000           66676.0716      9.96556558e-06  -48.3020087    
50000           66676.0716      1.77215601e-05  -85.8970384    
50000           66676.0716      3.15138854e-05  -152.756581    
50000           66676.0716      5.60404936e-05  -271.665715    
50000           66676.0716      9.96556558e-05  -483.156143    
66676.0716      88913.9705      0               1.02448894e-09 
66676.0716      88913.9705      1.77215601e-10  -0.000630801334
66676.0716      88913.9705      3.15138854e-10  -0.0011217419  
66676.0716      88913.9705      5.60404936e-10  -0.00199477157 
66676.0716      88913.9705      9.96556558e-10  -0.00354726281 
66676.0716      88913.9705      1.77215601e-09  -0.00630802773 
66676.0716      88913.9705      3.15138854e-09  -0.0112174446  
66676.0716      88913.9705      5.60404936e-09  -0.0199477766  
66676.0716      88913.9705      9.96556558e-09  -0.0354728006  
66676.0716      88913.9705      1.77215601e-08  -0.0630808025  
66676.0716      88913.9705      3.15138854e-08  -0.112176086   
66676.0716      88913.9705      5.60404936e-08  -0.199482927   
66676.0716      88913.9705      9.96556558e-08  -0.354744276   
66676.0716      88913.9705      1.77215601e-07  -0.630859281   
66676.0716      88913.9705      3.15138854e-07  -1.12192195    
66676.0716      88913.9705      5.60404936e-07  -1.99533329    
66676.0716      88913.9705      9.96556558e-07  -3.54900721    
66676.0716      88913.9705      1.77215601e-06  -6.31338329    
66676.0716      88913.9705      3.15138854e-06  -11.2335618    
66676.0716      88913.9705      5.60404936e-06  -19.9947721    
66676.0716      88913.9705      9.96556558e-06  -35.6036773    
66676.0716      88913.9705      1.77215601e-05  -63.4239747    
66676.0716      88913.9705      3.15138854e-05  -113.015317    
66676.0716      88913.9705      5.60404936e-05  -201.394876    
66676.0716      88913.9705      9.96556558e-05  -358.830312    
88913.9705      118568.685      0               -1.82781215    
88913.9705      118568.685      1.77215601e-10  -1.82071479    
88913.9705      118568.685      3.15138854e-10  -1.81523052    
88913.9705      118568.685      5.60404936e-10  -1.80556197    
88913.9705      118568.685      9.96556558e-10  -1.78862818    
88913.9705      118568.685      1.77215601e-09  -1.75930398    
88913.9705      118568.685      3.15138854e-09  -1.70948558    
88913.9705      118568.685      5.60404936e-09  -1.62744871    
88913.9705      118568.685      9.96556558e-09  -1.49870625    
88913.9705      118568.685      1.77215601e-08  -1.31010772    
88913.9705      118568.685      3.15138854e-08  -1.05755598    
88913.9705      118568.685      5.60404936e-08  -0.754059468   
88913.9705      118568.685      9.96556558e-08  -0.433888358   
88913.9705      118568.685      1.77215601e-07  -0.154476766   
88913.9705      118568.685      3.15138854e-07  -0.0038466035  
88913.9705      118568.685      5.60404936e-07  -0.121770635   
88913.9705      118568.685      9.96556558e-07  -0.742705057   
88913.9705      118568.685      1.77215601e-06  -2.27362627    
88913.9705      118568.685      3.15138854e-06  -5.4318911     
88913.9705      118568.685      5.60404936e-06  -11.4893363    
88913.9705      118568.685      9.96556558e-06  -22.7054789    
88913.9705      118568.685      1.77215601e-05  -43.0973621    
88913.9705      118568.685      3.15138854e-05  -79.8085379    
88913.9705      118568.685      5.60404936e-05  -145.544292    
88913.9705      118568.685      9.96556558e-05  -262.904501    
118568.685      158113.883      0               0.000109620683 
118568.685      158113.883      1.77215601e-10  -0.000247987379
118568.685      158113.883      3.15138854e-10  -0.000526306371
118568.685      158113.883      5.60404936e-10  -0.0010212353  
118568.685      158113.883      9.96556558e-10  -0.00190135723 
118568.685      158113.883      1.77215601e-09  -0.00346645994 
118568.685      158113.883      3.15138854e-09  -0.00624964986 
118568.685      158113.883      5.60404936e-09  -0.0111989392  
118568.685      158113.883      9.96556558e-09  -0.0200001585  
118568.685      158113.883      1.77215601e-08  -0.0356511856  
118568.685      158113.883      3.15138854e-08  -0.0634830848  
118568.685      158113.883      5.60404936e-08  -0.112975978   
118568.685      158113.883      9.96556558e-08  -0.200988171   
118568.685      158113.883      1.77215601e-07  -0.357498442   
118568.685      158113.883      3.15138854e-07  -0.635817435   
118568.685      158113.883      5.60404936e-07  -1.13074637    
118568.685      158113.883      9.96556558e-07  -2.01086831    
118568.685      158113.883      1.77215601e-06  -3.57597103    
118568.685      158113.883      3.15138854e-06  -6.35916101    
118568.685      158113.883      5.60404936e-06  -11.3084505    
118568.685      158113.883      9.96556558e-06  -20.1096704    
118568.685      158113.883      1.77215601e-05  -35.7606994    
118568.685      158113.883      3.15138854e-05  -63.5926046    
118568.685      158113.883      5.60404936e-05  -113.085517    
118568.685      158113.883      9.96556558e-05  -201.09777     
158113.883      210848.252      0               4.33686864e-10 
158113.883      210848.252      1.77215601e-10  -0.000267026696
158113.883      210848.252      3.15138854e-10  -0.000474848412
158113.883      210848.252      5.60404936e-10  -0.000844413493
158113.883      210848.252      9.96556558e-10  -0.00150160347 
158113.883      210848.252      1.77215601e-09  -0.00267027087 
158113.883      210848.252      3.15138854e-09  -0.00474848805 
158113.883      210848.252      5.60404936e-09  -0.0084441389  
158113.883      210848.252      9.96556558e-09  -0.0150160388  
158113.883      210848.252      1.77215601e-08  -0.0267027133  
158113.883      210848.252      3.15138854e-08  -0.0474848866  
158113.883      210848.252      5.60404936e-08  -0.0844413999  
158113.883      210848.252      9.96556558e-08  -0.150160414   
158113.883      210848.252      1.77215601e-07  -0.267027207   
158113.883      210848.252      3.15138854e-07  -0.474849092   
158113.883      210848.252      5.60404936e-07  -0.844414703   
158113.883      210848.252      9.96556558e-07  -1.50160636    
158113.883      210848.252      1.77215601e-06  -2.67027906    
158113.883      210848.252      3.15138854e-06  -4.74851299    
158113.883      210848.252      5.60404936e-06  -8.44421658    
158113.883      210848.252      9.96556558e-06  -15.0162821    
158113.883      210848.252      1.77215601e-05  -26.7034745    
158113.883      210848.252      3.15138854e-05  -47.4872526    
158113.883      210848.252      5.60404936e-05  -84.4486661    
158113.883      210848.252      9.96556558e-05  -150.182289    
210848.252      281170.663      0               0.000383877952 
210848.252      281170.663      1.77215601e-10  0.0001839796   
210848.252      281170.663      3.15138854e-10  2.84028282e-05 
210848.252      281170.663      5.60404936e-10  -0.000248256142
210848.252      281170.663      9.96556558e-10  -0.000740233092
210848.252      281170.663      1.77215601e-09  -0.00161510557 
210848.252      281170.663      3.15138854e-09  -0.00317087329 
210848.252      281170.663      5.60404936e-09  -0.00593746299 
210848.252      281170.663      9.96556558e-09  -0.0108572325  
210848.252      281170.663      1.77215601e-08  -0.0196059573  
210848.252      281170.663      3.15138854e-08  -0.0351636345  
210848.252      281170.663      5.60404936e-08  -0.0628295315  
210848.252      281170.663      9.96556558e-08  -0.112027227   
210848.252      281170.663      1.77215601e-07  -0.199514475   
210848.252      281170.663      3.15138854e-07  -0.355091249   
210848.252      281170.663      5.60404936e-07  -0.631750224   
210848.252      281170.663      9.96556558e-07  -1.12372719    
210848.252      281170.663      1.77215601e-06  -1.99859972    
210848.252      281170.663      3.15138854e-06  -3.5543676     
210848.252      281170.663      5.60404936e-06  -6.3209578     
210848.252      281170.663      9.96556558e-06  -11.2407289    
210848.252      281170.663      1.77215601e-05  -19.9894587    
210848.252      281170.663      3.15138854e-05  -35.5471517    
210848.252      281170.663      5.60404936e-05  -63.2130985    
210848.252      281170.663      9.96556558e-05  -112.41095     
281170.663      374947.105      0               2.41400233e-10 
281170.663      374947.105      1.77215601e-10  -0.000148632507
281170.663      374947.105      3.15138854e-10  -0.000264310315
281170.663      374947.105      5.60404936e-10  -0.00047001778 
281170.663      374947.105      9.96556558e-10  -0.000835823128
281170.663      374947.105      1.77215601e-09  -0.00148632725 
281170.663      374947.105      3.15138854e-09  -0.00264310533 
281170.663      374947.105      5.60404936e-09  -0.00470017997 
281170.663      374947.105      9.96556558e-09  -0.00835823345 
281170.663      374947.105      1.77215601e-08  -0.0148632746  
281170.663      374947.105      3.15138854e-08  -0.0264310554  
281170.663      374947.105      5.60404936e-08  -0.0470018019  
281170.663      374947.105      9.96556558e-08  -0.0835823367  
281170.663      374947.105      1.77215601e-07  -0.148632749   
281170.663      374947.105      3.15138854e-07  -0.264310557   
281170.663      374947.105      5.60404936e-07  -0.470018021   
281170.663      374947.105      9.96556558e-07  -0.835823369   
281170.663      374947.105      1.77215601e-06  -1.48632749    
281170.663      374947.105      3.15138854e-06  -2.64310557    
281170.663      374947.105      5.60404936e-06  -4.70018021    
281170.663      374947.105      9.96556558e-06  -8.35823369    
281170.663      374947.105      1.77215601e-05  -14.8632749    
281170.663      374947.105      3.15138854e-05  -26.4310557    
281170.663      374947.105      5.60404936e-05  -47.0018021    
281170.663      374947.105      9.96556558e-05  -83.5823369    
374947.105      500000          0               0.00111523807  
374947.105      500000          1.77215601e-10  0.00100720467  
374947.105      500000          3.15138854e-10  0.0009231245   
374947.105      500000          5.60404936e-10  0.000773606462 
374947.105      500000          9.96556558e-10  0.000507721614 
374947.105      500000          1.77215601e-09  3.49040637e-05 
374947.105      500000          3.15138854e-09  -0.000805897651
374947.105      500000          5.60404936e-09  -0.00230107803 
374947.105      500000          9.96556558e-09  -0.00495992651 
374947.105      500000          1.77215601e-08  -0.00968810202 
374947.105      500000          3.15138854e-08  -0.0180961192  
374947.105      500000          5.60404936e-08  -0.033047923   
374947.105      500000          9.96556558e-08  -0.0596364078  
374947.105      500000          1.77215601e-07  -0.106918163   
374947.105      500000          3.15138854e-07  -0.190998335   
374947.105      500000          5.60404936e-07  -0.340516374   
374947.105      500000          9.96556558e-07  -0.606401227   
374947.105      500000          1.77215601e-06  -1.07921879    
374947.105      500000          3.15138854e-06  -1.92002056    
374947.105      500000          5.60404936e-06  -3.4152011     
374947.105      500000          9.96556558e-06  -6.07405008    
374947.105      500000          1.77215601e-05  -10.8022272    
374947.105      500000          3.15138854e-05  -19.2102494    
374947.105      500000          5.60404936e-05  -34.1620691    
374947.105      500000          9.96556558e-05  -60.750604     
