### /nfs/slac/g/ki/ki20/cta/mdwood/fermi/dsph_pipeline/des_dwarfs/v6/p302_6yr_source_psf0123_point_gs_jsigma0.6/results/like_draco.txt
#[0]emin(MeV) [1]emax(MeV) [2]eflux(MeV/cm^2/s) [3]deltaLogLike
500             666.760716      0               -0.386092833   
500             666.760716      1.77215601e-10  -0.382680352   
500             666.760716      3.15138854e-10  -0.380035848   
500             666.760716      5.60404936e-10  -0.375357712   
500             666.760716      9.96556558e-10  -0.367116116   
500             666.760716      1.77215601e-09  -0.352704356   
500             666.760716      3.15138854e-09  -0.327843829   
500             666.760716      5.60404936e-09  -0.286038428   
500             666.760716      9.96556558e-09  -0.219167497   
500             666.760716      1.77215601e-08  -0.12318327    
500             666.760716      3.15138854e-08  -0.0214422937  
500             666.760716      5.60404936e-08  -0.0412170115  
500             666.760716      9.96556558e-08  -0.633754193   
500             666.760716      1.77215601e-07  -3.14213542    
500             666.760716      3.15138854e-07  -11.130511     
500             666.760716      5.60404936e-07  -33.2470745    
500             666.760716      9.96556558e-07  -88.9976801    
500             666.760716      1.77215601e-06  -219.840131    
500             666.760716      3.15138854e-06  -509.843283    
500             666.760716      5.60404936e-06  -1123.47764    
500             666.760716      9.96556558e-06  -2374.00188    
500             666.760716      1.77215601e-05  -4846.12852    
500             666.760716      3.15138854e-05  -9614.4722     
500             666.760716      5.60404936e-05  -18631.0435    
500             666.760716      9.96556558e-05  -35411.9003    
666.760716      889.139705      0               0.00159992613  
666.760716      889.139705      1.77215601e-10  -0.0110796862  
666.760716      889.139705      3.15138854e-10  -0.0209546056  
666.760716      889.139705      5.60404936e-10  -0.0385293105  
666.760716      889.139705      9.96556558e-10  -0.0698273206  
666.760716      889.139705      1.77215601e-09  -0.12562671    
666.760716      889.139705      3.15138854e-09  -0.225302969   
666.760716      889.139705      5.60404936e-09  -0.403964214   
666.760716      889.139705      9.96556558e-09  -0.726063817   
666.760716      889.139705      1.77215601e-08  -1.31237602    
666.760716      889.139705      3.15138854e-08  -2.39594422    
666.760716      889.139705      5.60404936e-08  -4.44316899    
666.760716      889.139705      9.96556558e-08  -8.42226983    
666.760716      889.139705      1.77215601e-07  -16.3949323    
666.760716      889.139705      3.15138854e-07  -32.7755603    
666.760716      889.139705      5.60404936e-07  -66.8831014    
666.760716      889.139705      9.96556558e-07  -137.886444    
666.760716      889.139705      1.77215601e-06  -284.098964    
666.760716      889.139705      3.15138854e-06  -580.099315    
666.760716      889.139705      5.60404936e-06  -1167.79738    
666.760716      889.139705      9.96556558e-06  -2312.20929    
666.760716      889.139705      1.77215601e-05  -4500.97158    
666.760716      889.139705      3.15138854e-05  -8621.2979     
666.760716      889.139705      5.60404936e-05  -16274.1823    
666.760716      889.139705      9.96556558e-05  -30332.2188    
889.139705      1185.68685      0               -0.32091438    
889.139705      1185.68685      1.77215601e-10  -0.316565335   
889.139705      1185.68685      3.15138854e-10  -0.313203709   
889.139705      1185.68685      5.60404936e-10  -0.307275705   
889.139705      1185.68685      9.96556558e-10  -0.296891225   
889.139705      1185.68685      1.77215601e-09  -0.278918121   
889.139705      1185.68685      3.15138854e-09  -0.248497319   
889.139705      1185.68685      5.60404936e-09  -0.199163872   
889.139705      1185.68685      9.96556558e-09  -0.125926745   
889.139705      1185.68685      1.77215601e-08  -0.0386187129  
889.139705      1185.68685      3.15138854e-08  -0.00534344196 
889.139705      1185.68685      5.60404936e-08  -0.272517055   
889.139705      1185.68685      9.96556558e-08  -1.55422132    
889.139705      1185.68685      1.77215601e-07  -5.65041941    
889.139705      1185.68685      3.15138854e-07  -16.6529491    
889.139705      1185.68685      5.60404936e-07  -43.1871949    
889.139705      1185.68685      9.96556558e-07  -102.524154    
889.139705      1185.68685      1.77215601e-06  -228.117452    
889.139705      1185.68685      3.15138854e-06  -483.373245    
889.139705      1185.68685      5.60404936e-06  -986.59887     
889.139705      1185.68685      9.96556558e-06  -1955.72712    
889.139705      1185.68685      1.77215601e-05  -3787.89696    
889.139705      1185.68685      3.15138854e-05  -7200.75207    
889.139705      1185.68685      5.60404936e-05  -13483.4196    
889.139705      1185.68685      9.96556558e-05  -24942.5558    
1185.68685      1581.13883      0               0.000599234652 
1185.68685      1581.13883      1.77215601e-10  -0.0027361636  
1185.68685      1581.13883      3.15138854e-10  -0.00535256537 
1185.68685      1581.13883      5.60404936e-10  -0.0100495083  
1185.68685      1581.13883      9.96556558e-10  -0.0185412629  
1185.68685      1581.13883      1.77215601e-09  -0.0340787869  
1185.68685      1581.13883      3.15138854e-09  -0.0630702009  
1185.68685      1581.13883      5.60404936e-09  -0.118821669   
1185.68685      1581.13883      9.96556558e-09  -0.230661408   
1185.68685      1581.13883      1.77215601e-08  -0.466798462   
1185.68685      1581.13883      3.15138854e-08  -0.99082872    
1185.68685      1581.13883      5.60404936e-08  -2.19361666    
1185.68685      1581.13883      9.96556558e-08  -4.97388842    
1185.68685      1581.13883      1.77215601e-07  -11.2789842    
1185.68685      1581.13883      3.15138854e-07  -25.0853701    
1185.68685      1581.13883      5.60404936e-07  -54.1721341    
1185.68685      1581.13883      9.96556558e-07  -113.388742    
1185.68685      1581.13883      1.77215601e-06  -230.677723    
1185.68685      1581.13883      3.15138854e-06  -458.0328      
1185.68685      1581.13883      5.60404936e-06  -891.218738    
1185.68685      1581.13883      9.96556558e-06  -1705.02316    
1185.68685      1581.13883      1.77215601e-05  -3215.978      
1185.68685      1581.13883      3.15138854e-05  -5993.69094    
1185.68685      1581.13883      5.60404936e-05  -11058.5456    
1185.68685      1581.13883      9.96556558e-05  -20233.2019    
1581.13883      2108.48252      0               -0.212502169   
1581.13883      2108.48252      1.77215601e-10  -0.206712324   
1581.13883      2108.48252      3.15138854e-10  -0.2022773     
1581.13883      2108.48252      5.60404936e-10  -0.194542223   
1581.13883      2108.48252      9.96556558e-10  -0.181257242   
1581.13883      2108.48252      1.77215601e-09  -0.159069506   
1581.13883      2108.48252      3.15138854e-09  -0.123898423   
1581.13883      2108.48252      5.60404936e-09  -0.0736482159  
1581.13883      2108.48252      9.96556558e-09  -0.0175780396  
1581.13883      2108.48252      1.77215601e-08  -0.00122317814 
1581.13883      2108.48252      3.15138854e-08  -0.162310766   
1581.13883      2108.48252      5.60404936e-08  -0.843120988   
1581.13883      2108.48252      9.96556558e-08  -2.80538287    
1581.13883      2108.48252      1.77215601e-07  -7.63893661    
1581.13883      2108.48252      3.15138854e-07  -18.5413703    
1581.13883      2108.48252      5.60404936e-07  -41.7813503    
1581.13883      2108.48252      9.96556558e-07  -89.3657087    
1581.13883      2108.48252      1.77215601e-06  -183.811287    
1581.13883      2108.48252      3.15138854e-06  -366.661265    
1581.13883      2108.48252      5.60404936e-06  -713.711987    
1581.13883      2108.48252      9.96556558e-06  -1362.19207    
1581.13883      2108.48252      1.77215601e-05  -2559.10827    
1581.13883      2108.48252      3.15138854e-05  -4747.11647    
1581.13883      2108.48252      5.60404936e-05  -8717.12871    
1581.13883      2108.48252      9.96556558e-05  -15879.7156    
2108.48252      2811.70663      0               0.000264890623 
2108.48252      2811.70663      1.77215601e-10  -0.00953545256 
2108.48252      2811.70663      3.15138854e-10  -0.0171732914  
2108.48252      2811.70663      5.60404936e-10  -0.0307779564  
2108.48252      2811.70663      9.96556558e-10  -0.0550413676  
2108.48252      2811.70663      1.77215601e-09  -0.0984087825  
2108.48252      2811.70663      3.15138854e-09  -0.176210043   
2108.48252      2811.70663      5.60404936e-09  -0.316640019   
2108.48252      2811.70663      9.96556558e-09  -0.572528852   
2108.48252      2811.70663      1.77215601e-08  -1.04510654    
2108.48252      2811.70663      3.15138854e-08  -1.93229234    
2108.48252      2811.70663      5.60404936e-08  -3.62460311    
2108.48252      2811.70663      9.96556558e-08  -6.88761057    
2108.48252      2811.70663      1.77215601e-07  -13.1971624    
2108.48252      2811.70663      3.15138854e-07  -25.3501328    
2108.48252      2811.70663      5.60404936e-07  -48.5794451    
2108.48252      2811.70663      9.96556558e-07  -92.5774003    
2108.48252      2811.70663      1.77215601e-06  -175.133518    
2108.48252      2811.70663      3.15138854e-06  -328.644674    
2108.48252      2811.70663      5.60404936e-06  -611.747109    
2108.48252      2811.70663      9.96556558e-06  -1130.06813    
2108.48252      2811.70663      1.77215601e-05  -2073.17065    
2108.48252      2811.70663      3.15138854e-05  -3780.22915    
2108.48252      2811.70663      5.60404936e-05  -6856.76366    
2108.48252      2811.70663      9.96556558e-05  -12382.1939    
2811.70663      3749.47105      0               1.7592356e-08  
2811.70663      3749.47105      1.77215601e-10  -0.0108339723  
2811.70663      3749.47105      3.15138854e-10  -0.0192685652  
2811.70663      3749.47105      5.60404936e-10  -0.0342734958  
2811.70663      3749.47105      9.96556558e-10  -0.0609749324  
2811.70663      3749.47105      1.77215601e-09  -0.108515543   
2811.70663      3749.47105      3.15138854e-09  -0.193237034   
2811.70663      3749.47105      5.60404936e-09  -0.34445486    
2811.70663      3749.47105      9.96556558e-09  -0.615062102   
2811.70663      3749.47105      1.77215601e-08  -1.10130101    
2811.70663      3749.47105      3.15138854e-08  -1.98018617    
2811.70663      3749.47105      5.60404936e-08  -3.58087564    
2811.70663      3749.47105      9.96556558e-08  -6.52002742    
2811.70663      3749.47105      1.77215601e-07  -11.9548326    
2811.70663      3749.47105      3.15138854e-07  -22.0503962    
2811.70663      3749.47105      5.60404936e-07  -40.8359437    
2811.70663      3749.47105      9.96556558e-07  -75.7556559    
2811.70663      3749.47105      1.77215601e-06  -140.446199    
2811.70663      3749.47105      3.15138854e-06  -259.685129    
2811.70663      3749.47105      5.60404936e-06  -478.194703    
2811.70663      3749.47105      9.96556558e-06  -876.301303    
2811.70663      3749.47105      1.77215601e-05  -1597.8032     
2811.70663      3749.47105      3.15138854e-05  -2899.56682    
2811.70663      3749.47105      5.60404936e-05  -5239.72463    
2811.70663      3749.47105      9.96556558e-05  -9434.44232    
3749.47105      5000            0               0.000253381514 
3749.47105      5000            1.77215601e-10  -0.00376642734 
3749.47105      5000            3.15138854e-10  -0.0069023737  
3749.47105      5000            5.60404936e-10  -0.0124949208  
3749.47105      5000            9.96556558e-10  -0.0224901833  
3749.47105      5000            1.77215601e-09  -0.0404214118  
3749.47105      5000            3.15138854e-09  -0.0727946923  
3749.47105      5000            5.60404936e-09  -0.131851154   
3749.47105      5000            9.96556558e-09  -0.241311014   
3749.47105      5000            1.77215601e-08  -0.448712893   
3749.47105      5000            3.15138854e-08  -0.852049032   
3749.47105      5000            5.60404936e-08  -1.65538469    
3749.47105      5000            9.96556558e-08  -3.27807693    
3749.47105      5000            1.77215601e-07  -6.55691659    
3749.47105      5000            3.15138854e-07  -13.1099995    
3749.47105      5000            5.60404936e-07  -25.9915134    
3749.47105      5000            9.96556558e-07  -50.8713654    
3749.47105      5000            1.77215601e-06  -98.1454577    
3749.47105      5000            3.15138854e-06  -186.678356    
3749.47105      5000            5.60404936e-06  -350.415469    
3749.47105      5000            9.96556558e-06  -650.097597    
3749.47105      5000            1.77215601e-05  -1194.11695    
3749.47105      5000            3.15138854e-05  -2175.6976     
3749.47105      5000            5.60404936e-05  -3939.06864    
3749.47105      5000            9.96556558e-05  -7097.09153    
5000            6667.60716      0               6.19275424e-05 
5000            6667.60716      1.77215601e-10  -0.00680684431 
5000            6667.60716      3.15138854e-10  -0.012154376   
5000            6667.60716      5.60404936e-10  -0.0216674636  
5000            6667.60716      9.96556558e-10  -0.038595985   
5000            6667.60716      1.77215601e-09  -0.0687360072  
5000            6667.60716      3.15138854e-09  -0.122446884   
5000            6667.60716      5.60404936e-09  -0.218310277   
5000            6667.60716      9.96556558e-09  -0.389845343   
5000            6667.60716      1.77215601e-08  -0.698013959   
5000            6667.60716      3.15138854e-08  -1.25481785    
5000            6667.60716      5.60404936e-08  -2.2679578     
5000            6667.60716      9.96556558e-08  -4.12408061    
5000            6667.60716      1.77215601e-07  -7.53968962    
5000            6667.60716      3.15138854e-07  -13.8296926    
5000            6667.60716      5.60404936e-07  -25.3873549    
5000            6667.60716      9.96556558e-07  -46.5515188    
5000            6667.60716      1.77215601e-06  -85.1731355    
5000            6667.60716      3.15138854e-06  -155.420241    
5000            6667.60716      5.60404936e-06  -282.759906    
5000            6667.60716      9.96556558e-06  -512.786437    
5000            6667.60716      1.77215601e-05  -926.896485    
5000            6667.60716      3.15138854e-05  -1670.17701    
5000            6667.60716      5.60404936e-05  -3001.04402    
5000            6667.60716      9.96556558e-05  -5379.55416    
6667.60716      8891.39705      0               1.00581019e-08 
6667.60716      8891.39705      1.77215601e-10  -0.00619330063 
6667.60716      8891.39705      3.15138854e-10  -0.0110137271  
6667.60716      8891.39705      5.60404936e-10  -0.0195864407  
6667.60716      8891.39705      9.96556558e-10  -0.0348331686  
6667.60716      8891.39705      1.77215601e-09  -0.0619525701  
6667.60716      8891.39705      3.15138854e-09  -0.110198776   
6667.60716      8891.39705      5.60404936e-09  -0.196057784   
6667.60716      8891.39705      9.96556558e-09  -0.348937891   
6667.60716      8891.39705      1.77215601e-08  -0.62141448    
6667.60716      8891.39705      3.15138854e-08  -1.10780982    
6667.60716      8891.39705      5.60404936e-08  -1.97820456    
6667.60716      8891.39705      9.96556558e-08  -3.5412382     
6667.60716      8891.39705      1.77215601e-07  -6.36032425    
6667.60716      8891.39705      3.15138854e-07  -11.4665874    
6667.60716      8891.39705      5.60404936e-07  -20.7412233    
6667.60716      8891.39705      9.96556558e-07  -37.5896781    
6667.60716      8891.39705      1.77215601e-06  -68.1251477    
6667.60716      8891.39705      3.15138854e-06  -123.263088    
6667.60716      8891.39705      5.60404936e-06  -222.460575    
6667.60716      8891.39705      9.96556558e-06  -400.402292    
6667.60716      8891.39705      1.77215601e-05  -718.916124    
6667.60716      8891.39705      3.15138854e-05  -1288.15269    
6667.60716      8891.39705      5.60404936e-05  -2304.21728    
6667.60716      8891.39705      9.96556558e-05  -4116.07416    
8891.39705      11856.8685      0               0.000327683591 
8891.39705      11856.8685      1.77215601e-10  -0.00486441418 
8891.39705      11856.8685      3.15138854e-10  -0.00890534115 
8891.39705      11856.8685      5.60404936e-10  -0.0160912906  
8891.39705      11856.8685      9.96556558e-10  -0.0288700818  
8891.39705      11856.8685      1.77215601e-09  -0.0515948648  
8891.39705      11856.8685      3.15138854e-09  -0.0920075271  
8891.39705      11856.8685      5.60404936e-09  -0.163877733   
8891.39705      11856.8685      9.96556558e-09  -0.291699423   
8891.39705      11856.8685      1.77215601e-08  -0.519053547   
8891.39705      11856.8685      3.15138854e-08  -0.923513389   
8891.39705      11856.8685      5.60404936e-08  -1.64325323    
8891.39705      11856.8685      9.96556558e-08  -2.92466596    
8891.39705      11856.8685      1.77215601e-07  -5.207865      
8891.39705      11856.8685      3.15138854e-07  -9.280779      
8891.39705      11856.8685      5.60404936e-07  -16.5574841    
8891.39705      11856.8685      9.96556558e-07  -29.5800559    
8891.39705      11856.8685      1.77215601e-06  -52.9177847    
8891.39705      11856.8685      3.15138854e-06  -94.7669922    
8891.39705      11856.8685      5.60404936e-06  -169.788207    
8891.39705      11856.8685      9.96556558e-06  -304.142497    
8891.39705      11856.8685      1.77215601e-05  -544.446718    
8891.39705      11856.8685      3.15138854e-05  -973.703809    
8891.39705      11856.8685      5.60404936e-05  -1739.63495    
8891.39705      11856.8685      9.96556558e-05  -3105.06382    
11856.8685      15811.3883      0               -0.378408786   
11856.8685      15811.3883      1.77215601e-10  -0.37179934    
11856.8685      15811.3883      3.15138854e-10  -0.36672925    
11856.8685      15811.3883      5.60404936e-10  -0.357869598   
11856.8685      15811.3883      9.96556558e-10  -0.342594054   
11856.8685      15811.3883      1.77215601e-09  -0.31686621    
11856.8685      15811.3883      3.15138854e-09  -0.275257583   
11856.8685      15811.3883      5.60404936e-09  -0.212510143   
11856.8685      15811.3883      9.96556558e-09  -0.128805491   
11856.8685      15811.3883      1.77215601e-08  -0.0410737211  
11856.8685      15811.3883      3.15138854e-08  -0.00060125361 
11856.8685      15811.3883      5.60404936e-08  -0.115631468   
11856.8685      15811.3883      9.96556558e-08  -0.583402751   
11856.8685      15811.3883      1.77215601e-07  -1.74855316    
11856.8685      15811.3883      3.15138854e-07  -4.21700207    
11856.8685      15811.3883      5.60404936e-07  -9.06874823    
11856.8685      15811.3883      9.96556558e-07  -18.240212     
11856.8685      15811.3883      1.77215601e-06  -35.2005287    
11856.8685      15811.3883      3.15138854e-06  -66.1488656    
11856.8685      15811.3883      5.60404936e-06  -122.142373    
11856.8685      15811.3883      9.96556558e-06  -222.878883    
11856.8685      15811.3883      1.77215601e-05  -403.415257    
11856.8685      15811.3883      3.15138854e-05  -726.10439     
11856.8685      15811.3883      5.60404936e-05  -1301.82767    
11856.8685      15811.3883      9.96556558e-05  -2327.7817     
15811.3883      21084.8252      0               5.04974196e-09 
15811.3883      21084.8252      1.77215601e-10  -0.00310911979 
15811.3883      21084.8252      3.15138854e-10  -0.00552888772 
15811.3883      21084.8252      5.60404936e-10  -0.00983191142 
15811.3883      21084.8252      9.96556558e-10  -0.0174838905  
15811.3883      21084.8252      1.77215601e-09  -0.0310912494  
15811.3883      21084.8252      3.15138854e-09  -0.055288942   
15811.3883      21084.8252      5.60404936e-09  -0.0983192207  
15811.3883      21084.8252      9.96556558e-09  -0.174839143   
15811.3883      21084.8252      1.77215601e-08  -0.310913149   
15811.3883      21084.8252      3.15138854e-08  -0.552891392   
15811.3883      21084.8252      5.60404936e-08  -0.983198342   
15811.3883      21084.8252      9.96556558e-08  -1.74841071    
15811.3883      21084.8252      1.77215601e-07  -3.1091922     
15811.3883      21084.8252      3.15138854e-07  -5.52910497    
15811.3883      21084.8252      5.60404936e-07  -9.83258287    
15811.3883      21084.8252      9.96556558e-07  -17.4859775    
15811.3883      21084.8252      1.77215601e-06  -31.0977014    
15811.3883      21084.8252      3.15138854e-06  -55.3086211    
15811.3883      21084.8252      5.60404936e-06  -98.3778995    
15811.3883      21084.8252      9.96556558e-06  -175.008342    
15811.3883      21084.8252      1.77215601e-05  -311.379724    
15811.3883      21084.8252      3.15138854e-05  -554.111407    
15811.3883      21084.8252      5.60404936e-05  -986.211488    
15811.3883      21084.8252      9.96556558e-05  -1755.44132    
21084.8252      28117.0663      0               0.00594099092  
21084.8252      28117.0663      1.77215601e-10  0.00426035328  
21084.8252      28117.0663      3.15138854e-10  0.00295214764  
21084.8252      28117.0663      5.60404936e-10  0.000625360564 
21084.8252      28117.0663      9.96556558e-10  -0.00351368069 
21084.8252      28117.0663      1.77215601e-09  -0.0108783529  
21084.8252      28117.0663      3.15138854e-09  -0.0239883293  
21084.8252      28117.0663      5.60404936e-09  -0.0473439459  
21084.8252      28117.0663      9.96556558e-09  -0.0890088205  
21084.8252      28117.0663      1.77215601e-08  -0.163506998   
21084.8252      28117.0663      3.15138854e-08  -0.297211232   
21084.8252      28117.0663      5.60404936e-08  -0.538549101   
21084.8252      28117.0663      9.96556558e-08  -0.977592983   
21084.8252      28117.0663      1.77215601e-07  -1.78351738    
21084.8252      28117.0663      3.15138854e-07  -3.27420486    
21084.8252      28117.0663      5.60404936e-07  -6.04039534    
21084.8252      28117.0663      9.96556558e-07  -11.1621655    
21084.8252      28117.0663      1.77215601e-06  -20.5894989    
21084.8252      28117.0663      3.15138854e-06  -37.8192508    
21084.8252      28117.0663      5.60404936e-06  -69.0966571    
21084.8252      28117.0663      9.96556558e-06  -125.541307    
21084.8252      28117.0663      1.77215601e-05  -226.922316    
21084.8252      28117.0663      3.15138854e-05  -408.385594    
21084.8252      28117.0663      5.60404936e-05  -732.442245    
21084.8252      28117.0663      9.96556558e-05  -1310.30528    
28117.0663      37494.7105      0               2.65612243e-09 
28117.0663      37494.7105      1.77215601e-10  -0.00163543074 
28117.0663      37494.7105      3.15138854e-10  -0.00290827189 
28117.0663      37494.7105      5.60404936e-10  -0.00517177587 
28117.0663      37494.7105      9.96556558e-10  -0.0091970346  
28117.0663      37494.7105      1.77215601e-09  -0.0163554365  
28117.0663      37494.7105      3.15138854e-09  -0.0290862346  
28117.0663      37494.7105      5.60404936e-09  -0.0517288069  
28117.0663      37494.7105      9.96556558e-09  -0.0920051339  
28117.0663      37494.7105      1.77215601e-08  -0.163663776   
28117.0663      37494.7105      3.15138854e-08  -0.29120525    
28117.0663      37494.7105      5.60404936e-08  -0.518355753   
28117.0663      37494.7105      9.96556558e-08  -0.9233381     
28117.0663      37494.7105      1.77215601e-07  -1.64656417    
28117.0663      37494.7105      3.15138854e-07  -2.94112302    
28117.0663      37494.7105      5.60404936e-07  -5.26481582    
28117.0663      37494.7105      9.96556558e-07  -9.44621739    
28117.0663      37494.7105      1.77215601e-06  -16.9791479    
28117.0663      37494.7105      3.15138854e-06  -30.5389732    
28117.0663      37494.7105      5.60404936e-06  -54.8908346    
28117.0663      37494.7105      9.96556558e-06  -98.5018239    
28117.0663      37494.7105      1.77215601e-05  -176.414065    
28117.0663      37494.7105      3.15138854e-05  -315.362494    
28117.0663      37494.7105      5.60404936e-05  -562.882183    
28117.0663      37494.7105      9.96556558e-05  -1003.50905    
37494.7105      50000           0               -0.036822326   
37494.7105      50000           1.77215601e-10  -0.0364021755  
37494.7105      50000           3.15138854e-10  -0.0360771741  
37494.7105      50000           5.60404936e-10  -0.0355035249  
37494.7105      50000           9.96556558e-10  -0.0344969253  
37494.7105      50000           1.77215601e-09  -0.0327492373  
37494.7105      50000           3.15138854e-09  -0.029773051   
37494.7105      50000           5.60404936e-09  -0.0248852827  
37494.7105      50000           9.96556558e-09  -0.0174113216  
37494.7105      50000           1.77215601e-08  -0.00765804933 
37494.7105      50000           3.15138854e-08  -2.26245286e-05
37494.7105      50000           5.60404936e-08  -0.0109031592  
37494.7105      50000           9.96556558e-08  -0.0850023685  
37494.7105      50000           1.77215601e-07  -0.32277452    
37494.7105      50000           3.15138854e-07  -0.921307428   
37494.7105      50000           5.60404936e-07  -2.23819691    
37494.7105      50000           9.96556558e-07  -4.90509747    
37494.7105      50000           1.77215601e-06  -10.0391807    
37494.7105      50000           3.15138854e-06  -19.6301251    
37494.7105      50000           5.60404936e-06  -37.2330668    
37494.7105      50000           9.96556558e-06  -69.19736      
37494.7105      50000           1.77215601e-05  -126.845045    
37494.7105      50000           3.15138854e-05  -230.341851    
37494.7105      50000           5.60404936e-05  -415.581857    
37494.7105      50000           9.96556558e-05  -746.431193    
50000           66676.0716      0               1.6497097e-09  
50000           66676.0716      1.77215601e-10  -0.00101573122 
50000           66676.0716      3.15138854e-10  -0.0018062552  
50000           66676.0716      5.60404936e-10  -0.00321202771 
50000           66676.0716      9.96556558e-10  -0.00571188403 
50000           66676.0716      1.77215601e-09  -0.0101573271  
50000           66676.0716      3.15138854e-09  -0.0180625669  
50000           66676.0716      5.60404936e-09  -0.0321202921  
50000           66676.0716      9.96556558e-09  -0.0571188557  
50000           66676.0716      1.77215601e-08  -0.101573287   
50000           66676.0716      3.15138854e-08  -0.180625689   
50000           66676.0716      5.60404936e-08  -0.321202955   
50000           66676.0716      9.96556558e-08  -0.571188631   
50000           66676.0716      1.77215601e-07  -1.01573307    
50000           66676.0716      3.15138854e-07  -1.80625749    
50000           66676.0716      5.60404936e-07  -3.21203141    
50000           66676.0716      9.96556558e-07  -5.71189215    
50000           66676.0716      1.77215601e-06  -10.1573491    
50000           66676.0716      3.15138854e-06  -18.062633     
50000           66676.0716      5.60404936e-06  -32.1204971    
50000           66676.0716      9.96556558e-06  -57.1194963    
50000           66676.0716      1.77215601e-05  -101.575288    
50000           66676.0716      3.15138854e-05  -180.631897    
50000           66676.0716      5.60404936e-05  -321.221969    
50000           66676.0716      9.96556558e-05  -571.245672    
66676.0716      88913.9705      0               1.23171162e-09 
66676.0716      88913.9705      1.77215601e-10  -0.00075838615 
66676.0716      88913.9705      3.15138854e-10  -0.00134862343 
66676.0716      88913.9705      5.60404936e-10  -0.00239823025 
66676.0716      88913.9705      9.96556558e-10  -0.00426472442 
66676.0716      88913.9705      1.77215601e-09  -0.0075838726  
66676.0716      88913.9705      3.15138854e-09  -0.0134862455  
66676.0716      88913.9705      5.60404936e-09  -0.0239823136  
66676.0716      88913.9705      9.96556558e-09  -0.0426472555  
66676.0716      88913.9705      1.77215601e-08  -0.0758387376  
66676.0716      88913.9705      3.15138854e-08  -0.134862467   
66676.0716      88913.9705      5.60404936e-08  -0.239823152   
66676.0716      88913.9705      9.96556558e-08  -0.426472583   
66676.0716      88913.9705      1.77215601e-07  -0.758387439   
66676.0716      88913.9705      3.15138854e-07  -1.34862485    
66676.0716      88913.9705      5.60404936e-07  -2.39823206    
66676.0716      88913.9705      9.96556558e-07  -4.2647275     
66676.0716      88913.9705      1.77215601e-06  -7.58387965    
66676.0716      88913.9705      3.15138854e-06  -13.4862651    
66676.0716      88913.9705      5.60404936e-06  -23.9823728    
66676.0716      88913.9705      9.96556558e-06  -42.6474393    
66676.0716      88913.9705      1.77215601e-05  -75.8393115    
66676.0716      88913.9705      3.15138854e-05  -134.864255    
66676.0716      88913.9705      5.60404936e-05  -239.828667    
66676.0716      88913.9705      9.96556558e-05  -426.489324    
88913.9705      118568.685      0               9.19555987e-10 
88913.9705      118568.685      1.77215601e-10  -0.000566177693
88913.9705      118568.685      3.15138854e-10  -0.00100682285 
88913.9705      118568.685      5.60404936e-10  -0.00179041306 
88913.9705      118568.685      9.96556558e-10  -0.0031838554  
88913.9705      118568.685      1.77215601e-09  -0.00566178522 
88913.9705      118568.685      3.15138854e-09  -0.0100682368  
88913.9705      118568.685      5.60404936e-09  -0.017904139   
88913.9705      118568.685      9.96556558e-09  -0.0318385628  
88913.9705      118568.685      1.77215601e-08  -0.0566178622  
88913.9705      118568.685      3.15138854e-08  -0.100682382   
88913.9705      118568.685      5.60404936e-08  -0.179041416   
88913.9705      118568.685      9.96556558e-08  -0.31838569    
88913.9705      118568.685      1.77215601e-07  -0.5661788     
88913.9705      118568.685      3.15138854e-07  -1.00682436    
88913.9705      118568.685      5.60404936e-07  -1.79041586    
88913.9705      118568.685      9.96556558e-07  -3.18386225    
88913.9705      118568.685      1.77215601e-06  -5.66180488    
88913.9705      118568.685      3.15138854e-06  -10.0682968    
88913.9705      118568.685      5.60404936e-06  -17.9043258    
88913.9705      118568.685      9.96556558e-06  -31.8391459    
88913.9705      118568.685      1.77215601e-05  -56.6196739    
88913.9705      118568.685      3.15138854e-05  -100.687948    
88913.9705      118568.685      5.60404936e-05  -179.058183    
88913.9705      118568.685      9.96556558e-05  -318.43467     
118568.685      158113.883      0               0.000114020661 
118568.685      158113.883      1.77215601e-10  -0.000307535759
118568.685      158113.883      3.15138854e-10  -0.000635624442
118568.685      158113.883      5.60404936e-10  -0.00121905779 
118568.685      158113.883      9.96556558e-10  -0.00225656531 
118568.685      158113.883      1.77215601e-09  -0.00410154357 
118568.685      158113.883      3.15138854e-09  -0.00738243046 
118568.685      158113.883      5.60404936e-09  -0.0132167642  
118568.685      158113.883      9.96556558e-09  -0.0235918399  
118568.685      158113.883      1.77215601e-08  -0.0420416245  
118568.685      158113.883      3.15138854e-08  -0.0748504995  
118568.685      158113.883      5.60404936e-08  -0.133193856   
118568.685      158113.883      9.96556558e-08  -0.236944675   
118568.685      158113.883      1.77215601e-07  -0.421442715   
118568.685      158113.883      3.15138854e-07  -0.749532079   
118568.685      158113.883      5.60404936e-07  -1.33296758    
118568.685      158113.883      9.96556558e-07  -2.3704819     
118568.685      158113.883      1.77215601e-06  -4.2154816     
118568.685      158113.883      3.15138854e-06  -7.49643596    
118568.685      158113.883      5.60404936e-06  -13.3309812    
118568.685      158113.883      9.96556558e-06  -23.7067156    
118568.685      158113.883      1.77215601e-05  -42.1585287    
118568.685      158113.883      3.15138854e-05  -74.9735333    
118568.685      158113.883      5.60404936e-05  -133.334857    
118568.685      158113.883      9.96556558e-05  -237.135977    
158113.883      210848.252      0               0.000971400061 
158113.883      210848.252      1.77215601e-10  0.000656358532 
158113.883      210848.252      3.15138854e-10  0.000411168197 
158113.883      210848.252      5.60404936e-10  -2.48487299e-05
158113.883      210848.252      9.96556558e-10  -0.000800208656
158113.883      210848.252      1.77215601e-09  -0.00217901526 
158113.883      210848.252      3.15138854e-09  -0.00463091869 
158113.883      210848.252      5.60404936e-09  -0.00899108817 
158113.883      210848.252      9.96556558e-09  -0.0167446881  
158113.883      210848.252      1.77215601e-08  -0.0305327564  
158113.883      210848.252      3.15138854e-08  -0.0550517976  
158113.883      210848.252      5.60404936e-08  -0.0986535143  
158113.883      210848.252      9.96556558e-08  -0.176189583   
158113.883      210848.252      1.77215601e-07  -0.314070485   
158113.883      210848.252      3.15138854e-07  -0.55926159    
158113.883      210848.252      5.60404936e-07  -0.995280946   
158113.883      210848.252      9.96556558e-07  -1.77064854    
158113.883      210848.252      1.77215601e-06  -3.14947933    
158113.883      210848.252      3.15138854e-06  -5.60145885    
158113.883      210848.252      5.60404936e-06  -9.96186673    
158113.883      210848.252      9.96556558e-06  -17.7162085    
158113.883      210848.252      1.77215601e-05  -31.5065576    
158113.883      210848.252      3.15138854e-05  -56.0324739    
158113.883      210848.252      5.60404936e-05  -99.6542641    
158113.883      210848.252      9.96556558e-05  -177.246215    
210848.252      281170.663      0               3.79394294e-10 
210848.252      281170.663      1.77215601e-10  -0.000233599773
210848.252      281170.663      3.15138854e-10  -0.000415405966
210848.252      281170.663      5.60404936e-10  -0.000738708183
210848.252      281170.663      9.96556558e-10  -0.00131362988 
210848.252      281170.663      1.77215601e-09  -0.00233600138 
210848.252      281170.663      3.15138854e-09  -0.00415406382 
210848.252      281170.663      5.60404936e-09  -0.0073870876  
210848.252      281170.663      9.96556558e-09  -0.0131363097  
210848.252      281170.663      1.77215601e-08  -0.0233600409  
210848.252      281170.663      3.15138854e-08  -0.0415407164  
210848.252      281170.663      5.60404936e-08  -0.0738711157  
210848.252      281170.663      9.96556558e-08  -0.131363847   
210848.252      281170.663      1.77215601e-07  -0.233602772   
210848.252      281170.663      3.15138854e-07  -0.415414621   
210848.252      281170.663      5.60404936e-07  -0.738734677   
210848.252      281170.663      9.96556558e-07  -1.31371254    
210848.252      281170.663      1.77215601e-06  -2.33626024    
210848.252      281170.663      3.15138854e-06  -4.15487219    
210848.252      281170.663      5.60404936e-06  -7.38959209    
210848.252      281170.663      9.96556558e-06  -13.1439591    
210848.252      281170.663      1.77215601e-05  -23.3828623    
210848.252      281170.663      3.15138854e-05  -41.6063927    
210848.252      281170.663      5.60404936e-05  -74.0507621    
210848.252      281170.663      9.96556558e-05  -131.824749    
281170.663      374947.105      0               2.84899215e-10 
281170.663      374947.105      1.77215601e-10  -0.000175415135
281170.663      374947.105      3.15138854e-10  -0.000311937345
281170.663      374947.105      5.60404936e-10  -0.000554711979
281170.663      374947.105      9.96556558e-10  -0.000986433113
281170.663      374947.105      1.77215601e-09  -0.00175415392 
281170.663      374947.105      3.15138854e-09  -0.00311937601 
281170.663      374947.105      5.60404936e-09  -0.00554712235 
281170.663      374947.105      9.96556558e-09  -0.00986433369 
281170.663      374947.105      1.77215601e-08  -0.0175415417  
281170.663      374947.105      3.15138854e-08  -0.0311937627  
281170.663      374947.105      5.60404936e-08  -0.0554712261  
281170.663      374947.105      9.96556558e-08  -0.0986433395  
281170.663      374947.105      1.77215601e-07  -0.17541542    
281170.663      374947.105      3.15138854e-07  -0.311937629   
281170.663      374947.105      5.60404936e-07  -0.554712264   
281170.663      374947.105      9.96556558e-07  -0.986433397   
281170.663      374947.105      1.77215601e-06  -1.7541542     
281170.663      374947.105      3.15138854e-06  -3.1193763     
281170.663      374947.105      5.60404936e-06  -5.54712264    
281170.663      374947.105      9.96556558e-06  -9.86433397    
281170.663      374947.105      1.77215601e-05  -17.541542     
281170.663      374947.105      3.15138854e-05  -31.193763     
281170.663      374947.105      5.60404936e-05  -55.4712264    
281170.663      374947.105      9.96556558e-05  -98.6433397    
374947.105      500000          0               6.89782535e-06 
374947.105      500000          1.77215601e-10  -0.000120612079
374947.105      500000          3.15138854e-10  -0.000219850412
374947.105      500000          5.60404936e-10  -0.000396323897
374947.105      500000          9.96556558e-10  -0.000710143062
374947.105      500000          1.77215601e-09  -0.00126820122 
374947.105      500000          3.15138854e-09  -0.00226058455 
374947.105      500000          5.60404936e-09  -0.0040253194  
374947.105      500000          9.96556558e-09  -0.00716351104 
374947.105      500000          1.77215601e-08  -0.0127440926  
374947.105      500000          3.15138854e-08  -0.022667926   
374947.105      500000          5.60404936e-08  -0.0403152744  
374947.105      500000          9.96556558e-08  -0.0716971909  
374947.105      500000          1.77215601e-07  -0.127503007   
374947.105      500000          3.15138854e-07  -0.22674134    
374947.105      500000          5.60404936e-07  -0.403214825   
374947.105      500000          9.96556558e-07  -0.717033989   
374947.105      500000          1.77215601e-06  -1.27509215    
374947.105      500000          3.15138854e-06  -2.26747548    
374947.105      500000          5.60404936e-06  -4.03221033    
374947.105      500000          9.96556558e-06  -7.17040198    
374947.105      500000          1.77215601e-05  -12.7509836    
374947.105      500000          3.15138854e-05  -22.6748169    
374947.105      500000          5.60404936e-05  -40.3221655    
374947.105      500000          9.96556558e-05  -71.7040823    
