### /nfs/slac/g/ki/ki20/cta/mdwood/fermi/dsph_pipeline/des_dwarfs/v6/p302_6yr_source_psf0123_point_gs_jsigma0.6/results/like_indus_II.txt
#[0]emin(MeV) [1]emax(MeV) [2]eflux(MeV/cm^2/s) [3]deltaLogLike
500             666.760716      0               0.00349823079  
500             666.760716      1.77215601e-10  -0.00030615455 
500             666.760716      3.15138854e-10  -0.00327320546 
500             666.760716      5.60404936e-10  -0.00856279292 
500             666.760716      9.96556558e-10  -0.0180112898  
500             666.760716      1.77215601e-09  -0.0349462653  
500             666.760716      3.15138854e-09  -0.0654798529  
500             666.760716      5.60404936e-09  -0.121090307   
500             666.760716      9.96556558e-09  -0.224078401   
500             666.760716      1.77215601e-08  -0.419876548   
500             666.760716      3.15138854e-08  -0.806511791   
500             666.760716      5.60404936e-08  -1.60778865    
500             666.760716      9.96556558e-08  -3.35572781    
500             666.760716      1.77215601e-07  -7.33148272    
500             666.760716      3.15138854e-07  -16.5729214    
500             666.760716      5.60404936e-07  -38.0353007    
500             666.760716      9.96556558e-07  -86.9778408    
500             666.760716      1.77215601e-06  -195.521556    
500             666.760716      3.15138854e-06  -428.867933    
500             666.760716      5.60404936e-06  -915.342333    
500             666.760716      9.96556558e-06  -1901.09537    
500             666.760716      1.77215601e-05  -3848.57054    
500             666.760716      3.15138854e-05  -7612.52103    
500             666.760716      5.60404936e-05  -14753.3813    
500             666.760716      9.96556558e-05  -28093.9648    
666.760716      889.139705      0               9.87347448e-09 
666.760716      889.139705      1.77215601e-10  -0.00608400885 
666.760716      889.139705      3.15138854e-10  -0.0108260756  
666.760716      889.139705      5.60404936e-10  -0.0192739122  
666.760716      889.139705      9.96556558e-10  -0.0343442393  
666.760716      889.139705      1.77215601e-09  -0.0612938671  
666.760716      889.139705      3.15138854e-09  -0.109690543   
666.760716      889.139705      5.60404936e-09  -0.197232582   
666.760716      889.139705      9.96556558e-09  -0.357499351   
666.760716      889.139705      1.77215601e-08  -0.656566521   
666.760716      889.139705      3.15138854e-08  -1.23053556    
666.760716      889.139705      5.60404936e-08  -2.37308936    
666.760716      889.139705      9.96556558e-08  -4.73942059    
666.760716      889.139705      1.77215601e-07  -9.80360387    
666.760716      889.139705      3.15138854e-07  -20.8248857    
666.760716      889.139705      5.60404936e-07  -44.7785938    
666.760716      889.139705      9.96556558e-07  -96.0941308    
666.760716      889.139705      1.77215601e-06  -203.794539    
666.760716      889.139705      3.15138854e-06  -424.942907    
666.760716      889.139705      5.60404936e-06  -869.473076    
666.760716      889.139705      9.96556558e-06  -1745.20491    
666.760716      889.139705      1.77215601e-05  -3438.44233    
666.760716      889.139705      3.15138854e-05  -6657.35124    
666.760716      889.139705      5.60404936e-05  -12686.5384    
666.760716      889.139705      9.96556558e-05  -23839.2766    
889.139705      1185.68685      0               0.00804183671  
889.139705      1185.68685      1.77215601e-10  0.00829613378  
889.139705      1185.68685      3.15138854e-10  0.00848028087  
889.139705      1185.68685      5.60404936e-10  0.00877806864  
889.139705      1185.68685      9.96556558e-10  0.00921418825  
889.139705      1185.68685      1.77215601e-09  0.00969659517  
889.139705      1185.68685      3.15138854e-09  0.00964020509  
889.139705      1185.68685      5.60404936e-09  0.00671761098  
889.139705      1185.68685      9.96556558e-09  -0.00704363722 
889.139705      1185.68685      1.77215601e-08  -0.0567913065  
889.139705      1185.68685      3.15138854e-08  -0.216796455   
889.139705      1185.68685      5.60404936e-08  -0.692470906   
889.139705      1185.68685      9.96556558e-08  -2.01452014    
889.139705      1185.68685      1.77215601e-07  -5.46666035    
889.139705      1185.68685      3.15138854e-07  -13.974533     
889.139705      1185.68685      5.60404936e-07  -33.857123     
889.139705      1185.68685      9.96556558e-07  -78.1216288    
889.139705      1185.68685      1.77215601e-06  -172.509109    
889.139705      1185.68685      3.15138854e-06  -366.518801    
889.139705      1185.68685      5.60404936e-06  -753.421189    
889.139705      1185.68685      9.96556558e-06  -1506.27476    
889.139705      1185.68685      1.77215601e-05  -2942.26697    
889.139705      1185.68685      3.15138854e-05  -5637.25395    
889.139705      1185.68685      5.60404936e-05  -10629.4205    
889.139705      1185.68685      9.96556558e-05  -19781.3339    
1185.68685      1581.13883      0               -0.208268697   
1185.68685      1581.13883      1.77215601e-10  -0.205167986   
1185.68685      1581.13883      3.15138854e-10  -0.20277299    
1185.68685      1581.13883      5.60404936e-10  -0.19855329    
1185.68685      1581.13883      9.96556558e-10  -0.191173071   
1185.68685      1581.13883      1.77215601e-09  -0.178436432   
1185.68685      1581.13883      3.15138854e-09  -0.156993916   
1185.68685      1581.13883      5.60404936e-09  -0.122579586   
1185.68685      1581.13883      9.96556558e-09  -0.0726100226  
1185.68685      1581.13883      1.77215601e-08  -0.016635991   
1185.68685      1581.13883      3.15138854e-08  -0.00890231487 
1185.68685      1581.13883      5.60404936e-08  -0.234608351   
1185.68685      1581.13883      9.96556558e-08  -1.20922029    
1185.68685      1581.13883      1.77215601e-07  -4.19054884    
1185.68685      1581.13883      3.15138854e-07  -11.9719798    
1185.68685      1581.13883      5.60404936e-07  -30.3556563    
1185.68685      1581.13883      9.96556558e-07  -70.8378376    
1185.68685      1581.13883      1.77215601e-06  -155.458907    
1185.68685      1581.13883      3.15138854e-06  -325.54978     
1185.68685      1581.13883      5.60404936e-06  -657.507916    
1185.68685      1581.13883      9.96556558e-06  -1291.17605    
1185.68685      1581.13883      1.77215601e-05  -2480.62468    
1185.68685      1581.13883      3.15138854e-05  -4684.60472    
1185.68685      1581.13883      5.60404936e-05  -8727.32231    
1185.68685      1581.13883      9.96556558e-05  -16084.158     
1581.13883      2108.48252      0               -2.05606481    
1581.13883      2108.48252      1.77215601e-10  -2.04412325    
1581.13883      2108.48252      3.15138854e-10  -2.03487163    
1581.13883      2108.48252      5.60404936e-10  -2.01851031    
1581.13883      2108.48252      9.96556558e-10  -1.98969876    
1581.13883      2108.48252      1.77215601e-09  -1.93934252    
1581.13883      2108.48252      3.15138854e-09  -1.85248041    
1581.13883      2108.48252      5.60404936e-09  -1.70602801    
1581.13883      2108.48252      9.96556558e-09  -1.46862426    
1581.13883      2108.48252      1.77215601e-08  -1.10912492    
1581.13883      2108.48252      3.15138854e-08  -0.628537771   
1581.13883      2108.48252      5.60404936e-08  -0.143284914   
1581.13883      2108.48252      9.96556558e-08  -0.0667168509  
1581.13883      2108.48252      1.77215601e-07  -1.46347324    
1581.13883      2108.48252      3.15138854e-07  -6.69832151    
1581.13883      2108.48252      5.60404936e-07  -20.6037611    
1581.13883      2108.48252      9.96556558e-07  -52.5942092    
1581.13883      2108.48252      1.77215601e-06  -120.487764    
1581.13883      2108.48252      3.15138854e-06  -257.361524    
1581.13883      2108.48252      5.60404936e-06  -523.813121    
1581.13883      2108.48252      9.96556558e-06  -1029.89125    
1581.13883      2108.48252      1.77215601e-05  -1974.26023    
1581.13883      2108.48252      3.15138854e-05  -3713.97857    
1581.13883      2108.48252      5.60404936e-05  -6888.63435    
1581.13883      2108.48252      9.96556558e-05  -12641.0583    
2108.48252      2811.70663      0               -1.87757446    
2108.48252      2811.70663      1.77215601e-10  -1.86453486    
2108.48252      2811.70663      3.15138854e-10  -1.85445193    
2108.48252      2811.70663      5.60404936e-10  -1.83666149    
2108.48252      2811.70663      9.96556558e-10  -1.80545894    
2108.48252      2811.70663      1.77215601e-09  -1.75129933    
2108.48252      2811.70663      3.15138854e-09  -1.65895494    
2108.48252      2811.70663      5.60404936e-09  -1.5061594     
2108.48252      2811.70663      9.96556558e-09  -1.26553263    
2108.48252      2811.70663      1.77215601e-08  -0.916134125   
2108.48252      2811.70663      3.15138854e-08  -0.476257952   
2108.48252      2811.70663      5.60404936e-08  -0.077355305   
2108.48252      2811.70663      9.96556558e-08  -0.114148556   
2108.48252      2811.70663      1.77215601e-07  -1.5298877     
2108.48252      2811.70663      3.15138854e-07  -6.33131224    
2108.48252      2811.70663      5.60404936e-07  -18.4993722    
2108.48252      2811.70663      9.96556558e-07  -45.6135011    
2108.48252      2811.70663      1.77215601e-06  -101.779051    
2108.48252      2811.70663      3.15138854e-06  -212.894969    
2108.48252      2811.70663      5.60404936e-06  -426.070397    
2108.48252      2811.70663      9.96556558e-06  -826.395435    
2108.48252      2811.70663      1.77215601e-05  -1566.80012    
2108.48252      2811.70663      3.15138854e-05  -2921.23569    
2108.48252      2811.70663      5.60404936e-05  -5379.36075    
2108.48252      2811.70663      9.96556558e-05  -9815.00838    
2811.70663      3749.47105      0               -0.0034327204  
2811.70663      3749.47105      1.77215601e-10  -0.00302669687 
2811.70663      3749.47105      3.15138854e-10  -0.00272698676 
2811.70663      3749.47105      5.60404936e-10  -0.00222900231 
2811.70663      3749.47105      9.96556558e-10  -0.00145298846 
2811.70663      3749.47105      1.77215601e-09  -0.00041345895 
2811.70663      3749.47105      3.15138854e-09  0.000390629833 
2811.70663      3749.47105      5.60404936e-09  -0.00131520648 
2811.70663      3749.47105      9.96556558e-09  -0.0134375826  
2811.70663      3749.47105      1.77215601e-08  -0.0599661384  
2811.70663      3749.47105      3.15138854e-08  -0.206401136   
2811.70663      3749.47105      5.60404936e-08  -0.615118402   
2811.70663      3749.47105      9.96556558e-08  -1.65560205    
2811.70663      3749.47105      1.77215601e-07  -4.11329003    
2811.70663      3749.47105      3.15138854e-07  -9.57582575    
2811.70663      3749.47105      5.60404936e-07  -21.1321244    
2811.70663      3749.47105      9.96556558e-07  -44.6159682    
2811.70663      3749.47105      1.77215601e-06  -90.8144919    
2811.70663      3749.47105      3.15138854e-06  -179.421702    
2811.70663      3749.47105      5.60404936e-06  -346.140281    
2811.70663      3749.47105      9.96556558e-06  -655.393267    
2811.70663      3749.47105      1.77215601e-05  -1222.97206    
2811.70663      3749.47105      3.15138854e-05  -2256.28501    
2811.70663      3749.47105      5.60404936e-05  -4125.84218    
2811.70663      3749.47105      9.96556558e-05  -7492.30388    
3749.47105      5000            0               -0.007709654   
3749.47105      5000            1.77215601e-10  -0.00712765665 
3749.47105      5000            3.15138854e-10  -0.00668997126 
3749.47105      5000            5.60404936e-10  -0.00594441552 
3749.47105      5000            9.96556558e-10  -0.0047211077  
3749.47105      5000            1.77215601e-09  -0.00286365327 
3749.47105      5000            3.15138854e-09  -0.000532709979
3749.47105      5000            5.60404936e-09  0.000710467901 
3749.47105      5000            9.96556558e-09  -0.0054120923  
3749.47105      5000            1.77215601e-08  -0.0388713339  
3749.47105      5000            3.15138854e-08  -0.154817744   
3749.47105      5000            5.60404936e-08  -0.489401355   
3749.47105      5000            9.96556558e-08  -1.35006696    
3749.47105      5000            1.77215601e-07  -3.38727196    
3749.47105      5000            3.15138854e-07  -7.91066513    
3749.47105      5000            5.60404936e-07  -17.4456713    
3749.47105      5000            9.96556558e-07  -36.6912377    
3749.47105      5000            1.77215601e-06  -74.1896394    
3749.47105      5000            3.15138854e-06  -145.295334    
3749.47105      5000            5.60404936e-06  -277.485161    
3749.47105      5000            9.96556558e-06  -519.84366     
3749.47105      5000            1.77215601e-05  -959.979052    
3749.47105      5000            3.15138854e-05  -1754.14298    
3749.47105      5000            5.60404936e-05  -3180.78904    
3749.47105      5000            9.96556558e-05  -5735.78077    
5000            6667.60716      0               -1.70068903    
5000            6667.60716      1.77215601e-10  -1.68463583    
5000            6667.60716      3.15138854e-10  -1.67229689    
5000            6667.60716      5.60404936e-10  -1.65068059    
5000            6667.60716      9.96556558e-10  -1.61323067    
5000            6667.60716      1.77215601e-09  -1.54955731    
5000            6667.60716      3.15138854e-09  -1.44457054    
5000            6667.60716      5.60404936e-09  -1.27954237    
5000            6667.60716      9.96556558e-09  -1.03777499    
5000            6667.60716      1.77215601e-08  -0.717484904   
5000            6667.60716      3.15138854e-08  -0.35380948    
5000            6667.60716      5.60404936e-08  -0.0553944749  
5000            6667.60716      9.96556558e-08  -0.07056023    
5000            6667.60716      1.77215601e-07  -0.908642585   
5000            6667.60716      3.15138854e-07  -3.55769858    
5000            6667.60716      5.60404936e-07  -9.87373691    
5000            6667.60716      9.96556558e-07  -23.2819916    
5000            6667.60716      1.77215601e-06  -50.0443905    
5000            6667.60716      3.15138854e-06  -101.53559     
5000            6667.60716      5.60404936e-06  -198.292353    
5000            6667.60716      9.96556558e-06  -377.184257    
5000            6667.60716      1.77215601e-05  -704.119484    
5000            6667.60716      3.15138854e-05  -1296.60826    
5000            6667.60716      5.60404936e-05  -2363.88004    
5000            6667.60716      9.96556558e-05  -4278.23703    
6667.60716      8891.39705      0               -0.748275352   
6667.60716      8891.39705      1.77215601e-10  -0.737812729   
6667.60716      8891.39705      3.15138854e-10  -0.729787527   
6667.60716      8891.39705      5.60404936e-10  -0.715764148   
6667.60716      8891.39705      9.96556558e-10  -0.691580502   
6667.60716      8891.39705      1.77215601e-09  -0.650807006   
6667.60716      8891.39705      3.15138854e-09  -0.584614732   
6667.60716      8891.39705      5.60404936e-09  -0.483557748   
6667.60716      8891.39705      9.96556558e-09  -0.343552352   
6667.60716      8891.39705      1.77215601e-08  -0.177795802   
6667.60716      8891.39705      3.15138854e-08  -0.0342873847  
6667.60716      8891.39705      5.60404936e-08  -0.0204579694  
6667.60716      8891.39705      9.96556558e-08  -0.347248318   
6667.60716      8891.39705      1.77215601e-07  -1.41816515    
6667.60716      8891.39705      3.15138854e-07  -3.99819042    
6667.60716      8891.39705      5.60404936e-07  -9.51565276    
6667.60716      8891.39705      9.96556558e-07  -20.5980636    
6667.60716      8891.39705      1.77215601e-06  -42.03022      
6667.60716      8891.39705      3.15138854e-06  -82.4664016    
6667.60716      8891.39705      5.60404936e-06  -157.482099    
6667.60716      8891.39705      9.96556558e-06  -295.0013      
6667.60716      8891.39705      1.77215601e-05  -544.933528    
6667.60716      8891.39705      3.15138854e-05  -996.292478    
6667.60716      8891.39705      5.60404936e-05  -1807.63593    
6667.60716      8891.39705      9.96556558e-05  -3261.21184    
8891.39705      11856.8685      0               3.69436748e-09 
8891.39705      11856.8685      1.77215601e-10  -0.00227536234 
8891.39705      11856.8685      3.15138854e-10  -0.00404699731 
8891.39705      11856.8685      5.60404936e-10  -0.00719910991 
8891.39705      11856.8685      9.96556558e-10  -0.0128096559  
8891.39705      11856.8685      1.77215601e-09  -0.0228031869  
8891.39705      11856.8685      3.15138854e-09  -0.0406260458  
8891.39705      11856.8685      5.60404936e-09  -0.0724812984  
8891.39705      11856.8685      9.96556558e-09  -0.129628584   
8891.39705      11856.8685      1.77215601e-08  -0.232778453   
8891.39705      11856.8685      3.15138854e-08  -0.420751176   
8891.39705      11856.8685      5.60404936e-08  -0.767997765   
8891.39705      11856.8685      9.96556558e-08  -1.42027216    
8891.39705      11856.8685      1.77215601e-07  -2.665239      
8891.39705      11856.8685      3.15138854e-07  -5.06440017    
8891.39705      11856.8685      5.60404936e-07  -9.68653613    
8891.39705      11856.8685      9.96556558e-07  -18.5146001    
8891.39705      11856.8685      1.77215601e-06  -35.1660412    
8891.39705      11856.8685      3.15138854e-06  -66.179873     
8891.39705      11856.8685      5.60404936e-06  -123.310982    
8891.39705      11856.8685      9.96556558e-06  -227.613346    
8891.39705      11856.8685      1.77215601e-05  -416.706599    
8891.39705      11856.8685      3.15138854e-05  -757.692655    
8891.39705      11856.8685      5.60404936e-05  -1370.09691    
8891.39705      11856.8685      9.96556558e-05  -2466.63295    
11856.8685      15811.3883      0               4.61704985e-09 
11856.8685      15811.3883      1.77215601e-10  -0.00284312457 
11856.8685      15811.3883      3.15138854e-10  -0.00505593628 
11856.8685      15811.3883      5.60404936e-10  -0.00899106955 
11856.8685      15811.3883      9.96556558e-10  -0.015989265   
11856.8685      15811.3883      1.77215601e-09  -0.028435367   
11856.8685      15811.3883      3.15138854e-09  -0.0505722898  
11856.8685      15811.3883      5.60404936e-09  -0.0899513951  
11856.8685      15811.3883      9.96556558e-09  -0.160020766   
11856.8685      15811.3883      1.77215601e-08  -0.284755947   
11856.8685      15811.3883      3.15138854e-08  -0.50697968    
11856.8685      15811.3883      5.60404936e-08  -0.903405579   
11856.8685      15811.3883      9.96556558e-08  -1.61207836    
11856.8685      15811.3883      1.77215601e-07  -2.88289715    
11856.8685      15811.3883      3.15138854e-07  -5.17113844    
11856.8685      15811.3883      5.60404936e-07  -9.30970432    
11856.8685      15811.3883      9.96556558e-07  -16.8209916    
11856.8685      15811.3883      1.77215601e-06  -30.4702228    
11856.8685      15811.3883      3.15138854e-06  -55.237211     
11856.8685      15811.3883      5.60404936e-06  -100.029019    
11856.8685      15811.3883      9.96556558e-06  -180.723912    
11856.8685      15811.3883      1.77215601e-05  -325.602192    
11856.8685      15811.3883      3.15138854e-05  -585.025098    
11856.8685      15811.3883      5.60404936e-05  -1048.65346    
11856.8685      15811.3883      9.96556558e-05  -1876.05871    
15811.3883      21084.8252      0               0.00690127649  
15811.3883      21084.8252      1.77215601e-10  0.00611453523  
15811.3883      21084.8252      3.15138854e-10  0.00550120928  
15811.3883      21084.8252      5.60404936e-10  0.00440834006  
15811.3883      21084.8252      9.96556558e-10  0.00245796217  
15811.3883      21084.8252      1.77215601e-09  -0.00103222628 
15811.3883      21084.8252      3.15138854e-09  -0.00730731118 
15811.3883      21084.8252      5.60404936e-09  -0.0186795951  
15811.3883      21084.8252      9.96556558e-09  -0.0395593763  
15811.3883      21084.8252      1.77215601e-08  -0.0786695569  
15811.3883      21084.8252      3.15138854e-08  -0.153990962   
15811.3883      21084.8252      5.60404936e-08  -0.303877387   
15811.3883      21084.8252      9.96556558e-08  -0.611019524   
15811.3883      21084.8252      1.77215601e-07  -1.24965746    
15811.3883      21084.8252      3.15138854e-07  -2.56872677    
15811.3883      21084.8252      5.60404936e-07  -5.2275584     
15811.3883      21084.8252      9.96556558e-07  -10.4197847    
15811.3883      21084.8252      1.77215601e-06  -20.2661412    
15811.3883      21084.8252      3.15138854e-06  -38.5263395    
15811.3883      21084.8252      5.60404936e-06  -71.8845011    
15811.3883      21084.8252      9.96556558e-06  -132.244929    
15811.3883      21084.8252      1.77215601e-05  -240.810967    
15811.3883      21084.8252      3.15138854e-05  -435.331133    
15811.3883      21084.8252      5.60404936e-05  -782.987079    
15811.3883      21084.8252      9.96556558e-05  -1403.32481    
21084.8252      28117.0663      0               1.13698206e-09 
21084.8252      28117.0663      1.77215601e-10  -0.000700493645
21084.8252      28117.0663      3.15138854e-10  -0.00124618007 
21084.8252      28117.0663      5.60404936e-10  -0.00221765484 
21084.8252      28117.0663      9.96556558e-10  -0.00394865317 
21084.8252      28117.0663      1.77215601e-09  -0.00703770045 
21084.8252      28117.0663      3.15138854e-09  -0.0125649472  
21084.8252      28117.0663      5.60404936e-09  -0.0225002605  
21084.8252      28117.0663      9.96556558e-09  -0.0404967414  
21084.8252      28117.0663      1.77215601e-08  -0.0734989067  
21084.8252      28117.0663      3.15138854e-08  -0.135139988   
21084.8252      28117.0663      5.60404936e-08  -0.253097527   
21084.8252      28117.0663      9.96556558e-08  -0.484841274   
21084.8252      28117.0663      1.77215601e-07  -0.949550181   
21084.8252      28117.0663      3.15138854e-07  -1.88774292    
21084.8252      28117.0663      5.60404936e-07  -3.76556123    
21084.8252      28117.0663      9.96556558e-07  -7.45368429    
21084.8252      28117.0663      1.77215601e-06  -14.5371907    
21084.8252      28117.0663      3.15138854e-06  -27.8577724    
21084.8252      28117.0663      5.60404936e-06  -52.4735219    
21084.8252      28117.0663      9.96556558e-06  -97.373804     
21084.8252      28117.0663      1.77215601e-05  -178.544383    
21084.8252      28117.0663      3.15138854e-05  -324.425107    
21084.8252      28117.0663      5.60404936e-05  -585.611713    
21084.8252      28117.0663      9.96556558e-05  -1052.1127     
28117.0663      37494.7105      0               1.28684757e-05 
28117.0663      37494.7105      1.77215601e-10  -0.000700955917
28117.0663      37494.7105      3.15138854e-10  -0.00125682869 
28117.0663      37494.7105      5.60404936e-10  -0.00224601231 
28117.0663      37494.7105      9.96556558e-10  -0.00400722368 
28117.0663      37494.7105      1.77215601e-09  -0.00714597564 
28117.0663      37494.7105      3.15138854e-09  -0.0127490001  
28117.0663      37494.7105      5.60404936e-09  -0.0227797894  
28117.0663      37494.7105      9.96556558e-09  -0.0408251152  
28117.0663      37494.7105      1.77215601e-08  -0.0735489871  
28117.0663      37494.7105      3.15138854e-08  -0.133627935   
28117.0663      37494.7105      5.60404936e-08  -0.245844421   
28117.0663      37494.7105      9.96556558e-08  -0.459744529   
28117.0663      37494.7105      1.77215601e-07  -0.874847137   
28117.0663      37494.7105      3.15138854e-07  -1.68701998    
28117.0663      37494.7105      5.60404936e-07  -3.26752638    
28117.0663      37494.7105      9.96556558e-07  -6.29546298    
28117.0663      37494.7105      1.77215601e-06  -11.9886265    
28117.0663      37494.7105      3.15138854e-06  -22.5177675    
28117.0663      37494.7105      5.60404936e-06  -41.7473194    
28117.0663      37494.7105      9.96556558e-06  -76.5491529    
28117.0663      37494.7105      1.77215601e-05  -139.133462    
28117.0663      37494.7105      3.15138854e-05  -251.195657    
28117.0663      37494.7105      5.60404936e-05  -451.298866    
28117.0663      37494.7105      9.96556558e-05  -808.011071    
37494.7105      50000           0               9.64457331e-06 
37494.7105      50000           1.77215601e-10  -0.00105990483 
37494.7105      50000           3.15138854e-10  -0.00189231327 
37494.7105      50000           5.60404936e-10  -0.0033725684  
37494.7105      50000           9.96556558e-10  -0.00600487673 
37494.7105      50000           1.77215601e-09  -0.0106858599  
37494.7105      50000           3.15138854e-09  -0.0190099669  
37494.7105      50000           5.60404936e-09  -0.0338125897  
37494.7105      50000           9.96556558e-09  -0.060135899   
37494.7105      50000           1.77215601e-08  -0.106946445   
37494.7105      50000           3.15138854e-08  -0.190189773   
37494.7105      50000           5.60404936e-08  -0.338223131   
37494.7105      50000           9.96556558e-08  -0.601478724   
37494.7105      50000           1.77215601e-07  -1.06965506    
37494.7105      50000           3.15138854e-07  -1.90231096    
37494.7105      50000           5.60404936e-07  -3.38334022    
37494.7105      50000           9.96556558e-07  -6.01805075    
37494.7105      50000           1.77215601e-06  -10.7063874    
37494.7105      50000           3.15138854e-06  -19.0525095    
37494.7105      50000           5.60404936e-06  -33.9188205    
37494.7105      50000           9.96556558e-06  -60.4176158    
37494.7105      50000           1.77215601e-05  -107.682613    
37494.7105      50000           3.15138854e-05  -192.023788    
37494.7105      50000           5.60404936e-05  -342.533345    
37494.7105      50000           9.96556558e-05  -611.042221    
50000           66676.0716      0               1.34068046e-09 
50000           66676.0716      1.77215601e-10  -0.000825454867
50000           66676.0716      3.15138854e-10  -0.00146789044 
50000           66676.0716      5.60404936e-10  -0.00261032038 
50000           66676.0716      9.96556558e-10  -0.00464188004 
50000           66676.0716      1.77215601e-09  -0.00825456074 
50000           66676.0716      3.15138854e-09  -0.0146789164  
50000           66676.0716      5.60404936e-09  -0.0261032159  
50000           66676.0716      9.96556558e-09  -0.0464188125  
50000           66676.0716      1.77215601e-08  -0.0825456195  
50000           66676.0716      3.15138854e-08  -0.146789177   
50000           66676.0716      5.60404936e-08  -0.261032172   
50000           66676.0716      9.96556558e-08  -0.464188138   
50000           66676.0716      1.77215601e-07  -0.825456211   
50000           66676.0716      3.15138854e-07  -1.46789179    
50000           66676.0716      5.60404936e-07  -2.61032177    
50000           66676.0716      9.96556558e-07  -4.64188151    
50000           66676.0716      1.77215601e-06  -8.25456251    
50000           66676.0716      3.15138854e-06  -14.6789192    
50000           66676.0716      5.60404936e-06  -26.1032216    
50000           66676.0716      9.96556558e-06  -46.4188275    
50000           66676.0716      1.77215601e-05  -82.5456639    
50000           66676.0716      3.15138854e-05  -146.789314    
50000           66676.0716      5.60404936e-05  -261.032601    
50000           66676.0716      9.96556558e-05  -464.18948     
66676.0716      88913.9705      0               -2.36838181    
66676.0716      88913.9705      1.77215601e-10  -2.36124444    
66676.0716      88913.9705      3.15138854e-10  -2.35572586    
66676.0716      88913.9705      5.60404936e-10  -2.34598955    
66676.0716      88913.9705      9.96556558e-10  -2.32891475    
66676.0716      88913.9705      1.77215601e-09  -2.29927865    
66676.0716      88913.9705      3.15138854e-09  -2.2487316     
66676.0716      88913.9705      5.60404936e-09  -2.16493813    
66676.0716      88913.9705      9.96556558e-09  -2.03198433    
66676.0716      88913.9705      1.77215601e-08  -1.83373641    
66676.0716      88913.9705      3.15138854e-08  -1.56068817    
66676.0716      88913.9705      5.60404936e-08  -1.21736431    
66676.0716      88913.9705      9.96556558e-08  -0.82634816    
66676.0716      88913.9705      1.77215601e-07  -0.431412884   
66676.0716      88913.9705      3.15138854e-07  -0.110125673   
66676.0716      88913.9705      5.60404936e-07  -0.0077877624  
66676.0716      88913.9705      9.96556558e-07  -0.402370175   
66676.0716      88913.9705      1.77215601e-06  -1.81236482    
66676.0716      88913.9705      3.15138854e-06  -5.17421134    
66676.0716      88913.9705      5.60404936e-06  -12.148022     
66676.0716      88913.9705      9.96556558e-06  -25.6631508    
66676.0716      88913.9705      1.77215601e-05  -50.8991813    
66676.0716      88913.9705      3.15138854e-05  -97.0417295    
66676.0716      88913.9705      5.60404936e-05  -180.411806    
66676.0716      88913.9705      9.96556558e-05  -330.03344     
88913.9705      118568.685      0               7.46950946e-10 
88913.9705      118568.685      1.77215601e-10  -0.000459915019
88913.9705      118568.685      3.15138854e-10  -0.000817857989
88913.9705      118568.685      5.60404936e-10  -0.0014543806  
88913.9705      118568.685      9.96556558e-10  -0.00258629567 
88913.9705      118568.685      1.77215601e-09  -0.00459915692 
88913.9705      118568.685      3.15138854e-09  -0.00817858664 
88913.9705      118568.685      5.60404936e-09  -0.0145438128  
88913.9705      118568.685      9.96556558e-09  -0.0258629636  
88913.9705      118568.685      1.77215601e-08  -0.0459915765  
88913.9705      118568.685      3.15138854e-08  -0.0817858751  
88913.9705      118568.685      5.60404936e-08  -0.145438141   
88913.9705      118568.685      9.96556558e-08  -0.258629662   
88913.9705      118568.685      1.77215601e-07  -0.459915834   
88913.9705      118568.685      3.15138854e-07  -0.817858956   
88913.9705      118568.685      5.60404936e-07  -1.45438205    
88913.9705      118568.685      9.96556558e-07  -2.58629861    
88913.9705      118568.685      1.77215601e-06  -4.59916461    
88913.9705      118568.685      3.15138854e-06  -8.17860932    
88913.9705      118568.685      5.60404936e-06  -14.5438827    
88913.9705      118568.685      9.96556558e-06  -25.8631817    
88913.9705      118568.685      1.77215601e-05  -45.9922575    
88913.9705      118568.685      3.15138854e-05  -81.7879885    
88913.9705      118568.685      5.60404936e-05  -145.444618    
88913.9705      118568.685      9.96556558e-05  -258.649094    
118568.685      158113.883      0               5.54862822e-10 
118568.685      158113.883      1.77215601e-10  -0.000341636198
118568.685      158113.883      3.15138854e-10  -0.000607525049
118568.685      158113.883      5.60404936e-10  -0.00108034972 
118568.685      158113.883      9.96556558e-10  -0.0019211641  
118568.685      158113.883      1.77215601e-09  -0.00341636702 
118568.685      158113.883      3.15138854e-09  -0.00607525563 
118568.685      158113.883      5.60404936e-09  -0.0108035027  
118568.685      158113.883      9.96556558e-09  -0.0192116475  
118568.685      158113.883      1.77215601e-08  -0.0341636799  
118568.685      158113.883      3.15138854e-08  -0.0607525761  
118568.685      158113.883      5.60404936e-08  -0.108035078   
118568.685      158113.883      9.96556558e-08  -0.192116628   
118568.685      158113.883      1.77215601e-07  -0.341637271   
118568.685      158113.883      3.15138854e-07  -0.607527245   
118568.685      158113.883      5.60404936e-07  -1.08035546    
118568.685      158113.883      9.96556558e-07  -1.92118103    
118568.685      158113.883      1.77215601e-06  -3.41641919    
118568.685      158113.883      3.15138854e-06  -6.07541857    
118568.685      158113.883      5.60404936e-06  -10.804012     
118568.685      158113.883      9.96556558e-06  -19.2132315    
118568.685      158113.883      1.77215601e-05  -34.1685504    
118568.685      158113.883      3.15138854e-05  -60.7672672    
118568.685      158113.883      5.60404936e-05  -108.078063    
118568.685      158113.883      9.96556558e-05  -192.236913    
158113.883      210848.252      0               0.000177903202 
158113.883      210848.252      1.77215601e-10  -7.83610569e-05
158113.883      210848.252      3.15138854e-10  -0.000277806253
158113.883      210848.252      5.60404936e-10  -0.00063247554 
158113.883      210848.252      9.96556558e-10  -0.00126317663 
158113.883      210848.252      1.77215601e-09  -0.00238473939 
158113.883      210848.252      3.15138854e-09  -0.00437919135 
158113.883      210848.252      5.60404936e-09  -0.00792588422 
158113.883      210848.252      9.96556558e-09  -0.0142328951  
158113.883      210848.252      1.77215601e-08  -0.0254485227  
158113.883      210848.252      3.15138854e-08  -0.0453930424  
158113.883      210848.252      5.60404936e-08  -0.080859971   
158113.883      210848.252      9.96556558e-08  -0.14393008    
158113.883      210848.252      1.77215601e-07  -0.256086356   
158113.883      210848.252      3.15138854e-07  -0.455531554   
158113.883      210848.252      5.60404936e-07  -0.810200843   
158113.883      210848.252      9.96556558e-07  -1.44090194    
158113.883      210848.252      1.77215601e-06  -2.56246473    
158113.883      210848.252      3.15138854e-06  -4.55691678    
158113.883      210848.252      5.60404936e-06  -8.10360993    
158113.883      210848.252      9.96556558e-06  -14.4106217    
158113.883      210848.252      1.77215601e-05  -25.6262521    
158113.883      210848.252      3.15138854e-05  -45.5707806    
158113.883      210848.252      5.60404936e-05  -81.0377372    
158113.883      210848.252      9.96556558e-05  -144.107934    
210848.252      281170.663      0               0.000519166187 
210848.252      281170.663      1.77215601e-10  0.000342528223 
210848.252      281170.663      3.15138854e-10  0.00020505438  
210848.252      281170.663      5.60404936e-10  -3.9412853e-05 
210848.252      281170.663      9.96556558e-10  -0.00047414494 
210848.252      281170.663      1.77215601e-09  -0.00124722335 
210848.252      281170.663      3.15138854e-09  -0.00262198317 
210848.252      281170.663      5.60404936e-09  -0.00506672313 
210848.252      281170.663      9.96556558e-09  -0.0094142578  
210848.252      281170.663      1.77215601e-08  -0.0171457176  
210848.252      281170.663      3.15138854e-08  -0.0308954504  
210848.252      281170.663      5.60404936e-08  -0.055349588   
210848.252      281170.663      9.96556558e-08  -0.0988461741  
210848.252      281170.663      1.77215601e-07  -0.176227557   
210848.252      281170.663      3.15138854e-07  -0.313933973   
210848.252      281170.663      5.60404936e-07  -0.559125009   
210848.252      281170.663      9.96556558e-07  -0.996083273   
210848.252      281170.663      1.77215601e-06  -1.775875      
210848.252      281170.663      3.15138854e-06  -3.1702503     
210848.252      281170.663      5.60404936e-06  -5.66965345    
210848.252      281170.663      9.96556558e-06  -10.1600009    
210848.252      281170.663      1.77215601e-05  -18.2367162    
210848.252      281170.663      3.15138854e-05  -32.7564259    
210848.252      281170.663      5.60404936e-05  -58.8079221    
210848.252      281170.663      9.96556558e-05  -105.434818    
281170.663      374947.105      0               7.31393313e-05 
281170.663      374947.105      1.77215601e-10  -6.9182254e-05 
281170.663      374947.105      3.15138854e-10  -0.000179948213
281170.663      374947.105      5.60404936e-10  -0.000376921038
281170.663      374947.105      9.96556558e-10  -0.000727193757
281170.663      374947.105      1.77215601e-09  -0.00135007652 
281170.663      374947.105      3.15138854e-09  -0.00245773612 
281170.663      374947.105      5.60404936e-09  -0.00442746437 
281170.663      374947.105      9.96556558e-09  -0.00793019156 
281170.663      374947.105      1.77215601e-08  -0.0141590192  
281170.663      374947.105      3.15138854e-08  -0.0252356151  
281170.663      374947.105      5.60404936e-08  -0.0449328976  
281170.663      374947.105      9.96556558e-08  -0.0799601695  
281170.663      374947.105      1.77215601e-07  -0.142248446   
281170.663      374947.105      3.15138854e-07  -0.253014405   
281170.663      374947.105      5.60404936e-07  -0.449987231   
281170.663      374947.105      9.96556558e-07  -0.80025995    
281170.663      374947.105      1.77215601e-06  -1.42314272    
281170.663      374947.105      3.15138854e-06  -2.53080232    
281170.663      374947.105      5.60404936e-06  -4.50053059    
281170.663      374947.105      9.96556558e-06  -8.00325786    
281170.663      374947.105      1.77215601e-05  -14.2320857    
281170.663      374947.105      3.15138854e-05  -25.3086825    
281170.663      374947.105      5.60404936e-05  -45.0059674    
281170.663      374947.105      9.96556558e-05  -80.033247     
374947.105      500000          0               0.00116757035  
374947.105      500000          1.77215601e-10  0.00106495327  
374947.105      500000          3.15138854e-10  0.000985088514 
374947.105      500000          5.60404936e-10  0.000843066657 
374947.105      500000          9.96556558e-10  0.000590512109 
374947.105      500000          1.77215601e-09  0.000141399545 
374947.105      500000          3.15138854e-09  -0.000657248111
374947.105      500000          5.60404936e-09  -0.0020774669  
374947.105      500000          9.96556558e-09  -0.00460301304 
374947.105      500000          1.77215601e-08  -0.00909414077 
374947.105      500000          3.15138854e-08  -0.017080624   
374947.105      500000          5.60404936e-08  -0.0312828328  
374947.105      500000          9.96556558e-08  -0.0565383605  
374947.105      500000          1.77215601e-07  -0.101449847   
374947.105      500000          3.15138854e-07  -0.181315342   
374947.105      500000          5.60404936e-07  -0.323339522   
374947.105      500000          9.96556558e-07  -0.575901404   
374947.105      500000          1.77215601e-06  -1.02503709    
374947.105      500000          3.15138854e-06  -1.8237575     
374947.105      500000          5.60404936e-06  -3.24420429    
374947.105      500000          9.96556558e-06  -5.77046011    
374947.105      500000          1.77215601e-05  -10.2637712    
374947.105      500000          3.15138854e-05  -18.2568413    
374947.105      500000          5.60404936e-05  -32.4783093    
374947.105      500000          9.96556558e-05  -57.7875599    
