### /nfs/slac/g/ki/ki20/cta/mdwood/fermi/dsph_pipeline/des_dwarfs/v6/p302_6yr_source_psf0123_point_gs_jsigma0.6/results/like_hercules.txt
#[0]emin(MeV) [1]emax(MeV) [2]eflux(MeV/cm^2/s) [3]deltaLogLike
500             666.760716      0               0.00166562458  
500             666.760716      1.77215601e-10  -0.00235205681 
500             666.760716      3.15138854e-10  -0.00548247552 
500             666.760716      5.60404936e-10  -0.0110568851  
500             666.760716      9.96556558e-10  -0.0209939173  
500             666.760716      1.77215601e-09  -0.0387410787  
500             666.760716      3.15138854e-09  -0.0705413196  
500             666.760716      5.60404936e-09  -0.127849342   
500             666.760716      9.96556558e-09  -0.232138916   
500             666.760716      1.77215601e-08  -0.42502149    
500             666.760716      3.15138854e-08  -0.790969484   
500             666.760716      5.60404936e-08  -1.51148874    
500             666.760716      9.96556558e-08  -2.99932753    
500             666.760716      1.77215601e-07  -6.23281403    
500             666.760716      3.15138854e-07  -13.5645986    
500             666.760716      5.60404936e-07  -30.5712687    
500             666.760716      9.96556558e-07  -70.0112864    
500             666.760716      1.77215601e-06  -159.806261    
500             666.760716      3.15138854e-06  -358.45944     
500             666.760716      5.60404936e-06  -783.999192    
500             666.760716      9.96556558e-06  -1667.21275    
500             666.760716      1.77215601e-05  -3448.07209    
500             666.760716      3.15138854e-05  -6948.50348    
500             666.760716      5.60404936e-05  -13679.8965    
500             666.760716      9.96556558e-05  -26388.624     
666.760716      889.139705      0               1.41082164e-05 
666.760716      889.139705      1.77215601e-10  -0.00155371334 
666.760716      889.139705      3.15138854e-10  -0.00277848194 
666.760716      889.139705      5.60404936e-10  -0.00496632702 
666.760716      889.139705      9.96556558e-10  -0.0088880867  
666.760716      889.139705      1.77215601e-09  -0.0159604179  
666.760716      889.139705      3.15138854e-09  -0.0288469404  
666.760716      889.139705      5.60404936e-09  -0.0527370141  
666.760716      889.139705      9.96556558e-09  -0.0982685716  
666.760716      889.139705      1.77215601e-08  -0.188699415   
666.760716      889.139705      3.15138854e-08  -0.378496915   
666.760716      889.139705      5.60404936e-08  -0.80287553    
666.760716      889.139705      9.96556558e-08  -1.80912898    
666.760716      889.139705      1.77215601e-07  -4.29191853    
666.760716      889.139705      3.15138854e-07  -10.4953878    
666.760716      889.139705      5.60404936e-07  -25.7843059    
666.760716      889.139705      9.96556558e-07  -62.2681864    
666.760716      889.139705      1.77215601e-06  -145.825609    
666.760716      889.139705      3.15138854e-06  -329.303933    
666.760716      889.139705      5.60404936e-06  -716.818126    
666.760716      889.139705      9.96556558e-06  -1507.75377    
666.760716      889.139705      1.77215601e-05  -3075.65264    
666.760716      889.139705      3.15138854e-05  -6108.98677    
666.760716      889.139705      5.60404936e-05  -11861.7765    
666.760716      889.139705      9.96556558e-05  -22598.989     
889.139705      1185.68685      0               0.00268194346  
889.139705      1185.68685      1.77215601e-10  0.00311503447  
889.139705      1185.68685      3.15138854e-10  0.00344263077  
889.139705      1185.68685      5.60404936e-10  0.00400475504  
889.139705      1185.68685      9.96556558e-10  0.00493994668  
889.139705      1185.68685      1.77215601e-09  0.00640033887  
889.139705      1185.68685      3.15138854e-09  0.00836250803  
889.139705      1185.68685      5.60404936e-09  0.00987708306  
889.139705      1185.68685      9.96556558e-09  0.00650143635  
889.139705      1185.68685      1.77215601e-08  -0.0177832296  
889.139705      1185.68685      3.15138854e-08  -0.114313728   
889.139705      1185.68685      5.60404936e-08  -0.434459994   
889.139705      1185.68685      9.96556558e-08  -1.39164283    
889.139705      1185.68685      1.77215601e-07  -4.0327739     
889.139705      1185.68685      3.15138854e-07  -10.8275724    
889.139705      1185.68685      5.60404936e-07  -27.2583858    
889.139705      1185.68685      9.96556558e-07  -64.9116827    
889.139705      1185.68685      1.77215601e-06  -147.327937    
889.139705      1185.68685      3.15138854e-06  -320.81602     
889.139705      1185.68685      5.60404936e-06  -674.125077    
889.139705      1185.68685      9.96556558e-06  -1373.94014    
889.139705      1185.68685      1.77215601e-05  -2728.61336    
889.139705      1185.68685      3.15138854e-05  -5301.95459    
889.139705      1185.68685      5.60404936e-05  -10115.4617    
889.139705      1185.68685      9.96556558e-05  -19007.1542    
1185.68685      1581.13883      0               -0.952158048   
1185.68685      1581.13883      1.77215601e-10  -0.946187778   
1185.68685      1581.13883      3.15138854e-10  -0.941558646   
1185.68685      1581.13883      5.60404936e-10  -0.933364257   
1185.68685      1581.13883      9.96556558e-10  -0.918910311   
1185.68685      1581.13883      1.77215601e-09  -0.893576752   
1185.68685      1581.13883      3.15138854e-09  -0.849676473   
1185.68685      1581.13883      5.60404936e-09  -0.775144214   
1185.68685      1581.13883      9.96556558e-09  -0.653255067   
1185.68685      1581.13883      1.77215601e-08  -0.467578247   
1185.68685      1581.13883      3.15138854e-08  -0.223821479   
1185.68685      1581.13883      5.60404936e-08  -0.0154774219  
1185.68685      1581.13883      9.96556558e-08  -0.186398686   
1185.68685      1581.13883      1.77215601e-07  -1.68518032    
1185.68685      1581.13883      3.15138854e-07  -6.77716622    
1185.68685      1581.13883      5.60404936e-07  -20.4118795    
1185.68685      1581.13883      9.96556558e-07  -52.7966373    
1185.68685      1581.13883      1.77215601e-06  -124.185527    
1185.68685      1581.13883      3.15138854e-06  -273.667429    
1185.68685      1581.13883      5.60404936e-06  -575.054629    
1185.68685      1581.13883      9.96556558e-06  -1165.29279    
1185.68685      1581.13883      1.77215601e-05  -2294.9551     
1185.68685      1581.13883      3.15138854e-05  -4417.8778     
1185.68685      1581.13883      5.60404936e-05  -8350.5418     
1185.68685      1581.13883      9.96556558e-05  -15555.8064    
1581.13883      2108.48252      0               0.000796067963 
1581.13883      2108.48252      1.77215601e-10  0.000516058391 
1581.13883      2108.48252      3.15138854e-10  0.000282018142 
1581.13883      2108.48252      5.60404936e-10  -0.000168872893
1581.13883      2108.48252      9.96556558e-10  -0.00107976984 
1581.13883      2108.48252      1.77215601e-09  -0.0030409548  
1581.13883      2108.48252      3.15138854e-09  -0.00758818781 
1581.13883      2108.48252      5.60404936e-09  -0.0189192845  
1581.13883      2108.48252      9.96556558e-09  -0.0487778673  
1581.13883      2108.48252      1.77215601e-08  -0.129854568   
1581.13883      2108.48252      3.15138854e-08  -0.350180396   
1581.13883      2108.48252      5.60404936e-08  -0.933313985   
1581.13883      2108.48252      9.96556558e-08  -2.40599534    
1581.13883      2108.48252      1.77215601e-07  -5.91968118    
1581.13883      2108.48252      3.15138854e-07  -13.8469803    
1581.13883      2108.48252      5.60404936e-07  -30.8888813    
1581.13883      2108.48252      9.96556558e-07  -66.1182243    
1581.13883      2108.48252      1.77215601e-06  -136.70189     
1581.13883      2108.48252      3.15138854e-06  -274.640328    
1581.13883      2108.48252      5.60404936e-06  -538.935171    
1581.13883      2108.48252      9.96556558e-06  -1037.43416    
1581.13883      2108.48252      1.77215601e-05  -1965.84748    
1581.13883      2108.48252      3.15138854e-05  -3677.25355    
1581.13883      2108.48252      5.60404936e-05  -6805.73445    
1581.13883      2108.48252      9.96556558e-05  -12486.0579    
2108.48252      2811.70663      0               8.35194423e-05 
2108.48252      2811.70663      1.77215601e-10  -0.00301173498 
2108.48252      2811.70663      3.15138854e-10  -0.00543141155 
2108.48252      2811.70663      5.60404936e-10  -0.00975729892 
2108.48252      2811.70663      9.96556558e-10  -0.0175222111  
2108.48252      2811.70663      1.77215601e-09  -0.031555971   
2108.48252      2811.70663      3.15138854e-09  -0.0572090455  
2108.48252      2811.70663      5.60404936e-09  -0.104945874   
2108.48252      2811.70663      9.96556558e-09  -0.196096395   
2108.48252      2811.70663      1.77215601e-08  -0.375897445   
2108.48252      2811.70663      3.15138854e-08  -0.742618362   
2108.48252      2811.70663      5.60404936e-08  -1.50938959    
2108.48252      2811.70663      9.96556558e-08  -3.12754566    
2108.48252      2811.70663      1.77215601e-07  -6.52345957    
2108.48252      2811.70663      3.15138854e-07  -13.5511038    
2108.48252      2811.70663      5.60404936e-07  -27.8545393    
2108.48252      2811.70663      9.96556558e-07  -56.4753698    
2108.48252      2811.70663      1.77215601e-06  -112.768538    
2108.48252      2811.70663      3.15138854e-06  -221.619867    
2108.48252      2811.70663      5.60404936e-06  -428.766305    
2108.48252      2811.70663      9.96556558e-06  -817.449807    
2108.48252      2811.70663      1.77215601e-05  -1538.12306    
2108.48252      2811.70663      3.15138854e-05  -2861.30514    
2108.48252      2811.70663      5.60404936e-05  -5271.48876    
2108.48252      2811.70663      9.96556558e-05  -9633.9605     
2811.70663      3749.47105      0               -1.31116431    
2811.70663      3749.47105      1.77215601e-10  -1.30067083    
2811.70663      3749.47105      3.15138854e-10  -1.2925568     
2811.70663      3749.47105      5.60404936e-10  -1.27824082    
2811.70663      3749.47105      9.96556558e-10  -1.25313495    
2811.70663      3749.47105      1.77215601e-09  -1.2095729     
2811.70663      3749.47105      3.15138854e-09  -1.13537655    
2811.70663      3749.47105      5.60404936e-09  -1.01298935    
2811.70663      3749.47105      9.96556558e-09  -0.82191735    
2811.70663      3749.47105      1.77215601e-08  -0.550900311   
2811.70663      3749.47105      3.15138854e-08  -0.231144807   
2811.70663      3749.47105      5.60404936e-08  -0.00617114519 
2811.70663      3749.47105      9.96556558e-08  -0.257834128   
2811.70663      3749.47105      1.77215601e-07  -1.81914713    
2811.70663      3749.47105      3.15138854e-07  -6.33694914    
2811.70663      3749.47105      5.60404936e-07  -16.9202841    
2811.70663      3749.47105      9.96556558e-07  -39.3361053    
2811.70663      3749.47105      1.77215601e-06  -84.200831     
2811.70663      3749.47105      3.15138854e-06  -170.922729    
2811.70663      3749.47105      5.60404936e-06  -334.724806    
2811.70663      3749.47105      9.96556558e-06  -639.14744     
2811.70663      3749.47105      1.77215601e-05  -1198.32569    
2811.70663      3749.47105      3.15138854e-05  -2216.64599    
2811.70663      3749.47105      5.60404936e-05  -4059.26099    
2811.70663      3749.47105      9.96556558e-05  -7377.46482    
3749.47105      5000            0               8.91941454e-09 
3749.47105      5000            1.77215601e-10  -0.00549268574 
3749.47105      5000            3.15138854e-10  -0.00976881668 
3749.47105      5000            5.60404936e-10  -0.0173757355  
3749.47105      5000            9.96556558e-10  -0.030911682   
3749.47105      5000            1.77215601e-09  -0.0550098463  
3749.47105      5000            3.15138854e-09  -0.0979494028  
3749.47105      5000            5.60404936e-09  -0.174577598   
3749.47105      5000            9.96556558e-09  -0.311679255   
3749.47105      5000            1.77215601e-08  -0.558032774   
3749.47105      5000            3.15138854e-08  -1.00369925    
3749.47105      5000            5.60404936e-08  -1.81788209    
3749.47105      5000            9.96556558e-08  -3.32404168    
3749.47105      5000            1.77215601e-07  -6.14723936    
3749.47105      5000            3.15138854e-07  -11.4943664    
3749.47105      5000            5.60404936e-07  -21.6697901    
3749.47105      5000            9.96556558e-07  -41.0059364    
3749.47105      5000            1.77215601e-06  -77.5296107    
3749.47105      5000            3.15138854e-06  -145.929363    
3749.47105      5000            5.60404936e-06  -272.81749     
3749.47105      5000            9.96556558e-06  -506.056382    
3749.47105      5000            1.77215601e-05  -931.323134    
3749.47105      5000            3.15138854e-05  -1701.58492    
3749.47105      5000            5.60404936e-05  -3089.57013    
3749.47105      5000            9.96556558e-05  -5581.14237    
5000            6667.60716      0               2.75597622e-05 
5000            6667.60716      1.77215601e-10  -0.00150422678 
5000            6667.60716      3.15138854e-10  -0.00270132091 
5000            6667.60716      5.60404936e-10  -0.00484072858 
5000            6667.60716      9.96556558e-10  -0.00867868486 
5000            6667.60716      1.77215601e-09  -0.0156086941  
5000            6667.60716      3.15138854e-09  -0.0282596427  
5000            6667.60716      5.60404936e-09  -0.0517662543  
5000            6667.60716      9.96556558e-09  -0.0966233484  
5000            6667.60716      1.77215601e-08  -0.18535548    
5000            6667.60716      3.15138854e-08  -0.368151922   
5000            6667.60716      5.60404936e-08  -0.757879907   
5000            6667.60716      9.96556558e-08  -1.6015301     
5000            6667.60716      1.77215601e-07  -3.41031087    
5000            6667.60716      3.15138854e-07  -7.17873942    
5000            6667.60716      5.60404936e-07  -14.7559838    
5000            6667.60716      9.96556558e-07  -29.5102938    
5000            6667.60716      1.77215601e-06  -57.548406     
5000            6667.60716      3.15138854e-06  -109.927862    
5000            6667.60716      5.60404936e-06  -206.601329    
5000            6667.60716      9.96556558e-06  -383.406861    
5000            6667.60716      1.77215601e-05  -704.47866     
5000            6667.60716      3.15138854e-05  -1284.31198    
5000            6667.60716      5.60404936e-05  -2326.98699    
5000            6667.60716      9.96556558e-05  -4195.89788    
6667.60716      8891.39705      0               0.000800334638 
6667.60716      8891.39705      1.77215601e-10  0.000862557354 
6667.60716      8891.39705      3.15138854e-10  0.000900955215 
6667.60716      8891.39705      5.60404936e-10  0.00094767974  
6667.60716      8891.39705      9.96556558e-10  0.000963180041 
6667.60716      8891.39705      1.77215601e-09  0.000780220252 
6667.60716      8891.39705      3.15138854e-09  -0.000193407593
6667.60716      8891.39705      5.60404936e-09  -0.00388222947 
6667.60716      8891.39705      9.96556558e-09  -0.0161612256  
6667.60716      8891.39705      1.77215601e-08  -0.0538466162  
6667.60716      8891.39705      3.15138854e-08  -0.16141267    
6667.60716      8891.39705      5.60404936e-08  -0.445563201   
6667.60716      8891.39705      9.96556558e-08  -1.13628412    
6667.60716      8891.39705      1.77215601e-07  -2.68374536    
6667.60716      8891.39705      3.15138854e-07  -5.91468319    
6667.60716      8891.39705      5.60404936e-07  -12.3093884    
6667.60716      8891.39705      9.96556558e-07  -24.5148765    
6667.60716      8891.39705      1.77215601e-06  -47.2837197    
6667.60716      8891.39705      3.15138854e-06  -89.1541841    
6667.60716      8891.39705      5.60404936e-06  -165.427404    
6667.60716      8891.39705      9.96556558e-06  -303.445461    
6667.60716      8891.39705      1.77215601e-05  -551.976812    
6667.60716      8891.39705      3.15138854e-05  -997.930837    
6667.60716      8891.39705      5.60404936e-05  -1796.12484    
6667.60716      8891.39705      9.96556558e-05  -3222.25463    
8891.39705      11856.8685      0               -0.043303217   
8891.39705      11856.8685      1.77215601e-10  -0.042018655   
8891.39705      11856.8685      3.15138854e-10  -0.0410351566  
8891.39705      11856.8685      5.60404936e-10  -0.0393210037  
8891.39705      11856.8685      9.96556558e-10  -0.0363811475  
8891.39705      11856.8685      1.77215601e-09  -0.0314872711  
8891.39705      11856.8685      3.15138854e-09  -0.0237943486  
8891.39705      11856.8685      5.60404936e-09  -0.0130699291  
8891.39705      11856.8685      9.96556558e-09  -0.00221049197 
8891.39705      11856.8685      1.77215601e-08  -0.00396336934 
8891.39705      11856.8685      3.15138854e-08  -0.0553982865  
8891.39705      11856.8685      5.60404936e-08  -0.243251959   
8891.39705      11856.8685      9.96556558e-08  -0.742602121   
8891.39705      11856.8685      1.77215601e-07  -1.8776949     
8891.39705      11856.8685      3.15138854e-07  -4.2318761     
8891.39705      11856.8685      5.60404936e-07  -8.85948319    
8891.39705      11856.8685      9.96556558e-07  -17.6869852    
8891.39705      11856.8685      1.77215601e-06  -34.2433505    
8891.39705      11856.8685      3.15138854e-06  -64.9487811    
8891.39705      11856.8685      5.60404936e-06  -121.367109    
8891.39705      11856.8685      9.96556558e-06  -224.176081    
8891.39705      11856.8685      1.77215601e-05  -410.229392    
8891.39705      11856.8685      3.15138854e-05  -745.144476    
8891.39705      11856.8685      5.60404936e-05  -1345.7179     
8891.39705      11856.8685      9.96556558e-05  -2419.81424    
11856.8685      15811.3883      0               4.15730028e-09 
11856.8685      15811.3883      1.77215601e-10  -0.00255985375 
11856.8685      15811.3883      3.15138854e-10  -0.00455222527 
11856.8685      15811.3883      5.60404936e-10  -0.00809540616 
11856.8685      15811.3883      9.96556558e-10  -0.0143967647  
11856.8685      15811.3883      1.77215601e-09  -0.025604213   
11856.8685      15811.3883      3.15138854e-09  -0.0455400938  
11856.8685      15811.3883      5.60404936e-09  -0.0810102557  
11856.8685      15811.3883      9.96556558e-09  -0.144144468   
11856.8685      15811.3883      1.77215601e-08  -0.256596778   
11856.8685      15811.3883      3.15138854e-08  -0.457130525   
11856.8685      15811.3883      5.60404936e-08  -0.815441267   
11856.8685      15811.3883      9.96556558e-08  -1.45764577    
11856.8685      15811.3883      1.77215601e-07  -2.6138197     
11856.8685      15811.3883      3.15138854e-07  -4.70705698    
11856.8685      15811.3883      5.60404936e-07  -8.5189032     
11856.8685      15811.3883      9.96556558e-07  -15.490777     
11856.8685      15811.3883      1.77215601e-06  -28.2631564    
11856.8685      15811.3883      3.15138854e-06  -51.6314855    
11856.8685      15811.3883      5.60404936e-06  -94.2378875    
11856.8685      15811.3883      9.96556558e-06  -171.56768     
11856.8685      15811.3883      1.77215601e-05  -311.266155    
11856.8685      15811.3883      3.15138854e-05  -562.588075    
11856.8685      15811.3883      5.60404936e-05  -1013.20495    
11856.8685      15811.3883      9.96556558e-05  -1819.09917    
15811.3883      21084.8252      0               1.59548108e-09 
15811.3883      21084.8252      1.77215601e-10  -0.000982851949
15811.3883      21084.8252      3.15138854e-10  -0.00174861365 
15811.3883      21084.8252      5.60404936e-10  -0.00311213643 
15811.3883      21084.8252      9.96556558e-10  -0.00554248688 
15811.3883      21084.8252      1.77215601e-09  -0.00988202405 
15811.3883      21084.8252      3.15138854e-09  -0.0176543575  
15811.3883      21084.8252      5.60404936e-09  -0.0316480734  
15811.3883      21084.8252      9.96556558e-09  -0.0570619194  
15811.3883      21084.8252      1.77215601e-08  -0.103844555   
15811.3883      21084.8252      3.15138854e-08  -0.19164521    
15811.3883      21084.8252      5.60404936e-08  -0.360400358   
15811.3883      21084.8252      9.96556558e-08  -0.692299105   
15811.3883      21084.8252      1.77215601e-07  -1.3542836     
15811.3883      21084.8252      3.15138854e-07  -2.67403673    
15811.3883      21084.8252      5.60404936e-07  -5.27035509    
15811.3883      21084.8252      9.96556558e-07  -10.2784495    
15811.3883      21084.8252      1.77215601e-06  -19.745652     
15811.3883      21084.8252      3.15138854e-06  -37.3306341    
15811.3883      21084.8252      5.60404936e-06  -69.5457521    
15811.3883      21084.8252      9.96556558e-06  -127.976305    
15811.3883      21084.8252      1.77215601e-05  -233.24644     
15811.3883      21084.8252      3.15138854e-05  -422.085099    
15811.3883      21084.8252      5.60404936e-05  -759.889503    
15811.3883      21084.8252      9.96556558e-05  -1363.06278    
21084.8252      28117.0663      0               3.01861292e-09 
21084.8252      28117.0663      1.77215601e-10  -0.00185850049 
21084.8252      28117.0663      3.15138854e-10  -0.00330493552 
21084.8252      28117.0663      5.60404936e-10  -0.0058771012  
21084.8252      28117.0663      9.96556558e-10  -0.0104511306  
21084.8252      28117.0663      1.77215601e-09  -0.0185850332  
21084.8252      28117.0663      3.15138854e-09  -0.0330493861  
21084.8252      28117.0663      5.60404936e-09  -0.0587710508  
21084.8252      28117.0663      9.96556558e-09  -0.10451137    
21084.8252      28117.0663      1.77215601e-08  -0.185850477   
21084.8252      28117.0663      3.15138854e-08  -0.330494259   
21084.8252      28117.0663      5.60404936e-08  -0.587711707   
21084.8252      28117.0663      9.96556558e-08  -1.04511743    
21084.8252      28117.0663      1.77215601e-07  -1.85851649    
21084.8252      28117.0663      3.15138854e-07  -3.30497955    
21084.8252      28117.0663      5.60404936e-07  -5.87723357    
21084.8252      28117.0663      9.96556558e-07  -10.4515409    
21084.8252      28117.0663      1.77215601e-06  -18.5863144    
21084.8252      28117.0663      3.15138854e-06  -33.0533769    
21084.8252      28117.0663      5.60404936e-06  -58.783373     
21084.8252      28117.0663      9.96556558e-06  -104.548808    
21084.8252      28117.0663      1.77215601e-05  -185.961288    
21084.8252      28117.0663      3.15138854e-05  -330.809705    
21084.8252      28117.0663      5.60404936e-05  -588.563504    
21084.8252      28117.0663      9.96556558e-05  -1047.27603    
28117.0663      37494.7105      0               2.31517561e-09 
28117.0663      37494.7105      1.77215601e-10  -0.00142540445 
28117.0663      37494.7105      3.15138854e-10  -0.00253476921 
28117.0663      37494.7105      5.60404936e-10  -0.0045075298  
28117.0663      37494.7105      9.96556558e-10  -0.00801564956 
28117.0663      37494.7105      1.77215601e-09  -0.0142540674  
28117.0663      37494.7105      3.15138854e-09  -0.0253477196  
28117.0663      37494.7105      5.60404936e-09  -0.0450753398  
28117.0663      37494.7105      9.96556558e-09  -0.0801565825  
28117.0663      37494.7105      1.77215601e-08  -0.142540904   
28117.0663      37494.7105      3.15138854e-08  -0.253477877   
28117.0663      37494.7105      5.60404936e-08  -0.450755507   
28117.0663      37494.7105      9.96556558e-08  -0.801572444   
28117.0663      37494.7105      1.77215601e-07  -1.42542989    
28117.0663      37494.7105      3.15138854e-07  -2.5348445     
28117.0663      37494.7105      5.60404936e-07  -4.50776191    
28117.0663      37494.7105      9.96556558e-07  -8.01637313    
28117.0663      37494.7105      1.77215601e-06  -14.2563208    
28117.0663      37494.7105      3.15138854e-06  -25.3546799    
28117.0663      37494.7105      5.60404936e-06  -45.0965056    
28117.0663      37494.7105      9.96556558e-06  -80.2193206    
28117.0663      37494.7105      1.77215601e-05  -142.719858    
28117.0663      37494.7105      3.15138854e-05  -253.962264    
28117.0663      37494.7105      5.60404936e-05  -451.985715    
28117.0663      37494.7105      9.96556558e-05  -804.490644    
37494.7105      50000           0               1.38811629e-09 
37494.7105      50000           1.77215601e-10  -0.000854672363
37494.7105      50000           3.15138854e-10  -0.00151988522 
37494.7105      50000           5.60404936e-10  -0.00270290139 
37494.7105      50000           9.96556558e-10  -0.00480689334 
37494.7105      50000           1.77215601e-09  -0.00854919576 
37494.7105      50000           3.15138854e-09  -0.0152066324  
37494.7105      50000           5.60404936e-09  -0.0270535321  
37494.7105      50000           9.96556558e-09  -0.0481461158  
37494.7105      50000           1.77215601e-08  -0.0857342032  
37494.7105      50000           3.15138854e-08  -0.152822435   
37494.7105      50000           5.60404936e-08  -0.272872607   
37494.7105      50000           9.96556558e-08  -0.48856872    
37494.7105      50000           1.77215601e-07  -0.878385093   
37494.7105      50000           3.15138854e-07  -1.58799984    
37494.7105      50000           5.60404936e-07  -2.88874622    
37494.7105      50000           9.96556558e-07  -5.28219522    
37494.7105      50000           1.77215601e-06  -9.68082632    
37494.7105      50000           3.15138854e-06  -17.7192839    
37494.7105      50000           5.60404936e-06  -32.3022489    
37494.7105      50000           9.96556558e-06  -58.5830836    
37494.7105      50000           1.77215601e-05  -105.713671    
37494.7105      50000           3.15138854e-05  -189.964138    
37494.7105      50000           5.60404936e-05  -340.274142    
37494.7105      50000           9.96556558e-05  -608.121527    
50000           66676.0716      0               -0.834740824   
50000           66676.0716      1.77215601e-10  -0.83133932    
50000           66676.0716      3.15138854e-10  -0.828704285   
50000           66676.0716      5.60404936e-10  -0.824044785   
50000           66676.0716      9.96556558e-10  -0.815841086   
50000           66676.0716      1.77215601e-09  -0.801506718   
50000           66676.0716      3.15138854e-09  -0.776788579   
50000           66676.0716      5.60404936e-09  -0.735114207   
50000           66676.0716      9.96556558e-09  -0.667435025   
50000           66676.0716      1.77215601e-08  -0.563927048   
50000           66676.0716      3.15138854e-08  -0.419594826   
50000           66676.0716      5.60404936e-08  -0.244745488   
50000           66676.0716      9.96556558e-08  -0.0780761563  
50000           66676.0716      1.77215601e-07  0.000204710105 
50000           66676.0716      3.15138854e-07  -0.14929663    
50000           66676.0716      5.60404936e-07  -0.760476265   
50000           66676.0716      9.96556558e-07  -2.23249894    
50000           66676.0716      1.77215601e-06  -5.2610167     
50000           66676.0716      3.15138854e-06  -11.0730604    
50000           66676.0716      5.60404936e-06  -21.8442047    
50000           66676.0716      9.96556558e-06  -41.4393361    
50000           66676.0716      1.77215601e-05  -76.7290215    
50000           66676.0716      3.15138854e-05  -139.929739    
50000           66676.0716      5.60404936e-05  -252.765071    
50000           66676.0716      9.96556558e-05  -453.865243    
66676.0716      88913.9705      0               0.000489236178 
66676.0716      88913.9705      1.77215601e-10  -0.000120474351
66676.0716      88913.9705      3.15138854e-10  -0.000594999506
66676.0716      88913.9705      5.60404936e-10  -0.00143883783 
66676.0716      88913.9705      9.96556558e-10  -0.00293941816 
66676.0716      88913.9705      1.77215601e-09  -0.00560786935 
66676.0716      88913.9705      3.15138854e-09  -0.0103531214  
66676.0716      88913.9705      5.60404936e-09  -0.0187915062  
66676.0716      88913.9705      9.96556558e-09  -0.0337973147  
66676.0716      88913.9705      1.77215601e-08  -0.0604818427  
66676.0716      88913.9705      3.15138854e-08  -0.107934414   
66676.0716      88913.9705      5.60404936e-08  -0.192318424   
66676.0716      88913.9705      9.96556558e-08  -0.342377019   
66676.0716      88913.9705      1.77215601e-07  -0.609223912   
66676.0716      88913.9705      3.15138854e-07  -1.08375472    
66676.0716      88913.9705      5.60404936e-07  -1.92761087    
66676.0716      88913.9705      9.96556558e-07  -3.42824733    
66676.0716      88913.9705      1.77215601e-06  -6.09687461    
66676.0716      88913.9705      3.15138854e-06  -10.8426758    
66676.0716      88913.9705      5.60404936e-06  -19.2827556    
66676.0716      88913.9705      9.96556558e-06  -34.2937054    
66676.0716      88913.9705      1.77215601e-05  -60.993394     
66676.0716      88913.9705      3.15138854e-05  -108.488783    
66676.0716      88913.9705      5.60404936e-05  -192.98664     
66676.0716      88913.9705      9.96556558e-05  -343.326099    
88913.9705      118568.685      0               5.93942673e-10 
88913.9705      118568.685      1.77215601e-10  -0.000365694123
88913.9705      118568.685      3.15138854e-10  -0.000650312088
88913.9705      118568.685      5.60404936e-10  -0.0011564538  
88913.9705      118568.685      9.96556558e-10  -0.00205655139 
88913.9705      118568.685      1.77215601e-09  -0.00365729082 
88913.9705      118568.685      3.15138854e-09  -0.00650421427 
88913.9705      118568.685      5.60404936e-09  -0.011567981   
88913.9705      118568.685      9.96556558e-09  -0.0205763731  
88913.9705      118568.685      1.77215601e-08  -0.0366071406  
88913.9705      118568.685      3.15138854e-08  -0.0651498507  
88913.9705      118568.685      5.60404936e-08  -0.116017447   
88913.9705      118568.685      9.96556558e-08  -0.206815208   
88913.9705      118568.685      1.77215601e-07  -0.369309141   
88913.9705      118568.685      3.15138854e-07  -0.661281057   
88913.9705      118568.685      5.60404936e-07  -1.18884326    
88913.9705      118568.685      9.96556558e-07  -2.14837045    
88913.9705      118568.685      1.77215601e-06  -3.90351318    
88913.9705      118568.685      3.15138854e-06  -7.12149608    
88913.9705      118568.685      5.60404936e-06  -13.0085113    
88913.9705      118568.685      9.96556558e-06  -23.7191062    
88913.9705      118568.685      1.77215601e-05  -43.0827466    
88913.9705      118568.685      3.15138854e-05  -77.9047134    
88913.9705      118568.685      5.60404936e-05  -140.290746    
88913.9705      118568.685      9.96556558e-05  -251.785926    
118568.685      158113.883      0               5.52716983e-10 
118568.685      158113.883      1.77215601e-10  -0.000340315125
118568.685      158113.883      3.15138854e-10  -0.00060517581 
118568.685      158113.883      5.60404936e-10  -0.00107617211 
118568.685      158113.883      9.96556558e-10  -0.00191373514 
118568.685      158113.883      1.77215601e-09  -0.00340315623 
118568.685      158113.883      3.15138854e-09  -0.00605176308 
118568.685      158113.883      5.60404936e-09  -0.0107617261  
118568.685      158113.883      9.96556558e-09  -0.0191373564  
118568.685      158113.883      1.77215601e-08  -0.0340315673  
118568.685      158113.883      3.15138854e-08  -0.0605176359  
118568.685      158113.883      5.60404936e-08  -0.107617267   
118568.685      158113.883      9.96556558e-08  -0.191373571   
118568.685      158113.883      1.77215601e-07  -0.340315683   
118568.685      158113.883      3.15138854e-07  -0.605176381   
118568.685      158113.883      5.60404936e-07  -1.07617272    
118568.685      158113.883      9.96556558e-07  -1.91373588    
118568.685      158113.883      1.77215601e-06  -3.40315738    
118568.685      158113.883      3.15138854e-06  -6.05176552    
118568.685      158113.883      5.60404936e-06  -10.7617326    
118568.685      158113.883      9.96556558e-06  -19.1373758    
118568.685      158113.883      1.77215601e-05  -34.0316273    
118568.685      158113.883      3.15138854e-05  -60.5178239    
118568.685      158113.883      5.60404936e-05  -107.617856    
118568.685      158113.883      9.96556558e-05  -191.375409    
158113.883      210848.252      0               4.09869472e-10 
158113.883      210848.252      1.77215601e-10  -0.000252353746
158113.883      210848.252      3.15138854e-10  -0.000448755792
158113.883      210848.252      5.60404936e-10  -0.000798013512
158113.883      210848.252      9.96556558e-10  -0.00141909134 
158113.883      210848.252      1.77215601e-09  -0.00252354132 
158113.883      210848.252      3.15138854e-09  -0.00448756216 
158113.883      210848.252      5.60404936e-09  -0.00798014056 
158113.883      210848.252      9.96556558e-09  -0.0141909226  
158113.883      210848.252      1.77215601e-08  -0.0252354344  
158113.883      210848.252      3.15138854e-08  -0.0448756805  
158113.883      210848.252      5.60404936e-08  -0.0798015837  
158113.883      210848.252      9.96556558e-08  -0.141909782   
158113.883      210848.252      1.77215601e-07  -0.25235609    
158113.883      210848.252      3.15138854e-07  -0.448762315   
158113.883      210848.252      5.60404936e-07  -0.79803322    
158113.883      210848.252      9.96556558e-07  -1.41915259    
158113.883      210848.252      1.77215601e-06  -2.52373302    
158113.883      210848.252      3.15138854e-06  -4.4881615     
158113.883      210848.252      5.60404936e-06  -7.98200238    
158113.883      210848.252      9.96556558e-06  -14.1966357    
158113.883      210848.252      1.77215601e-05  -25.2526074    
158113.883      210848.252      3.15138854e-05  -44.9256634    
158113.883      210848.252      5.60404936e-05  -79.940438     
158113.883      210848.252      9.96556558e-05  -142.272843    
210848.252      281170.663      0               0.000260628923 
210848.252      281170.663      1.77215601e-10  7.04446843e-05 
210848.252      281170.663      3.15138854e-10  -7.75717928e-05
210848.252      281170.663      5.60404936e-10  -0.000340786446
210848.252      281170.663      9.96556558e-10  -0.000808855645
210848.252      281170.663      1.77215601e-09  -0.00164121346 
210848.252      281170.663      3.15138854e-09  -0.00312137823 
210848.252      281170.663      5.60404936e-09  -0.00575352477 
210848.252      281170.663      9.96556558e-09  -0.0104342168  
210848.252      281170.663      1.77215601e-08  -0.018757795   
210848.252      281170.663      3.15138854e-08  -0.0335594427  
210848.252      281170.663      5.60404936e-08  -0.0598809081  
210848.252      281170.663      9.96556558e-08  -0.106687828   
210848.252      281170.663      1.77215601e-07  -0.18992361    
210848.252      281170.663      3.15138854e-07  -0.337940088   
210848.252      281170.663      5.60404936e-07  -0.601154745   
210848.252      281170.663      9.96556558e-07  -1.06922395    
210848.252      281170.663      1.77215601e-06  -1.9015818     
210848.252      281170.663      3.15138854e-06  -3.38174668    
210848.252      281170.663      5.60404936e-06  -6.01389353    
210848.252      281170.663      9.96556558e-06  -10.6945865    
210848.252      281170.663      1.77215601e-05  -19.0181679    
210848.252      281170.663      3.15138854e-05  -33.8198257    
210848.252      281170.663      5.60404936e-05  -60.1413229    
210848.252      281170.663      9.96556558e-05  -106.948343    
281170.663      374947.105      0               2.29263719e-10 
281170.663      374947.105      1.77215601e-10  -0.000141163686
281170.663      374947.105      3.15138854e-10  -0.000251028656
281170.663      374947.105      5.60404936e-10  -0.000446399268
281170.663      374947.105      9.96556558e-10  -0.000793822805
281170.663      374947.105      1.77215601e-09  -0.00141163893 
281170.663      374947.105      3.15138854e-09  -0.00251028862 
281170.663      374947.105      5.60404936e-09  -0.00446399475 
281170.663      374947.105      9.96556558e-09  -0.00793823014 
281170.663      374947.105      1.77215601e-08  -0.0141163914  
281170.663      374947.105      3.15138854e-08  -0.0251028885  
281170.663      374947.105      5.60404936e-08  -0.0446399502  
281170.663      374947.105      9.96556558e-08  -0.0793823056  
281170.663      374947.105      1.77215601e-07  -0.141163923   
281170.663      374947.105      3.15138854e-07  -0.251028908   
281170.663      374947.105      5.60404936e-07  -0.446399572   
281170.663      374947.105      9.96556558e-07  -0.793823273   
281170.663      374947.105      1.77215601e-06  -1.41163991    
281170.663      374947.105      3.15138854e-06  -2.51029123    
281170.663      374947.105      5.60404936e-06  -4.46400251    
281170.663      374947.105      9.96556558e-06  -7.93825415    
281170.663      374947.105      1.77215601e-05  -14.1164667    
281170.663      374947.105      3.15138854e-05  -25.1031252    
281170.663      374947.105      5.60404936e-05  -44.6406938    
281170.663      374947.105      9.96556558e-05  -79.3846309    
374947.105      500000          0               0.000836394906 
374947.105      500000          1.77215601e-10  0.000733659638 
374947.105      500000          3.15138854e-10  0.000653702894 
374947.105      500000          5.60404936e-10  0.000511517463 
374947.105      500000          9.96556558e-10  0.000258672039 
374947.105      500000          1.77215601e-09  -0.000190957773
374947.105      500000          3.15138854e-09  -0.00099052521 
374947.105      500000          5.60404936e-09  -0.00241237952 
374947.105      500000          9.96556558e-09  -0.00494083377 
374947.105      500000          1.77215601e-08  -0.00943713189 
374947.105      500000          3.15138854e-08  -0.0174328063  
374947.105      500000          5.60404936e-08  -0.0316513494  
374947.105      500000          9.96556558e-08  -0.0569358918  
374947.105      500000          1.77215601e-07  -0.101898873   
374947.105      500000          3.15138854e-07  -0.181855617   
374947.105      500000          5.60404936e-07  -0.324041049   
374947.105      500000          9.96556558e-07  -0.576886475   
374947.105      500000          1.77215601e-06  -1.02651629    
374947.105      500000          3.15138854e-06  -1.82608375    
374947.105      500000          5.60404936e-06  -3.24793812    
374947.105      500000          9.96556558e-06  -5.77639254    
374947.105      500000          1.77215601e-05  -10.2726912    
374947.105      500000          3.15138854e-05  -18.2683675    
374947.105      500000          5.60404936e-05  -32.4869164    
374947.105      500000          9.96556558e-05  -57.7714771    
