### /nfs/slac/g/ki/ki20/cta/mdwood/fermi/dsph_pipeline/des_dwarfs/v6/p302_6yr_source_psf0123_point_gs_jsigma0.6/results/like_cetus_II.txt
#[0]emin(MeV) [1]emax(MeV) [2]eflux(MeV/cm^2/s) [3]deltaLogLike
500             666.760716      0               0.000385734367 
500             666.760716      1.77215601e-10  -0.00291213831 
500             666.760716      3.15138854e-10  -0.00548948382 
500             666.760716      5.60404936e-10  -0.0100957694  
500             666.760716      9.96556558e-10  -0.0183596958  
500             666.760716      1.77215601e-09  -0.0332838684  
500             666.760716      3.15138854e-09  -0.0605395862  
500             666.760716      5.60404936e-09  -0.111237434   
500             666.760716      9.96556558e-09  -0.208250693   
500             666.760716      1.77215601e-08  -0.40145669    
500             666.760716      3.15138854e-08  -0.805535899   
500             666.760716      5.60404936e-08  -1.69306622    
500             666.760716      9.96556558e-08  -3.714736      
500             666.760716      1.77215601e-07  -8.3903836     
500             666.760716      3.15138854e-07  -19.1439702    
500             666.760716      5.60404936e-07  -43.3985598    
500             666.760716      9.96556558e-07  -96.6970654    
500             666.760716      1.77215601e-06  -210.594629    
500             666.760716      3.15138854e-06  -447.386033    
500             666.760716      5.60404936e-06  -927.026986    
500             666.760716      9.96556558e-06  -1875.70954    
500             666.760716      1.77215601e-05  -3712.80925    
500             666.760716      3.15138854e-05  -7205.72082    
500             666.760716      5.60404936e-05  -13744.8119    
500             666.760716      9.96556558e-05  -25830.9805    
666.760716      889.139705      0               0.0050057655   
666.760716      889.139705      1.77215601e-10  0.000177940969 
666.760716      889.139705      3.15138854e-10  -0.00358635647 
666.760716      889.139705      5.60404936e-10  -0.0102952343  
666.760716      889.139705      9.96556558e-10  -0.0222725511  
666.760716      889.139705      1.77215601e-09  -0.0437199443  
666.760716      889.139705      3.15138854e-09  -0.0823262071  
666.760716      889.139705      5.60404936e-09  -0.152441755   
666.760716      889.139705      9.96556558e-09  -0.281679419   
666.760716      889.139705      1.77215601e-08  -0.525502049   
666.760716      889.139705      3.15138854e-08  -1.00130115    
666.760716      889.139705      5.60404936e-08  -1.97063242    
666.760716      889.139705      9.96556558e-08  -4.03676614    
666.760716      889.139705      1.77215601e-07  -8.59855303    
666.760716      889.139705      3.15138854e-07  -18.8196228    
666.760716      889.139705      5.60404936e-07  -41.546667     
666.760716      889.139705      9.96556558e-07  -90.9155469    
666.760716      889.139705      1.77215601e-06  -194.992476    
666.760716      889.139705      3.15138854e-06  -407.935983    
666.760716      889.139705      5.60404936e-06  -832.133393    
666.760716      889.139705      9.96556558e-06  -1658.08683    
666.760716      889.139705      1.77215601e-05  -3235.57531    
666.760716      889.139705      3.15138854e-05  -6200.00028    
666.760716      889.139705      5.60404936e-05  -11696.6334    
666.760716      889.139705      9.96556558e-05  -21778.9073    
889.139705      1185.68685      0               0.000433814488 
889.139705      1185.68685      1.77215601e-10  -0.000163070506
889.139705      1185.68685      3.15138854e-10  -0.000642210405
889.139705      1185.68685      5.60404936e-10  -0.00152573185 
889.139705      1185.68685      9.96556558e-10  -0.00319602742 
889.139705      1185.68685      1.77215601e-09  -0.00647763666 
889.139705      1185.68685      3.15138854e-09  -0.0132858424  
889.139705      1185.68685      5.60404936e-09  -0.0284029286  
889.139705      1185.68685      9.96556558e-09  -0.0644566197  
889.139705      1185.68685      1.77215601e-08  -0.155794493   
889.139705      1185.68685      3.15138854e-08  -0.395778119   
889.139705      1185.68685      5.60404936e-08  -1.03056055    
889.139705      1185.68685      9.96556558e-08  -2.67447843    
889.139705      1185.68685      1.77215601e-07  -6.76008919    
889.139705      1185.68685      3.15138854e-07  -16.414172     
889.139705      1185.68685      5.60404936e-07  -38.1041618    
889.139705      1185.68685      9.96556558e-07  -84.682153     
889.139705      1185.68685      1.77215601e-06  -180.930441    
889.139705      1185.68685      3.15138854e-06  -373.554881    
889.139705      1185.68685      5.60404936e-06  -749.104201    
889.139705      1185.68685      9.96556558e-06  -1465.98343    
889.139705      1185.68685      1.77215601e-05  -2811.45997    
889.139705      1185.68685      3.15138854e-05  -5303.08142    
889.139705      1185.68685      5.60404936e-05  -9869.15201    
889.139705      1185.68685      9.96556558e-05  -18169.7542    
1185.68685      1581.13883      0               5.62325731e-05 
1185.68685      1581.13883      1.77215601e-10  -0.00120367019 
1185.68685      1581.13883      3.15138854e-10  -0.00220234134 
1185.68685      1581.13883      5.60404936e-10  -0.00401728228 
1185.68685      1581.13883      9.96556558e-10  -0.00736749826 
1185.68685      1581.13883      1.77215601e-09  -0.0137095907  
1185.68685      1581.13883      3.15138854e-09  -0.0261832076  
1185.68685      1581.13883      5.60404936e-09  -0.0520365611  
1185.68685      1581.13883      9.96556558e-09  -0.109050883   
1185.68685      1581.13883      1.77215601e-08  -0.24250005    
1185.68685      1581.13883      3.15138854e-08  -0.568050256   
1185.68685      1581.13883      5.60404936e-08  -1.37186774    
1185.68685      1581.13883      9.96556558e-08  -3.32092813    
1185.68685      1581.13883      1.77215601e-07  -7.86408276    
1185.68685      1581.13883      3.15138854e-07  -17.9596882    
1185.68685      1581.13883      5.60404936e-07  -39.3942613    
1185.68685      1581.13883      9.96556558e-07  -83.1919       
1185.68685      1581.13883      1.77215601e-06  -170.001619    
1185.68685      1581.13883      3.15138854e-06  -338.025745    
1185.68685      1581.13883      5.60404936e-06  -657.251547    
1185.68685      1581.13883      9.96556558e-06  -1254.85312    
1185.68685      1581.13883      1.77215601e-05  -2360.39643    
1185.68685      1581.13883      3.15138854e-05  -4386.27376    
1185.68685      1581.13883      5.60404936e-05  -8070.84243    
1185.68685      1581.13883      9.96556558e-05  -14732.9933    
1581.13883      2108.48252      0               -0.266344856   
1581.13883      2108.48252      1.77215601e-10  -0.258924818   
1581.13883      2108.48252      3.15138854e-10  -0.253257266   
1581.13883      2108.48252      5.60404936e-10  -0.243405884   
1581.13883      2108.48252      9.96556558e-10  -0.226583807   
1581.13883      2108.48252      1.77215601e-09  -0.198757841   
1581.13883      2108.48252      3.15138854e-09  -0.155311861   
1581.13883      2108.48252      5.60404936e-09  -0.094527924   
1581.13883      2108.48252      9.96556558e-09  -0.0278369505  
1581.13883      2108.48252      1.77215601e-08  -0.00277924676 
1581.13883      2108.48252      3.15138854e-08  -0.146039758   
1581.13883      2108.48252      5.60404936e-08  -0.739281329   
1581.13883      2108.48252      9.96556558e-08  -2.35998865    
1581.13883      2108.48252      1.77215601e-07  -6.1604213     
1581.13883      2108.48252      3.15138854e-07  -14.4219017    
1581.13883      2108.48252      5.60404936e-07  -31.6169084    
1581.13883      2108.48252      9.96556558e-07  -66.3695145    
1581.13883      2108.48252      1.77215601e-06  -134.986867    
1581.13883      2108.48252      3.15138854e-06  -267.738371    
1581.13883      2108.48252      5.60404936e-06  -519.967434    
1581.13883      2108.48252      9.96556558e-06  -991.761869    
1581.13883      2108.48252      1.77215601e-05  -1862.84573    
1581.13883      2108.48252      3.15138854e-05  -3454.59106    
1581.13883      2108.48252      5.60404936e-05  -6340.36678    
1581.13883      2108.48252      9.96556558e-05  -11541.98      
2108.48252      2811.70663      0               -0.27986963    
2108.48252      2811.70663      1.77215601e-10  -0.27514048    
2108.48252      2811.70663      3.15138854e-10  -0.271495742   
2108.48252      2811.70663      5.60404936e-10  -0.265091323   
2108.48252      2811.70663      9.96556558e-10  -0.253943069   
2108.48252      2811.70663      1.77215601e-09  -0.234864245   
2108.48252      2811.70663      3.15138854e-09  -0.203215362   
2108.48252      2811.70663      5.60404936e-09  -0.153724931   
2108.48252      2811.70663      9.96556558e-09  -0.0851517838  
2108.48252      2811.70663      1.77215601e-08  -0.0155035334  
2108.48252      2811.70663      3.15138854e-08  -0.0206473582  
2108.48252      2811.70663      5.60404936e-08  -0.315077584   
2108.48252      2811.70663      9.96556558e-08  -1.39824606    
2108.48252      2811.70663      1.77215601e-07  -4.30419778    
2108.48252      2811.70663      3.15138854e-07  -11.0376743    
2108.48252      2811.70663      5.60404936e-07  -25.3693985    
2108.48252      2811.70663      9.96556558e-07  -54.2992235    
2108.48252      2811.70663      1.77215601e-06  -110.701139    
2108.48252      2811.70663      3.15138854e-06  -218.037491    
2108.48252      2811.70663      5.60404936e-06  -418.751732    
2108.48252      2811.70663      9.96556558e-06  -789.230284    
2108.48252      2811.70663      1.77215601e-05  -1466.42424    
2108.48252      2811.70663      3.15138854e-05  -2695.13585    
2108.48252      2811.70663      5.60404936e-05  -4912.0338     
2108.48252      2811.70663      9.96556558e-05  -8895.05211    
2811.70663      3749.47105      0               8.82346285e-09 
2811.70663      3749.47105      1.77215601e-10  -0.00543438562 
2811.70663      3749.47105      3.15138854e-10  -0.00966658232 
2811.70663      3749.47105      5.60404936e-10  -0.0171984791  
2811.70663      3749.47105      9.96556558e-10  -0.030610801   
2811.70663      3749.47105      1.77215601e-09  -0.0545198775  
2811.70663      3749.47105      3.15138854e-09  -0.0972193586  
2811.70663      3749.47105      5.60404936e-09  -0.173718911   
2811.70663      3749.47105      9.96556558e-09  -0.311503576   
2811.70663      3749.47105      1.77215601e-08  -0.561791387   
2811.70663      3749.47105      3.15138854e-08  -1.02224967    
2811.70663      3749.47105      5.60404936e-08  -1.8837533     
2811.70663      3749.47105      9.96556558e-08  -3.52604583    
2811.70663      3749.47105      1.77215601e-07  -6.70680592    
2811.70663      3749.47105      3.15138854e-07  -12.9181122    
2811.70663      3749.47105      5.60404936e-07  -25.0333078    
2811.70663      3749.47105      9.96556558e-07  -48.4552883    
2811.70663      3749.47105      1.77215601e-06  -93.1358627    
2811.70663      3749.47105      3.15138854e-06  -177.128669    
2811.70663      3749.47105      5.60404936e-06  -332.873696    
2811.70663      3749.47105      9.96556558e-06  -618.366801    
2811.70663      3749.47105      1.77215601e-05  -1137.06541    
2811.70663      3749.47105      3.15138854e-05  -2073.38585    
2811.70663      3749.47105      5.60404936e-05  -3755.93875    
2811.70663      3749.47105      9.96556558e-05  -6770.02587    
3749.47105      5000            0               1.22572601e-08 
3749.47105      5000            1.77215601e-10  -0.00754722328 
3749.47105      5000            3.15138854e-10  -0.0134213404  
3749.47105      5000            5.60404936e-10  -0.0238677219  
3749.47105      5000            9.96556558e-10  -0.0424460751  
3749.47105      5000            1.77215601e-09  -0.0754891579  
3749.47105      5000            3.15138854e-09  -0.134266569   
3749.47105      5000            5.60404936e-09  -0.238844444   
3749.47105      5000            9.96556558e-09  -0.424985667   
3749.47105      5000            1.77215601e-08  -0.756531184   
3749.47105      5000            3.15138854e-08  -1.34774194    
3749.47105      5000            5.60404936e-08  -2.40392856    
3749.47105      5000            9.96556558e-08  -4.29597982    
3749.47105      5000            1.77215601e-07  -7.69791501    
3749.47105      5000            3.15138854e-07  -13.8406133    
3749.47105      5000            5.60404936e-07  -24.9762277    
3749.47105      5000            9.96556558e-07  -45.2192813    
3749.47105      5000            1.77215601e-06  -82.053675     
3749.47105      5000            3.15138854e-06  -149.004523    
3749.47105      5000            5.60404936e-06  -270.351679    
3749.47105      5000            9.96556558e-06  -489.475643    
3749.47105      5000            1.77215601e-05  -883.711992    
3749.47105      5000            3.15138854e-05  -1590.81809    
3749.47105      5000            5.60404936e-05  -2856.0789     
3749.47105      5000            9.96556558e-05  -5116.0891     
5000            6667.60716      0               -1.54135063    
5000            6667.60716      1.77215601e-10  -1.49772479    
5000            6667.60716      3.15138854e-10  -1.46527576    
5000            6667.60716      5.60404936e-10  -1.41052867    
5000            6667.60716      9.96556558e-10  -1.32138179    
5000            6667.60716      1.77215601e-09  -1.18389019    
5000            6667.60716      3.15138854e-09  -0.987562538   
5000            6667.60716      5.60404936e-09  -0.734214158   
5000            6667.60716      9.96556558e-09  -0.446817543   
5000            6667.60716      1.77215601e-08  -0.175946645   
5000            6667.60716      3.15138854e-08  -0.00952643837 
5000            6667.60716      5.60404936e-08  -0.0988579508  
5000            6667.60716      9.96556558e-08  -0.71648328    
5000            6667.60716      1.77215601e-07  -2.36556908    
5000            6667.60716      3.15138854e-07  -5.9747341     
5000            6667.60716      5.60404936e-07  -13.2457513    
5000            6667.60716      9.96556558e-07  -27.2793788    
5000            6667.60716      1.77215601e-06  -53.6963502    
5000            6667.60716      3.15138854e-06  -102.632278    
5000            6667.60716      5.60404936e-06  -192.276101    
5000            6667.60716      9.96556558e-06  -355.1387      
5000            6667.60716      1.77215601e-05  -649.170089    
5000            6667.60716      3.15138854e-05  -1177.51788    
5000            6667.60716      5.60404936e-05  -2123.68557    
5000            6667.60716      9.96556558e-05  -3814.09473    
6667.60716      8891.39705      0               7.09769665e-09 
6667.60716      8891.39705      1.77215601e-10  -0.00437036205 
6667.60716      8891.39705      3.15138854e-10  -0.00777196129 
6667.60716      8891.39705      5.60404936e-10  -0.0138214539  
6667.60716      8891.39705      9.96556558e-10  -0.0245807165  
6667.60716      8891.39705      1.77215601e-09  -0.0437186555  
6667.60716      8891.39705      3.15138854e-09  -0.0777668727  
6667.60716      8891.39705      5.60404936e-09  -0.138363032   
6667.60716      8891.39705      9.96556558e-09  -0.246272079   
6667.60716      8891.39705      1.77215601e-08  -0.438631881   
6667.60716      8891.39705      3.15138854e-08  -0.78210673    
6667.60716      8891.39705      5.60404936e-08  -1.39697975    
6667.60716      8891.39705      9.96556558e-08  -2.50158501    
6667.60716      8891.39705      1.77215601e-07  -4.49412282    
6667.60716      8891.39705      3.15138854e-07  -8.1012012     
6667.60716      8891.39705      5.60404936e-07  -14.6424031    
6667.60716      8891.39705      9.96556558e-07  -26.4980581    
6667.60716      8891.39705      1.77215601e-06  -47.9430924    
6667.60716      8891.39705      3.15138854e-06  -86.6445642    
6667.60716      8891.39705      5.60404936e-06  -156.343845    
6667.60716      8891.39705      9.96556558e-06  -281.628035    
6667.60716      8891.39705      1.77215601e-05  -506.386448    
6667.60716      8891.39705      3.15138854e-05  -908.812613    
6667.60716      8891.39705      5.60404936e-05  -1628.08555    
6667.60716      8891.39705      9.96556558e-05  -2911.86597    
8891.39705      11856.8685      0               6.36282493e-09 
8891.39705      11856.8685      1.77215601e-10  -0.00391766891 
8891.39705      11856.8685      3.15138854e-10  -0.00696671512 
8891.39705      11856.8685      5.60404936e-10  -0.0123887717  
8891.39705      11856.8685      9.96556558e-10  -0.0220307047  
8891.39705      11856.8685      1.77215601e-09  -0.0391767603  
8891.39705      11856.8685      3.15138854e-09  -0.0696672526  
8891.39705      11856.8685      5.60404936e-09  -0.123887914   
8891.39705      11856.8685      9.96556558e-09  -0.220307546   
8891.39705      11856.8685      1.77215601e-08  -0.391769057   
8891.39705      11856.8685      3.15138854e-08  -0.696676999   
8891.39705      11856.8685      5.60404936e-08  -1.23889314    
8891.39705      11856.8685      9.96556558e-08  -2.20311956    
8891.39705      11856.8685      1.77215601e-07  -3.9178295     
8891.39705      11856.8685      3.15138854e-07  -6.967207      
8891.39705      11856.8685      5.60404936e-07  -12.3903011    
8891.39705      11856.8685      9.96556558e-07  -22.0354602    
8891.39705      11856.8685      1.77215601e-06  -39.1914242    
8891.39705      11856.8685      3.15138854e-06  -69.711742     
8891.39705      11856.8685      5.60404936e-06  -124.019398    
8891.39705      11856.8685      9.96556558e-06  -220.681469    
8891.39705      11856.8685      1.77215601e-05  -392.779434    
8891.39705      11856.8685      3.15138854e-05  -699.246142    
8891.39705      11856.8685      5.60404936e-05  -1245.01795    
8891.39705      11856.8685      9.96556558e-05  -2216.84745    
11856.8685      15811.3883      0               4.71050043e-09 
11856.8685      15811.3883      1.77215601e-10  -0.00290033023 
11856.8685      15811.3883      3.15138854e-10  -0.0051576022  
11856.8685      15811.3883      5.60404936e-10  -0.00917166463 
11856.8685      15811.3883      9.96556558e-10  -0.0163097961  
11856.8685      15811.3883      1.77215601e-09  -0.0290034099  
11856.8685      15811.3883      3.15138854e-09  -0.0515762705  
11856.8685      15811.3883      5.60404936e-09  -0.0917173403  
11856.8685      15811.3883      9.96556558e-09  -0.163100063   
11856.8685      15811.3883      1.77215601e-08  -0.29004065    
11856.8685      15811.3883      3.15138854e-08  -0.515783301   
11856.8685      15811.3883      5.60404936e-08  -0.917238283   
11856.8685      15811.3883      9.96556558e-08  -1.63120482    
11856.8685      15811.3883      1.77215601e-07  -2.9010472     
11856.8685      15811.3883      3.15138854e-07  -5.15983197    
11856.8685      15811.3883      5.60404936e-07  -9.17855788    
11856.8685      15811.3883      9.96556558e-07  -16.3308072    
11856.8685      15811.3883      1.77215601e-06  -29.0659363    
11856.8685      15811.3883      3.15138854e-06  -51.7556581    
11856.8685      15811.3883      5.60404936e-06  -92.206569     
11856.8685      15811.3883      9.96556558e-06  -164.353211    
11856.8685      15811.3883      1.77215601e-05  -293.038072    
11856.8685      15811.3883      3.15138854e-05  -522.49278     
11856.8685      15811.3883      5.60404936e-05  -931.411586    
11856.8685      15811.3883      9.96556558e-05  -1659.77469    
15811.3883      21084.8252      0               1.93379454e-05 
15811.3883      21084.8252      1.77215601e-10  -0.00212517399 
15811.3883      21084.8252      3.15138854e-10  -0.00379420589 
15811.3883      21084.8252      5.60404936e-10  -0.00676221618 
15811.3883      21084.8252      9.96556558e-10  -0.0120401843  
15811.3883      21084.8252      1.77215601e-09  -0.0214259384  
15811.3883      21084.8252      3.15138854e-09  -0.0381165967  
15811.3883      21084.8252      5.60404936e-09  -0.0677977718  
15811.3883      21084.8252      9.96556558e-09  -0.120580839   
15811.3883      21084.8252      1.77215601e-08  -0.214449068   
15811.3883      21084.8252      3.15138854e-08  -0.381389322   
15811.3883      21084.8252      5.60404936e-08  -0.678306853   
15811.3883      21084.8252      9.96556558e-08  -1.2064682     
15811.3883      21084.8252      1.77215601e-07  -2.1461752     
15811.3883      21084.8252      3.15138854e-07  -3.81870657    
15811.3883      21084.8252      5.60404936e-07  -6.79720334    
15811.3883      21084.8252      9.96556558e-07  -12.1055275    
15811.3883      21084.8252      1.77215601e-06  -21.5748589    
15811.3883      21084.8252      3.15138854e-06  -38.4810804    
15811.3883      21084.8252      5.60404936e-06  -68.6783583    
15811.3883      21084.8252      9.96556558e-06  -122.609433    
15811.3883      21084.8252      1.77215601e-05  -218.872836    
15811.3883      21084.8252      3.15138854e-05  -390.562533    
15811.3883      21084.8252      5.60404936e-05  -696.543364    
15811.3883      21084.8252      9.96556558e-05  -1241.50825    
21084.8252      28117.0663      0               2.65185918e-09 
21084.8252      28117.0663      1.77215601e-10  -0.00163276283 
21084.8252      28117.0663      3.15138854e-10  -0.00290351167 
21084.8252      28117.0663      5.60404936e-10  -0.00516326052 
21084.8252      28117.0663      9.96556558e-10  -0.0091817328  
21084.8252      28117.0663      1.77215601e-09  -0.0163277228  
21084.8252      28117.0663      3.15138854e-09  -0.0290353638  
21084.8252      28117.0663      5.60404936e-09  -0.0516333348  
21084.8252      28117.0663      9.96556558e-09  -0.0918195819  
21084.8252      28117.0663      1.77215601e-08  -0.163284295   
21084.8252      28117.0663      3.15138854e-08  -0.290375885   
21084.8252      28117.0663      5.60404936e-08  -0.516403369   
21084.8252      28117.0663      9.96556558e-08  -0.918415656   
21084.8252      28117.0663      1.77215601e-07  -1.6335296     
21084.8252      28117.0663      3.15138854e-07  -2.90588409    
21084.8252      28117.0663      5.60404936e-07  -5.17051024    
21084.8252      28117.0663      9.96556558e-07  -9.203398      
21084.8252      28117.0663      1.77215601e-06  -16.390246     
21084.8252      28117.0663      3.15138854e-06  -29.2070749    
21084.8252      28117.0663      5.60404936e-06  -52.0761955    
21084.8252      28117.0663      9.96556558e-06  -92.8845326    
21084.8252      28117.0663      1.77215601e-05  -165.675818    
21084.8252      28117.0663      3.15138854e-05  -295.435916    
21084.8252      28117.0663      5.60404936e-05  -526.612259    
21084.8252      28117.0663      9.96556558e-05  -938.277011    
28117.0663      37494.7105      0               2.08319761e-09 
28117.0663      37494.7105      1.77215601e-10  -0.00128264149 
28117.0663      37494.7105      3.15138854e-10  -0.00228089658 
28117.0663      37494.7105      5.60404936e-10  -0.00405607308 
28117.0663      37494.7105      9.96556558e-10  -0.00721283297 
28117.0663      37494.7105      1.77215601e-09  -0.0128264343  
28117.0663      37494.7105      3.15138854e-09  -0.0228089868  
28117.0663      37494.7105      5.60404936e-09  -0.0405607567  
28117.0663      37494.7105      9.96556558e-09  -0.072128371   
28117.0663      37494.7105      1.77215601e-08  -0.128264433   
28117.0663      37494.7105      3.15138854e-08  -0.228090113   
28117.0663      37494.7105      5.60404936e-08  -0.4056083     
28117.0663      37494.7105      9.96556558e-08  -0.721285987   
28117.0663      37494.7105      1.77215601e-07  -1.28265148    
28117.0663      37494.7105      3.15138854e-07  -2.28092365    
28117.0663      37494.7105      5.60404936e-07  -4.05615394    
28117.0663      37494.7105      9.96556558e-07  -7.21308277    
28117.0663      37494.7105      1.77215601e-06  -12.8272121    
28117.0663      37494.7105      3.15138854e-06  -22.8113997    
28117.0663      37494.7105      5.60404936e-06  -40.5681595    
28117.0663      37494.7105      9.96556558e-06  -72.1506364    
28117.0663      37494.7105      1.77215601e-05  -128.329357    
28117.0663      37494.7105      3.15138854e-05  -228.271285    
28117.0663      37494.7105      5.60404936e-05  -406.086549    
28117.0663      37494.7105      9.96556558e-05  -722.472844    
37494.7105      50000           0               1.58820512e-09 
37494.7105      50000           1.77215601e-10  -0.000977850611
37494.7105      50000           3.15138854e-10  -0.00173889284 
37494.7105      50000           5.60404936e-10  -0.00309223858 
37494.7105      50000           9.96556558e-10  -0.00549886543 
37494.7105      50000           1.77215601e-09  -0.00977852042 
37494.7105      50000           3.15138854e-09  -0.0173889428  
37494.7105      50000           5.60404936e-09  -0.0309224002  
37494.7105      50000           9.96556558e-09  -0.054988669   
37494.7105      50000           1.77215601e-08  -0.0977852196  
37494.7105      50000           3.15138854e-08  -0.173889446   
37494.7105      50000           5.60404936e-08  -0.309224027   
37494.7105      50000           9.96556558e-08  -0.54988674    
37494.7105      50000           1.77215601e-07  -0.977852323   
37494.7105      50000           3.15138854e-07  -1.73889483    
37494.7105      50000           5.60404936e-07  -3.09224142    
37494.7105      50000           9.96556558e-07  -5.49887099    
37494.7105      50000           1.77215601e-06  -9.77853456    
37494.7105      50000           3.15138854e-06  -17.388984     
37494.7105      50000           5.60404936e-06  -30.9225267    
37494.7105      50000           9.96556558e-06  -54.9890633    
37494.7105      50000           1.77215601e-05  -97.7864505    
37494.7105      50000           3.15138854e-05  -173.893267    
37494.7105      50000           5.60404936e-05  -309.235748    
37494.7105      50000           9.96556558e-05  -549.921966    
50000           66676.0716      0               1.0728769e-09  
50000           66676.0716      1.77215601e-10  -0.000660587479
50000           66676.0716      3.15138854e-10  -0.00117471251 
50000           66676.0716      5.60404936e-10  -0.002088976   
50000           66676.0716      9.96556558e-10  -0.00371480944 
50000           66676.0716      1.77215601e-09  -0.00660605091 
50000           66676.0716      3.15138854e-09  -0.011747661   
50000           66676.0716      5.60404936e-09  -0.0208914327  
50000           66676.0716      9.96556558e-09  -0.0371533576  
50000           66676.0716      1.77215601e-08  -0.0660771013  
50000           66676.0716      3.15138854e-08  -0.117528886   
50000           66676.0716      5.60404936e-08  -0.209078663   
50000           66676.0716      9.96556558e-08  -0.372047944   
50000           66676.0716      1.77215601e-07  -0.662368706   
50000           66676.0716      3.15138854e-07  -1.18018703    
50000           66676.0716      5.60404936e-07  -2.10548177    
50000           66676.0716      9.96556558e-07  -3.76308565    
50000           66676.0716      1.77215601e-06  -6.74115314    
50000           66676.0716      3.15138854e-06  -12.1045386    
50000           66676.0716      5.60404936e-06  -21.773321     
50000           66676.0716      9.96556558e-06  -39.1897848    
50000           66676.0716      1.77215601e-05  -70.4981935    
50000           66676.0716      3.15138854e-05  -126.641002    
50000           66676.0716      5.60404936e-05  -227.086752    
50000           66676.0716      9.96556558e-05  -406.459473    
66676.0716      88913.9705      0               8.89826879e-10 
66676.0716      88913.9705      1.77215601e-10  -0.000547877361
66676.0716      88913.9705      3.15138854e-10  -0.000974279723
66676.0716      88913.9705      5.60404936e-10  -0.00173254226 
66676.0716      88913.9705      9.96556558e-10  -0.00308094493 
66676.0716      88913.9705      1.77215601e-09  -0.00547878162 
66676.0716      88913.9705      3.15138854e-09  -0.00974280524 
66676.0716      88913.9705      5.60404936e-09  -0.0173254307  
66676.0716      88913.9705      9.96556558e-09  -0.0308094573  
66676.0716      88913.9705      1.77215601e-08  -0.0547878244  
66676.0716      88913.9705      3.15138854e-08  -0.0974280609  
66676.0716      88913.9705      5.60404936e-08  -0.173254316   
66676.0716      88913.9705      9.96556558e-08  -0.308094586   
66676.0716      88913.9705      1.77215601e-07  -0.547878266   
66676.0716      88913.9705      3.15138854e-07  -0.974280661   
66676.0716      88913.9705      5.60404936e-07  -1.73254331    
66676.0716      88913.9705      9.96556558e-07  -3.08094631    
66676.0716      88913.9705      1.77215601e-06  -5.47878406    
66676.0716      88913.9705      3.15138854e-06  -9.74281104    
66676.0716      88913.9705      5.60404936e-06  -17.3254471    
66676.0716      88913.9705      9.96556558e-06  -30.8095072    
66676.0716      88913.9705      1.77215601e-05  -54.7879796    
66676.0716      88913.9705      3.15138854e-05  -97.4285468    
66676.0716      88913.9705      5.60404936e-05  -173.255835    
66676.0716      88913.9705      9.96556558e-05  -308.099299    
88913.9705      118568.685      0               0.000191341932 
88913.9705      118568.685      1.77215601e-10  5.35449072e-05 
88913.9705      118568.685      3.15138854e-10  -5.37506658e-05
88913.9705      118568.685      5.60404936e-10  -0.000244662356
88913.9705      118568.685      9.96556558e-10  -0.00058450482 
88913.9705      118568.685      1.77215601e-09  -0.00118993894 
88913.9705      118568.685      3.15138854e-09  -0.002270037   
88913.9705      118568.685      5.60404936e-09  -0.00420166559 
88913.9705      118568.685      9.96556558e-09  -0.00767086404 
88913.9705      118568.685      1.77215601e-08  -0.0139467164  
88913.9705      118568.685      3.15138854e-08  -0.0254356086  
88913.9705      118568.685      5.60404936e-08  -0.0468597896  
88913.9705      118568.685      9.96556558e-08  -0.0878671605  
88913.9705      118568.685      1.77215601e-07  -0.168872977   
88913.9705      118568.685      3.15138854e-07  -0.333657453   
88913.9705      118568.685      5.60404936e-07  -0.674212049   
88913.9705      118568.685      9.96556558e-07  -1.3743357     
88913.9705      118568.685      1.77215601e-06  -2.78008728    
88913.9705      118568.685      3.15138854e-06  -5.51504149    
88913.9705      118568.685      5.60404936e-06  -10.6817612    
88913.9705      118568.685      9.96556558e-06  -20.2256427    
88913.9705      118568.685      1.77215601e-05  -37.589769     
88913.9705      118568.685      3.15138854e-05  -68.8840009    
88913.9705      118568.685      5.60404936e-05  -124.965258    
88913.9705      118568.685      9.96556558e-05  -225.137094    
118568.685      158113.883      0               4.871481e-10   
118568.685      158113.883      1.77215601e-10  -0.000299950752
118568.685      158113.883      3.15138854e-10  -0.000533396641
118568.685      158113.883      5.60404936e-10  -0.000948528693
118568.685      158113.883      9.96556558e-10  -0.00168674958 
118568.685      158113.883      1.77215601e-09  -0.00299951293 
118568.685      158113.883      3.15138854e-09  -0.00533397403 
118568.685      158113.883      5.60404936e-09  -0.00948530154 
118568.685      158113.883      9.96556558e-09  -0.0168675325  
118568.685      158113.883      1.77215601e-08  -0.0299952358  
118568.685      158113.883      3.15138854e-08  -0.0533400678  
118568.685      158113.883      5.60404936e-08  -0.094854041   
118568.685      158113.883      9.96556558e-08  -0.168678556   
118568.685      158113.883      1.77215601e-07  -0.299962551   
118568.685      158113.883      3.15138854e-07  -0.533432813   
118568.685      158113.883      5.60404936e-07  -0.948641537   
118568.685      158113.883      9.96556558e-07  -1.68710265    
118568.685      158113.883      1.77215601e-06  -3.00061343    
118568.685      158113.883      3.15138854e-06  -5.33737241    
118568.685      158113.883      5.60404936e-06  -9.49562464    
118568.685      158113.883      9.96556558e-06  -16.8980669    
118568.685      158113.883      1.77215601e-05  -30.0820064    
118568.685      158113.883      3.15138854e-05  -53.5734703    
118568.685      158113.883      5.60404936e-05  -95.4411625    
118568.685      158113.883      9.96556558e-05  -170.052954    
158113.883      210848.252      0               3.70115494e-10 
158113.883      210848.252      1.77215601e-10  -0.000227883452
158113.883      210848.252      3.15138854e-10  -0.000405240738
158113.883      210848.252      5.60404936e-10  -0.000720631549
158113.883      210848.252      9.96556558e-10  -0.00128148453 
158113.883      210848.252      1.77215601e-09  -0.00227883785 
158113.883      210848.252      3.15138854e-09  -0.00405241071 
158113.883      210848.252      5.60404936e-09  -0.00720631882 
158113.883      210848.252      9.96556558e-09  -0.0128148487  
158113.883      210848.252      1.77215601e-08  -0.0227883818  
158113.883      210848.252      3.15138854e-08  -0.0405241105  
158113.883      210848.252      5.60404936e-08  -0.0720631916  
158113.883      210848.252      9.96556558e-08  -0.12814849    
158113.883      210848.252      1.77215601e-07  -0.227883822   
158113.883      210848.252      3.15138854e-07  -0.405241108   
158113.883      210848.252      5.60404936e-07  -0.720631919   
158113.883      210848.252      9.96556558e-07  -1.2814849     
158113.883      210848.252      1.77215601e-06  -2.27883822    
158113.883      210848.252      3.15138854e-06  -4.05241108    
158113.883      210848.252      5.60404936e-06  -7.20631919    
158113.883      210848.252      9.96556558e-06  -12.814849     
158113.883      210848.252      1.77215601e-05  -22.7883822    
158113.883      210848.252      3.15138854e-05  -40.5241108    
158113.883      210848.252      5.60404936e-05  -72.0631919    
158113.883      210848.252      9.96556558e-05  -128.14849     
210848.252      281170.663      0               2.7566216e-10  
210848.252      281170.663      1.77215601e-10  -0.000169721897
210848.252      281170.663      3.15138854e-10  -0.00030181317 
210848.252      281170.663      5.60404936e-10  -0.00053670836 
210848.252      281170.663      9.96556558e-10  -0.000954417642
210848.252      281170.663      1.77215601e-09  -0.00169722146 
210848.252      281170.663      3.15138854e-09  -0.00301813421 
210848.252      281170.663      5.60404936e-09  -0.00536708617 
210848.252      281170.663      9.96556558e-09  -0.00954417919 
210848.252      281170.663      1.77215601e-08  -0.016972218   
210848.252      281170.663      3.15138854e-08  -0.0301813474  
210848.252      281170.663      5.60404936e-08  -0.0536708733  
210848.252      281170.663      9.96556558e-08  -0.0954418232  
210848.252      281170.663      1.77215601e-07  -0.169722274   
210848.252      281170.663      3.15138854e-07  -0.301813765   
210848.252      281170.663      5.60404936e-07  -0.536709646   
210848.252      281170.663      9.96556558e-07  -0.954421109   
210848.252      281170.663      1.77215601e-06  -1.69723182    
210848.252      281170.663      3.15138854e-06  -3.01816628    
210848.252      281170.663      5.60404936e-06  -5.36718661    
210848.252      281170.663      9.96556558e-06  -9.54449392    
210848.252      281170.663      1.77215601e-05  -16.9732002    
210848.252      281170.663      3.15138854e-05  -30.1843852    
210848.252      281170.663      5.60404936e-05  -53.680124     
210848.252      281170.663      9.96556558e-05  -95.4692921    
281170.663      374947.105      0               2.05520934e-10 
281170.663      374947.105      1.77215601e-10  -0.000126541058
281170.663      374947.105      3.15138854e-10  -0.000225025517
281170.663      374947.105      5.60404936e-10  -0.000400158404
281170.663      374947.105      9.96556558e-10  -0.000711593611
281170.663      374947.105      1.77215601e-09  -0.00126541243 
281170.663      374947.105      3.15138854e-09  -0.00225025702 
281170.663      374947.105      5.60404936e-09  -0.00400158589 
281170.663      374947.105      9.96556558e-09  -0.00711593796 
281170.663      374947.105      1.77215601e-08  -0.0126541261  
281170.663      374947.105      3.15138854e-08  -0.0225025721  
281170.663      374947.105      5.60404936e-08  -0.0400158608  
281170.663      374947.105      9.96556558e-08  -0.0711593814  
281170.663      374947.105      1.77215601e-07  -0.126541263   
281170.663      374947.105      3.15138854e-07  -0.225025723   
281170.663      374947.105      5.60404936e-07  -0.40015861    
281170.663      374947.105      9.96556558e-07  -0.711593816   
281170.663      374947.105      1.77215601e-06  -1.26541263    
281170.663      374947.105      3.15138854e-06  -2.25025723    
281170.663      374947.105      5.60404936e-06  -4.0015861     
281170.663      374947.105      9.96556558e-06  -7.11593816    
281170.663      374947.105      1.77215601e-05  -12.6541263    
281170.663      374947.105      3.15138854e-05  -22.5025723    
281170.663      374947.105      5.60404936e-05  -40.015861     
281170.663      374947.105      9.96556558e-05  -71.1593816    
374947.105      500000          0               0.00160594574  
374947.105      500000          1.77215601e-10  0.00151398611  
374947.105      500000          3.15138854e-10  0.00144241582  
374947.105      500000          5.60404936e-10  0.00131514385  
374947.105      500000          9.96556558e-10  0.00108881873  
374947.105      500000          1.77215601e-09  0.000686349424 
374947.105      500000          3.15138854e-09  -2.93534524e-05
374947.105      500000          5.60404936e-09  -0.00130207314 
374947.105      500000          9.96556558e-09  -0.00356532436 
374947.105      500000          1.77215601e-08  -0.0075900174  
374947.105      500000          3.15138854e-08  -0.0147470462  
374947.105      500000          5.60404936e-08  -0.0274742431  
374947.105      500000          9.96556558e-08  -0.0501067553  
374947.105      500000          1.77215601e-07  -0.0903536858  
374947.105      500000          3.15138854e-07  -0.161923974   
374947.105      500000          5.60404936e-07  -0.289195944   
374947.105      500000          9.96556558e-07  -0.515521071   
374947.105      500000          1.77215601e-06  -0.917990391   
374947.105      500000          3.15138854e-06  -1.63369332    
374947.105      500000          5.60404936e-06  -2.90641317    
374947.105      500000          9.96556558e-06  -5.16966489    
374947.105      500000          1.77215601e-05  -9.19435952    
374947.105      500000          3.15138854e-05  -16.3513933    
374947.105      500000          5.60404936e-05  -29.0786061    
374947.105      500000          9.96556558e-05  -51.7111684    
