### /nfs/slac/g/ki/ki20/cta/mdwood/fermi/dsph_pipeline/des_dwarfs/v6/p302_6yr_source_psf0123_point_gs_jsigma0.6/results/like_ursa_minor.txt
#[0]emin(MeV) [1]emax(MeV) [2]eflux(MeV/cm^2/s) [3]deltaLogLike
500             666.760716      0               -0.295404932   
500             666.760716      1.77215601e-10  -0.291960659   
500             666.760716      3.15138854e-10  -0.289295094   
500             666.760716      5.60404936e-10  -0.284587454   
500             666.760716      9.96556558e-10  -0.276318442   
500             666.760716      1.77215601e-09  -0.261936696   
500             666.760716      3.15138854e-09  -0.237376125   
500             666.760716      5.60404936e-09  -0.196870204   
500             666.760716      9.96556558e-09  -0.134659118   
500             666.760716      1.77215601e-08  -0.0540072987  
500             666.760716      3.15138854e-08  7.18833326e-05 
500             666.760716      5.60404936e-08  -0.160393745   
500             666.760716      9.96556558e-08  -1.14528889    
500             666.760716      1.77215601e-07  -4.67925724    
500             666.760716      3.15138854e-07  -15.1659789    
500             666.760716      5.60404936e-07  -42.9496505    
500             666.760716      9.96556558e-07  -110.728126    
500             666.760716      1.77215601e-06  -265.688826    
500             666.760716      3.15138854e-06  -601.929706    
500             666.760716      5.60404936e-06  -1301.22239    
500             666.760716      9.96556558e-06  -2706.3328     
500             666.760716      1.77215601e-05  -5452.02598    
500             666.760716      3.15138854e-05  -10698.0425    
500             666.760716      5.60404936e-05  -20542.1574    
500             666.760716      9.96556558e-05  -38752.0466    
666.760716      889.139705      0               -0.0506125463  
666.760716      889.139705      1.77215601e-10  -0.0487378394  
666.760716      889.139705      3.15138854e-10  -0.0473038985  
666.760716      889.139705      5.60404936e-10  -0.0448080841  
666.760716      889.139705      9.96556558e-10  -0.0405403201  
666.760716      889.139705      1.77215601e-09  -0.0334863349  
666.760716      889.139705      3.15138854e-09  -0.022613889   
666.760716      889.139705      5.60404936e-09  -0.00845005371 
666.760716      889.139705      9.96556558e-09  0.000998345007 
666.760716      889.139705      1.77215601e-08  -0.0288622469  
666.760716      889.139705      3.15138854e-08  -0.214731285   
666.760716      889.139705      5.60404936e-08  -0.901267357   
666.760716      889.139705      9.96556558e-08  -3.00621353    
666.760716      889.139705      1.77215601e-07  -8.76199127    
666.760716      889.139705      3.15138854e-07  -23.2016303    
666.760716      889.139705      5.60404936e-07  -57.0216106    
666.760716      889.139705      9.96556558e-07  -131.979898    
666.760716      889.139705      1.77215601e-06  -290.908829    
666.760716      889.139705      3.15138854e-06  -616.020208    
666.760716      889.139705      5.60404936e-06  -1262.01094    
666.760716      889.139705      9.96556558e-06  -2515.53502    
666.760716      889.139705      1.77215601e-05  -4901.49474    
666.760716      889.139705      3.15138854e-05  -9372.16602    
666.760716      889.139705      5.60404936e-05  -17642.8475    
666.760716      889.139705      9.96556558e-05  -32787.2946    
889.139705      1185.68685      0               0.000165589745 
889.139705      1185.68685      1.77215601e-10  -0.00168842416 
889.139705      1185.68685      3.15138854e-10  -0.00315775768 
889.139705      1185.68685      5.60404936e-10  -0.00582750574 
889.139705      1185.68685      9.96556558e-10  -0.0107539359  
889.139705      1185.68685      1.77215601e-09  -0.0200749209  
889.139705      1185.68685      3.15138854e-09  -0.0383937492  
889.139705      1185.68685      5.60404936e-09  -0.0763287891  
889.139705      1185.68685      9.96556558e-09  -0.159928626   
889.139705      1185.68685      1.77215601e-08  -0.355635029   
889.139705      1185.68685      3.15138854e-08  -0.834072081   
889.139705      1185.68685      5.60404936e-08  -2.02201597    
889.139705      1185.68685      9.96556558e-08  -4.9333259     
889.139705      1185.68685      1.77215601e-07  -11.8315323    
889.139705      1185.68685      3.15138854e-07  -27.4902521    
889.139705      1185.68685      5.60404936e-07  -61.5575853    
889.139705      1185.68685      9.96556558e-07  -132.987452    
889.139705      1185.68685      1.77215601e-06  -278.254477    
889.139705      1185.68685      3.15138854e-06  -566.293886    
889.139705      1185.68685      5.60404936e-06  -1125.27738    
889.139705      1185.68685      9.96556558e-06  -2190.2843     
889.139705      1185.68685      1.77215601e-05  -4188.00937    
889.139705      1185.68685      3.15138854e-05  -7887.31565    
889.139705      1185.68685      5.60404936e-05  -14666.8935    
889.139705      1185.68685      9.96556558e-05  -26990.9503    
1185.68685      1581.13883      0               -0.00341461585 
1185.68685      1581.13883      1.77215601e-10  -0.00265782221 
1185.68685      1581.13883      3.15138854e-10  -0.00212036024 
1185.68685      1581.13883      5.60404936e-10  -0.00127498738 
1185.68685      1581.13883      9.96556558e-10  -0.000116007379
1185.68685      1581.13883      1.77215601e-09  0.000881828395 
1185.68685      1581.13883      3.15138854e-09  -0.000569816058
1185.68685      1581.13883      5.60404936e-09  -0.01266503    
1185.68685      1581.13883      9.96556558e-09  -0.0610088063  
1185.68685      1581.13883      1.77215601e-08  -0.217977184   
1185.68685      1581.13883      3.15138854e-08  -0.670150701   
1185.68685      1581.13883      5.60404936e-08  -1.85934642    
1185.68685      1581.13883      9.96556558e-08  -4.76161335    
1185.68685      1581.13883      1.77215601e-07  -11.4293908    
1185.68685      1581.13883      3.15138854e-07  -26.0342753    
1185.68685      1581.13883      5.60404936e-07  -56.8338812    
1185.68685      1581.13883      9.96556558e-07  -119.803222    
1185.68685      1581.13883      1.77215601e-06  -245.235375    
1185.68685      1581.13883      3.15138854e-06  -489.616294    
1185.68685      1581.13883      5.60404936e-06  -956.813395    
1185.68685      1581.13883      9.96556558e-06  -1835.67392    
1185.68685      1581.13883      1.77215601e-05  -3466.67707    
1185.68685      1581.13883      3.15138854e-05  -6460.27884    
1185.68685      1581.13883      5.60404936e-05  -11907.327     
1185.68685      1581.13883      9.96556558e-05  -21753.3821    
1581.13883      2108.48252      0               2.6257112e-08  
1581.13883      2108.48252      1.77215601e-10  -0.0161702833  
1581.13883      2108.48252      3.15138854e-10  -0.0287597045  
1581.13883      2108.48252      5.60404936e-10  -0.0511567114  
1581.13883      2108.48252      9.96556558e-10  -0.0910147889  
1581.13883      2108.48252      1.77215601e-09  -0.161987742   
1581.13883      2108.48252      3.15138854e-09  -0.288492302   
1581.13883      2108.48252      5.60404936e-09  -0.514369038   
1581.13883      2108.48252      9.96556558e-09  -0.918852613   
1581.13883      2108.48252      1.77215601e-08  -1.64658296    
1581.13883      2108.48252      3.15138854e-08  -2.96521062    
1581.13883      2108.48252      5.60404936e-08  -5.37777097    
1581.13883      2108.48252      9.96556558e-08  -9.84247564    
1581.13883      2108.48252      1.77215601e-07  -18.1976233    
1581.13883      2108.48252      3.15138854e-07  -33.9703661    
1581.13883      2108.48252      5.60404936e-07  -63.8980774    
1581.13883      2108.48252      9.96556558e-07  -120.751996    
1581.13883      2108.48252      1.77215601e-06  -228.478331    
1581.13883      2108.48252      3.15138854e-06  -431.395999    
1581.13883      2108.48252      5.60404936e-06  -810.509592    
1581.13883      2108.48252      9.96556558e-06  -1512.42821    
1581.13883      2108.48252      1.77215601e-05  -2800.76272    
1581.13883      2108.48252      3.15138854e-05  -5147.58239    
1581.13883      2108.48252      5.60404936e-05  -9396.08046    
1581.13883      2108.48252      9.96556558e-05  -17049.7745    
2108.48252      2811.70663      0               2.11257429e-08 
2108.48252      2811.70663      1.77215601e-10  -0.0130104741  
2108.48252      2811.70663      3.15138854e-10  -0.0231405027  
2108.48252      2811.70663      5.60404936e-10  -0.041163646   
2108.48252      2811.70663      9.96556558e-10  -0.0732425852  
2108.48252      2811.70663      1.77215601e-09  -0.130378318   
2108.48252      2811.70663      3.15138854e-09  -0.232264692   
2108.48252      2811.70663      5.60404936e-09  -0.414326705   
2108.48252      2811.70663      9.96556558e-09  -0.740781533   
2108.48252      2811.70663      1.77215601e-08  -1.32940477    
2108.48252      2811.70663      3.15138854e-08  -2.39959372    
2108.48252      2811.70663      5.60404936e-08  -4.36709637    
2108.48252      2811.70663      9.96556558e-08  -8.03009039    
2108.48252      2811.70663      1.77215601e-07  -14.9258676    
2108.48252      2811.70663      3.15138854e-07  -27.9931393    
2108.48252      2811.70663      5.60404936e-07  -52.777844     
2108.48252      2811.70663      9.96556558e-07  -99.6175024    
2108.48252      2811.70663      1.77215601e-06  -187.57988     
2108.48252      2811.70663      3.15138854e-06  -351.496183    
2108.48252      2811.70663      5.60404936e-06  -654.431093    
2108.48252      2811.70663      9.96556558e-06  -1209.78275    
2108.48252      2811.70663      1.77215601e-05  -2220.55491    
2108.48252      2811.70663      3.15138854e-05  -4049.25316    
2108.48252      2811.70663      5.60404936e-05  -7342.25623    
2108.48252      2811.70663      9.96556558e-05  -13251.0151    
2811.70663      3749.47105      0               0.000147821605 
2811.70663      3749.47105      1.77215601e-10  -0.00398098606 
2811.70663      3749.47105      3.15138854e-10  -0.00723709498 
2811.70663      3749.47105      5.60404936e-10  -0.0131183494  
2811.70663      3749.47105      9.96556558e-10  -0.0238581332  
2811.70663      3749.47105      1.77215601e-09  -0.0438114695  
2811.70663      3749.47105      3.15138854e-09  -0.0818202164  
2811.70663      3749.47105      5.60404936e-09  -0.156536714   
2811.70663      3749.47105      9.96556558e-09  -0.308131448   
2811.70663      3749.47105      1.77215601e-08  -0.622271341   
2811.70663      3749.47105      3.15138854e-08  -1.2747233     
2811.70663      3749.47105      5.60404936e-08  -2.60928052    
2811.70663      3749.47105      9.96556558e-08  -5.27687379    
2811.70663      3749.47105      1.77215601e-07  -10.4986024    
2811.70663      3749.47105      3.15138854e-07  -20.5678283    
2811.70663      3749.47105      5.60404936e-07  -39.7792163    
2811.70663      3749.47105      9.96556558e-07  -76.1021647    
2811.70663      3749.47105      1.77215601e-06  -144.170308    
2811.70663      3749.47105      3.15138854e-06  -270.610668    
2811.70663      3749.47105      5.60404936e-06  -503.504554    
2811.70663      3749.47105      9.96556558e-06  -929.136934    
2811.70663      3749.47105      1.77215601e-05  -1701.68194    
2811.70663      3749.47105      3.15138854e-05  -3095.96342    
2811.70663      3749.47105      5.60404936e-05  -5601.37456    
2811.70663      3749.47105      9.96556558e-05  -10089.0601    
3749.47105      5000            0               1.40162228e-08 
3749.47105      5000            1.77215601e-10  -0.0086311654  
3749.47105      5000            3.15138854e-10  -0.015350387   
3749.47105      5000            5.60404936e-10  -0.0273028234  
3749.47105      5000            9.96556558e-10  -0.0485695308  
3749.47105      5000            1.77215601e-09  -0.0864252693  
3749.47105      5000            3.15138854e-09  -0.153861367   
3749.47105      5000            5.60404936e-09  -0.274150078   
3749.47105      5000            9.96556558e-09  -0.489196577   
3749.47105      5000            1.77215601e-08  -0.875076244   
3749.47105      5000            3.15138854e-08  -1.57154218    
3749.47105      5000            5.60404936e-08  -2.83915252    
3749.47105      5000            9.96556558e-08  -5.17066424    
3749.47105      5000            1.77215601e-07  -9.50508418    
3749.47105      5000            3.15138854e-07  -17.6252178    
3749.47105      5000            5.60404936e-07  -32.8704537    
3749.47105      5000            9.96556558e-07  -61.3935617    
3749.47105      5000            1.77215601e-06  -114.383342    
3749.47105      5000            3.15138854e-06  -212.023395    
3749.47105      5000            5.60404936e-06  -390.550797    
3749.47105      5000            9.96556558e-06  -714.816799    
3749.47105      5000            1.77215601e-05  -1300.62304    
3749.47105      5000            3.15138854e-05  -2354.45404    
3749.47105      5000            5.60404936e-05  -4244.14309    
3749.47105      5000            9.96556558e-05  -7624.50527    
5000            6667.60716      0               9.06720743e-09 
5000            6667.60716      1.77215601e-10  -0.00558586669 
5000            6667.60716      3.15138854e-10  -0.00993730346 
5000            6667.60716      5.60404936e-10  -0.017684129   
5000            6667.60716      9.96556558e-10  -0.0314876799  
5000            6667.60716      1.77215601e-09  -0.0561204482  
5000            6667.60716      3.15138854e-09  -0.100192242   
5000            6667.60716      5.60404936e-09  -0.179385692   
5000            6667.60716      9.96556558e-09  -0.322677984   
5000            6667.60716      1.77215601e-08  -0.584619729   
5000            6667.60716      3.15138854e-08  -1.06991266    
5000            6667.60716      5.60404936e-08  -1.98204052    
5000            6667.60716      9.96556558e-08  -3.71579872    
5000            6667.60716      1.77215601e-07  -7.02530167    
5000            6667.60716      3.15138854e-07  -13.3212846    
5000            6667.60716      5.60404936e-07  -25.1975335    
5000            6667.60716      9.96556558e-07  -47.3690255    
5000            6667.60716      1.77215601e-06  -88.3426156    
5000            6667.60716      3.15138854e-06  -163.382776    
5000            6667.60716      5.60404936e-06  -299.780395    
5000            6667.60716      9.96556558e-06  -546.24609     
5000            6667.60716      1.77215601e-05  -989.676835    
5000            6667.60716      3.15138854e-05  -1785.0252     
5000            6667.60716      5.60404936e-05  -3208.39708    
5000            6667.60716      9.96556558e-05  -5751.39642    
6667.60716      8891.39705      0               6.90079105e-09 
6667.60716      8891.39705      1.77215601e-10  -0.0042518837  
6667.60716      8891.39705      3.15138854e-10  -0.00756522358 
6667.60716      8891.39705      5.60404936e-10  -0.0134662651  
6667.60716      8891.39705      9.96556558e-10  -0.0239882215  
6667.60716      8891.39705      1.77215601e-09  -0.0427874626  
6667.60716      8891.39705      3.15138854e-09  -0.0764909188  
6667.60716      8891.39705      5.60404936e-09  -0.137256948   
6667.60716      8891.39705      9.96556558e-09  -0.247781483   
6667.60716      8891.39705      1.77215601e-08  -0.451316632   
6667.60716      8891.39705      3.15138854e-08  -0.831783247   
6667.60716      8891.39705      5.60404936e-08  -1.55295938    
6667.60716      8891.39705      9.96556558e-08  -2.93071278    
6667.60716      8891.39705      1.77215601e-07  -5.56007386    
6667.60716      8891.39705      3.15138854e-07  -10.5373814    
6667.60716      8891.39705      5.60404936e-07  -19.8551314    
6667.60716      8891.39705      9.96556558e-07  -37.1081871    
6667.60716      8891.39705      1.77215601e-06  -68.7552152    
6667.60716      8891.39705      3.15138854e-06  -126.37307     
6667.60716      8891.39705      5.60404936e-06  -230.682268    
6667.60716      8891.39705      9.96556558e-06  -418.713646    
6667.60716      8891.39705      1.77215601e-05  -756.544436    
6667.60716      8891.39705      3.15138854e-05  -1361.93068    
6667.60716      8891.39705      5.60404936e-05  -2444.53279    
6667.60716      8891.39705      9.96556558e-05  -4377.41373    
8891.39705      11856.8685      0               0.000791804262 
8891.39705      11856.8685      1.77215601e-10  0.000713020941 
8891.39705      11856.8685      3.15138854e-10  0.000639996276 
8891.39705      11856.8685      5.60404936e-10  0.000485024215 
8891.39705      11856.8685      9.96556558e-10  0.000130954906 
8891.39705      11856.8685      1.77215601e-09  -0.000741773679
8891.39705      11856.8685      3.15138854e-09  -0.00303508771 
8891.39705      11856.8685      5.60404936e-09  -0.00931557499 
8891.39705      11856.8685      9.96556558e-09  -0.0267514825  
8891.39705      11856.8685      1.77215601e-08  -0.0744465719  
8891.39705      11856.8685      3.15138854e-08  -0.199691718   
8891.39705      11856.8685      5.60404936e-08  -0.509329844   
8891.39705      11856.8685      9.96556558e-08  -1.22428361    
8891.39705      11856.8685      1.77215601e-07  -2.77321642    
8891.39705      11856.8685      3.15138854e-07  -5.96068264    
8891.39705      11856.8685      5.60404936e-07  -12.2715818    
8891.39705      11856.8685      9.96556558e-07  -24.411243     
8891.39705      11856.8685      1.77215601e-06  -47.2583185    
8891.39705      11856.8685      3.15138854e-06  -89.5598177    
8891.39705      11856.8685      5.60404936e-06  -166.95901     
8891.39705      11856.8685      9.96556558e-06  -307.389533    
8891.39705      11856.8685      1.77215601e-05  -560.654908    
8891.39705      11856.8685      3.15138854e-05  -1015.44088    
8891.39705      11856.8685      5.60404936e-05  -1829.5618     
8891.39705      11856.8685      9.96556558e-05  -3283.76671    
11856.8685      15811.3883      0               6.71138878e-09 
11856.8685      15811.3883      1.77215601e-10  -0.00413238083 
11856.8685      15811.3883      3.15138854e-10  -0.00734855877 
11856.8685      15811.3883      5.60404936e-10  -0.0130678776  
11856.8685      15811.3883      9.96556558e-10  -0.0232386007  
11856.8685      15811.3883      1.77215601e-09  -0.0413255454  
11856.8685      15811.3883      3.15138854e-09  -0.0734909463  
11856.8685      15811.3883      5.60404936e-09  -0.130695569   
11856.8685      15811.3883      9.96556558e-09  -0.232438859   
11856.8685      15811.3883      1.77215601e-08  -0.413421779   
11856.8685      15811.3883      3.15138854e-08  -0.735431536   
11856.8685      15811.3883      5.60404936e-08  -1.30858577    
11856.8685      15811.3883      9.96556558e-08  -2.32943088    
11856.8685      15811.3883      1.77215601e-07  -4.14956953    
11856.8685      15811.3883      3.15138854e-07  -7.39986213    
11856.8685      15811.3883      5.60404936e-07  -13.2157051    
11856.8685      15811.3883      9.96556558e-07  -23.6439896    
11856.8685      15811.3883      1.77215601e-06  -42.3703275    
11856.8685      15811.3883      3.15138854e-06  -76.0048523    
11856.8685      15811.3883      5.60404936e-06  -136.350887    
11856.8685      15811.3883      9.96556558e-06  -244.426776    
11856.8685      15811.3883      1.77215601e-05  -437.625099    
11856.8685      15811.3883      3.15138854e-05  -782.469115    
11856.8685      15811.3883      5.60404936e-05  -1397.3268     
11856.8685      15811.3883      9.96556558e-05  -2492.81971    
15811.3883      21084.8252      0               5.1763891e-09  
15811.3883      21084.8252      1.77215601e-10  -0.00318723485 
15811.3883      21084.8252      3.15138854e-10  -0.00566780596 
15811.3883      21084.8252      5.60404936e-10  -0.0100789714  
15811.3883      21084.8252      9.96556558e-10  -0.0179233095  
15811.3883      21084.8252      1.77215601e-09  -0.0318729032  
15811.3883      21084.8252      3.15138854e-09  -0.0566797123  
15811.3883      21084.8252      5.60404936e-09  -0.100794835   
15811.3883      21084.8252      9.96556558e-09  -0.179249167   
15811.3883      21084.8252      1.77215601e-08  -0.318779634   
15811.3883      21084.8252      3.15138854e-08  -0.566956344   
15811.3883      21084.8252      5.60404936e-08  -1.0084479     
15811.3883      21084.8252      9.96556558e-08  -1.79405012    
15811.3883      21084.8252      1.77215601e-07  -3.19260993    
15811.3883      21084.8252      3.15138854e-07  -5.68418275    
15811.3883      21084.8252      5.60404936e-07  -10.1276807    
15811.3883      21084.8252      9.96556558e-07  -18.0629194    
15811.3883      21084.8252      1.77215601e-06  -32.2529435    
15811.3883      21084.8252      3.15138854e-06  -57.6500536    
15811.3883      21084.8252      5.60404936e-06  -103.104666    
15811.3883      21084.8252      9.96556558e-06  -184.387828    
15811.3883      21084.8252      1.77215601e-05  -329.560361    
15811.3883      21084.8252      3.15138854e-05  -588.535139    
15811.3883      21084.8252      5.60404936e-05  -1050.10275    
15811.3883      21084.8252      9.96556558e-05  -1872.21998    
21084.8252      28117.0663      0               -0.400346292   
21084.8252      28117.0663      1.77215601e-10  -0.396014912   
21084.8252      28117.0663      3.15138854e-10  -0.392674489   
21084.8252      28117.0663      5.60404936e-10  -0.386799538   
21084.8252      28117.0663      9.96556558e-10  -0.376554459   
21084.8252      28117.0663      1.77215601e-09  -0.358953155   
21084.8252      28117.0663      3.15138854e-09  -0.329489539   
21084.8252      28117.0663      5.60404936e-09  -0.282330421   
21084.8252      28117.0663      9.96556558e-09  -0.212426658   
21084.8252      28117.0663      1.77215601e-08  -0.121856912   
21084.8252      28117.0663      3.15138854e-08  -0.0324140824  
21084.8252      28117.0663      5.60404936e-08  -0.00394703783 
21084.8252      28117.0663      9.96556558e-08  -0.157417687   
21084.8252      28117.0663      1.77215601e-07  -0.709195254   
21084.8252      28117.0663      3.15138854e-07  -2.03556724    
21084.8252      28117.0663      5.60404936e-07  -4.79767303    
21084.8252      28117.0663      9.96556558e-07  -10.1720457    
21084.8252      28117.0663      1.77215601e-06  -20.2611023    
21084.8252      28117.0663      3.15138854e-06  -38.8148438    
21084.8252      28117.0663      5.60404936e-06  -72.504769     
21084.8252      28117.0663      9.96556558e-06  -133.189332    
21084.8252      28117.0663      1.77215601e-05  -241.953515    
21084.8252      28117.0663      3.15138854e-05  -436.306665    
21084.8252      28117.0663      5.60404936e-05  -782.991527    
21084.8252      28117.0663      9.96556558e-05  -1400.76045    
28117.0663      37494.7105      0               2.88093815e-09 
28117.0663      37494.7105      1.77215601e-10  -0.00177384058 
28117.0663      37494.7105      3.15138854e-10  -0.0031543995  
28117.0663      37494.7105      5.60404936e-10  -0.00560944728 
28117.0663      37494.7105      9.96556558e-10  -0.00997529757 
28117.0663      37494.7105      1.77215601e-09  -0.0177392817  
28117.0663      37494.7105      3.15138854e-09  -0.0315467067  
28117.0663      37494.7105      5.60404936e-09  -0.05610298    
28117.0663      37494.7105      9.96556558e-09  -0.0997797558  
28117.0663      37494.7105      1.77215601e-08  -0.177477077   
28117.0663      37494.7105      3.15138854e-08  -0.315731414   
28117.0663      37494.7105      5.60404936e-08  -0.561854398   
28117.0663      37494.7105      9.96556558e-08  -1.00034402    
28117.0663      37494.7105      1.77215601e-07  -1.78250175    
28117.0663      37494.7105      3.15138854e-07  -3.18014322    
28117.0663      37494.7105      5.60404936e-07  -5.68314025    
28117.0663      37494.7105      9.96556558e-07  -10.1754433    
28117.0663      37494.7105      1.77215601e-06  -18.248402     
28117.0663      37494.7105      3.15138854e-06  -32.7520816    
28117.0663      37494.7105      5.60404936e-06  -58.7655189    
28117.0663      37494.7105      9.96556558e-06  -105.316989    
28117.0663      37494.7105      1.77215601e-05  -188.447699    
28117.0663      37494.7105      3.15138854e-05  -336.668689    
28117.0663      37494.7105      5.60404936e-05  -600.671986    
28117.0663      37494.7105      9.96556558e-05  -1070.60548    
37494.7105      50000           0               2.33654873e-09 
37494.7105      50000           1.77215601e-10  -0.00143864539 
37494.7105      50000           3.15138854e-10  -0.0025583153  
37494.7105      50000           5.60404936e-10  -0.00454940126 
37494.7105      50000           9.96556558e-10  -0.00809010847 
37494.7105      50000           1.77215601e-09  -0.0143864754  
37494.7105      50000           3.15138854e-09  -0.0255831754  
37494.7105      50000           5.60404936e-09  -0.0454940379  
37494.7105      50000           9.96556558e-09  -0.0809011194  
37494.7105      50000           1.77215601e-08  -0.143864818   
37494.7105      50000           3.15138854e-08  -0.255831911   
37494.7105      50000           5.60404936e-08  -0.45494083    
37494.7105      50000           9.96556558e-08  -0.809012574   
37494.7105      50000           1.77215601e-07  -1.43865249    
37494.7105      50000           3.15138854e-07  -2.5583327     
37494.7105      50000           5.60404936e-07  -4.54945113    
37494.7105      50000           9.96556558e-07  -8.0902606     
37494.7105      50000           1.77215601e-06  -14.3869484    
37494.7105      50000           3.15138854e-06  -25.5846497    
37494.7105      50000           5.60404936e-06  -45.498606     
37494.7105      50000           9.96556558e-06  -80.915091     
37494.7105      50000           1.77215601e-05  -143.906636    
37494.7105      50000           3.15138854e-05  -255.953055    
37494.7105      50000           5.60404936e-05  -455.276421    
37494.7105      50000           9.96556558e-05  -809.892693    
50000           66676.0716      0               1.09227472e-09 
50000           66676.0716      1.77215601e-10  -0.000672604094
50000           66676.0716      3.15138854e-10  -0.0011961946  
50000           66676.0716      5.60404936e-10  -0.00212753487 
50000           66676.0716      9.96556558e-10  -0.00378450782 
50000           66676.0716      1.77215601e-09  -0.00673356046 
50000           66676.0716      3.15138854e-09  -0.0119856484  
50000           66676.0716      5.60404936e-09  -0.021349973   
50000           66676.0716      9.96556558e-09  -0.0380793279  
50000           66676.0716      1.77215601e-08  -0.0680669158  
50000           66676.0716      3.15138854e-08  -0.122117925   
50000           66676.0716      5.60404936e-08  -0.220380771   
50000           66676.0716      9.96556558e-08  -0.401185148   
50000           66676.0716      1.77215601e-07  -0.738677648   
50000           66676.0716      3.15138854e-07  -1.37677292    
50000           66676.0716      5.60404936e-07  -2.59027565    
50000           66676.0716      9.96556558e-07  -4.88843671    
50000           66676.0716      1.77215601e-06  -9.18901753    
50000           66676.0716      3.15138854e-06  -17.1216814    
50000           66676.0716      5.60404936e-06  -31.5709786    
50000           66676.0716      9.96556558e-06  -57.6500551    
50000           66676.0716      1.77215601e-05  -104.438284    
50000           66676.0716      3.15138854e-05  -188.074227    
50000           66676.0716      5.60404936e-05  -337.257968    
50000           66676.0716      9.96556558e-05  -603.039001    
66676.0716      88913.9705      0               4.24355216e-06 
66676.0716      88913.9705      1.77215601e-10  -0.000466401149
66676.0716      88913.9705      3.15138854e-10  -0.000832763579
66676.0716      88913.9705      5.60404936e-10  -0.0014844082  
66676.0716      88913.9705      9.96556558e-10  -0.00264368784 
66676.0716      88913.9705      1.77215601e-09  -0.00470670548 
66676.0716      88913.9705      3.15138854e-09  -0.00838003893 
66676.0716      88913.9705      5.60404936e-09  -0.014927071   
66676.0716      88913.9705      9.96556558e-09  -0.0266159364  
66676.0716      88913.9705      1.77215601e-08  -0.0475463063  
66676.0716      88913.9705      3.15138854e-08  -0.0852092902  
66676.0716      88913.9705      5.60404936e-08  -0.15351471    
66676.0716      88913.9705      9.96556558e-08  -0.278831437   
66676.0716      88913.9705      1.77215601e-07  -0.51219268    
66676.0716      88913.9705      3.15138854e-07  -0.953465411   
66676.0716      88913.9705      5.60404936e-07  -1.79649273    
66676.0716      88913.9705      9.96556558e-07  -3.40752524    
66676.0716      88913.9705      1.77215601e-06  -6.45680324    
66676.0716      88913.9705      3.15138854e-06  -12.1449555    
66676.0716      88913.9705      5.60404936e-06  -22.6074578    
66676.0716      88913.9705      9.96556558e-06  -41.6433444    
66676.0716      88913.9705      1.77215601e-05  -76.0171323    
66676.0716      88913.9705      3.15138854e-05  -137.771074    
66676.0716      88913.9705      5.60404936e-05  -248.331653    
66676.0716      88913.9705      9.96556558e-05  -445.81195     
88913.9705      118568.685      0               8.71767976e-05 
88913.9705      118568.685      1.77215601e-10  -0.000517150282
88913.9705      118568.685      3.15138854e-10  -0.000987485604
88913.9705      118568.685      5.60404936e-10  -0.00182387322 
88913.9705      118568.685      9.96556558e-10  -0.00331120411 
88913.9705      118568.685      1.77215601e-09  -0.005956094   
88913.9705      118568.685      3.15138854e-09  -0.0106594472  
88913.9705      118568.685      5.60404936e-09  -0.0190233234  
88913.9705      118568.685      9.96556558e-09  -0.0338966323  
88913.9705      118568.685      1.77215601e-08  -0.0603455311  
88913.9705      118568.685      3.15138854e-08  -0.107379063   
88913.9705      118568.685      5.60404936e-08  -0.191017826   
88913.9705      118568.685      9.96556558e-08  -0.339750914   
88913.9705      118568.685      1.77215601e-07  -0.604239904   
88913.9705      118568.685      3.15138854e-07  -1.07457523    
88913.9705      118568.685      5.60404936e-07  -1.91096286    
88913.9705      118568.685      9.96556558e-07  -3.39829376    
88913.9705      118568.685      1.77215601e-06  -6.04318371    
88913.9705      118568.685      3.15138854e-06  -10.7465371    
88913.9705      118568.685      5.60404936e-06  -19.110414     
88913.9705      118568.685      9.96556558e-06  -33.9837249    
88913.9705      118568.685      1.77215601e-05  -60.4326302    
88913.9705      118568.685      3.15138854e-05  -107.466183    
88913.9705      118568.685      5.60404936e-05  -191.105009    
88913.9705      118568.685      9.96556558e-05  -339.838298    
118568.685      158113.883      0               4.87223243e-05 
118568.685      158113.883      1.77215601e-10  -0.000401613243
118568.685      158113.883      3.15138854e-10  -0.000752100142
118568.685      158113.883      5.60404936e-10  -0.00137536378 
118568.685      158113.883      9.96556558e-10  -0.00248370067 
118568.685      158113.883      1.77215601e-09  -0.00445463335 
118568.685      158113.883      3.15138854e-09  -0.00795950234 
118568.685      158113.883      5.60404936e-09  -0.0141921387  
118568.685      158113.883      9.96556558e-09  -0.0252755076  
118568.685      158113.883      1.77215601e-08  -0.0449848344  
118568.685      158113.883      3.15138854e-08  -0.0800335243  
118568.685      158113.883      5.60404936e-08  -0.142359888   
118568.685      158113.883      9.96556558e-08  -0.253193577   
118568.685      158113.883      1.77215601e-07  -0.450286845   
118568.685      158113.883      3.15138854e-07  -0.800773745   
118568.685      158113.883      5.60404936e-07  -1.42403738    
118568.685      158113.883      9.96556558e-07  -2.53237428    
118568.685      158113.883      1.77215601e-06  -4.50330696    
118568.685      158113.883      3.15138854e-06  -8.00817597    
118568.685      158113.883      5.60404936e-06  -14.2408124    
118568.685      158113.883      9.96556558e-06  -25.3241816    
118568.685      158113.883      1.77215601e-05  -45.033509     
118568.685      158113.883      3.15138854e-05  -80.0822011    
118568.685      158113.883      5.60404936e-05  -142.408572    
118568.685      158113.883      9.96556558e-05  -253.242282    
158113.883      210848.252      0               0.000440202517 
158113.883      210848.252      1.77215601e-10  0.000103473924 
158113.883      210848.252      3.15138854e-10  -0.000158595006
158113.883      210848.252      5.60404936e-10  -0.000624626789
158113.883      210848.252      9.96556558e-10  -0.00145336151 
158113.883      210848.252      1.77215601e-09  -0.00292708341 
158113.883      210848.252      3.15138854e-09  -0.00554777272 
158113.883      210848.252      5.60404936e-09  -0.0102080906  
158113.883      210848.252      9.96556558e-09  -0.0184954378  
158113.883      210848.252      1.77215601e-08  -0.0332326569  
158113.883      210848.252      3.15138854e-08  -0.0594395501  
158113.883      210848.252      5.60404936e-08  -0.106042729   
158113.883      210848.252      9.96556558e-08  -0.188916204   
158113.883      210848.252      1.77215601e-07  -0.336288402   
158113.883      210848.252      3.15138854e-07  -0.598357357   
158113.883      210848.252      5.60404936e-07  -1.06438922    
158113.883      210848.252      9.96556558e-07  -1.8931242     
158113.883      210848.252      1.77215601e-06  -3.36684689    
158113.883      210848.252      3.15138854e-06  -5.98753871    
158113.883      210848.252      5.60404936e-06  -10.6478645    
158113.883      210848.252      9.96556558e-06  -18.9352368    
158113.883      210848.252      1.77215601e-05  -33.6725347    
158113.883      210848.252      3.15138854e-05  -59.879675     
158113.883      210848.252      5.60404936e-05  -106.483623    
158113.883      210848.252      9.96556558e-05  -189.359459    
210848.252      281170.663      0               0.000106659776 
210848.252      281170.663      1.77215601e-10  -0.000145048305
210848.252      281170.663      3.15138854e-10  -0.000340947522
210848.252      281170.663      5.60404936e-10  -0.000689311066
210848.252      281170.663      9.96556558e-10  -0.00130879878 
210848.252      281170.663      1.77215601e-09  -0.00241042103 
210848.252      281170.663      3.15138854e-09  -0.0043694132  
210848.252      281170.663      5.60404936e-09  -0.00785304864 
210848.252      281170.663      9.96556558e-09  -0.0140479258  
210848.252      281170.663      1.77215601e-08  -0.0250641483  
210848.252      281170.663      3.15138854e-08  -0.04465407    
210848.252      281170.663      5.60404936e-08  -0.0794904244  
210848.252      281170.663      9.96556558e-08  -0.141439196   
210848.252      281170.663      1.77215601e-07  -0.251601421   
210848.252      281170.663      3.15138854e-07  -0.447500638   
210848.252      281170.663      5.60404936e-07  -0.795864183   
210848.252      281170.663      9.96556558e-07  -1.4153519     
210848.252      281170.663      1.77215601e-06  -2.51697416    
210848.252      281170.663      3.15138854e-06  -4.47596636    
210848.252      281170.663      5.60404936e-06  -7.95960189    
210848.252      281170.663      9.96556558e-06  -14.1544793    
210848.252      281170.663      1.77215601e-05  -25.1707027    
210848.252      281170.663      3.15138854e-05  -44.7606272    
210848.252      281170.663      5.60404936e-05  -79.5969905    
210848.252      281170.663      9.96556558e-05  -141.54579     
281170.663      374947.105      0               3.0386893e-10  
281170.663      374947.105      1.77215601e-10  -0.000187097173
281170.663      374947.105      3.15138854e-10  -0.000332711288
281170.663      374947.105      5.60404936e-10  -0.000591653869
281170.663      374947.105      9.96556558e-10  -0.00105212613 
281170.663      374947.105      1.77215601e-09  -0.00187097447 
281170.663      374947.105      3.15138854e-09  -0.00332711561 
281170.663      374947.105      5.60404936e-09  -0.00591654142 
281170.663      374947.105      9.96556558e-09  -0.010521264   
281170.663      374947.105      1.77215601e-08  -0.0187097474  
281170.663      374947.105      3.15138854e-08  -0.0332711588  
281170.663      374947.105      5.60404936e-08  -0.059165417   
281170.663      374947.105      9.96556558e-08  -0.105212643   
281170.663      374947.105      1.77215601e-07  -0.187097477   
281170.663      374947.105      3.15138854e-07  -0.332711591   
281170.663      374947.105      5.60404936e-07  -0.591654172   
281170.663      374947.105      9.96556558e-07  -1.05212643    
281170.663      374947.105      1.77215601e-06  -1.87097477    
281170.663      374947.105      3.15138854e-06  -3.32711591    
281170.663      374947.105      5.60404936e-06  -5.91654173    
281170.663      374947.105      9.96556558e-06  -10.5212643    
281170.663      374947.105      1.77215601e-05  -18.7097477    
281170.663      374947.105      3.15138854e-05  -33.2711591    
281170.663      374947.105      5.60404936e-05  -59.1654173    
281170.663      374947.105      9.96556558e-05  -105.212643    
374947.105      500000          0               2.20921059e-10 
374947.105      500000          1.77215601e-10  -0.000136023294
374947.105      500000          3.15138854e-10  -0.000241887596
374947.105      500000          5.60404936e-10  -0.000430143903
374947.105      500000          9.96556558e-10  -0.000764916218
374947.105      500000          1.77215601e-09  -0.00136023493 
374947.105      500000          3.15138854e-09  -0.00241887795 
374947.105      500000          5.60404936e-09  -0.00430144102 
374947.105      500000          9.96556558e-09  -0.00764916417 
374947.105      500000          1.77215601e-08  -0.0136023513  
374947.105      500000          3.15138854e-08  -0.0241887814  
374947.105      500000          5.60404936e-08  -0.0430144122  
374947.105      500000          9.96556558e-08  -0.0764916436  
374947.105      500000          1.77215601e-07  -0.136023515   
374947.105      500000          3.15138854e-07  -0.241887816   
374947.105      500000          5.60404936e-07  -0.430144124   
374947.105      500000          9.96556558e-07  -0.764916438   
374947.105      500000          1.77215601e-06  -1.36023515    
374947.105      500000          3.15138854e-06  -2.41887817    
374947.105      500000          5.60404936e-06  -4.30144124    
374947.105      500000          9.96556558e-06  -7.64916439    
374947.105      500000          1.77215601e-05  -13.6023515    
374947.105      500000          3.15138854e-05  -24.1887817    
374947.105      500000          5.60404936e-05  -43.0144124    
374947.105      500000          9.96556558e-05  -76.4916439    
