### /nfs/slac/g/ki/ki20/cta/mdwood/fermi/dsph_pipeline/des_dwarfs/v6/p302_6yr_source_psf0123_point_gs_jsigma0.6/results/like_bootes_I.txt
#[0]emin(MeV) [1]emax(MeV) [2]eflux(MeV/cm^2/s) [3]deltaLogLike
500             666.760716      0               -0.00624693629 
500             666.760716      1.77215601e-10  -0.00585660217 
500             666.760716      3.15138854e-10  -0.00556020555 
500             666.760716      5.60404936e-10  -0.00504909572 
500             666.760716      9.96556558e-10  -0.00419060495 
500             666.760716      1.77215601e-09  -0.00282289332 
500             666.760716      3.15138854e-09  -0.00089065935 
500             666.760716      5.60404936e-09  0.000978985481 
500             666.760716      9.96556558e-09  -0.000570050564
500             666.760716      1.77215601e-08  -0.0183093551  
500             666.760716      3.15138854e-08  -0.0950190053  
500             666.760716      5.60404936e-08  -0.363308938   
500             666.760716      9.96556558e-08  -1.20773625    
500             666.760716      1.77215601e-07  -3.66940361    
500             666.760716      3.15138854e-07  -10.3732961    
500             666.760716      5.60404936e-07  -27.5105106    
500             666.760716      9.96556558e-07  -68.887858     
500             666.760716      1.77215601e-06  -163.942768    
500             666.760716      3.15138854e-06  -373.110133    
500             666.760716      5.60404936e-06  -816.383589    
500             666.760716      9.96556558e-06  -1725.16236    
500             666.760716      1.77215601e-05  -3535.04577    
500             666.760716      3.15138854e-05  -7050.7799     
500             666.760716      5.60404936e-05  -13738.711     
500             666.760716      9.96556558e-05  -26244.9504    
666.760716      889.139705      0               0.00689636113  
666.760716      889.139705      1.77215601e-10  0.00340923027  
666.760716      889.139705      3.15138854e-10  0.000687240339 
666.760716      889.139705      5.60404936e-10  -0.00417054322 
666.760716      889.139705      9.96556558e-10  -0.0128636725  
666.760716      889.139705      1.77215601e-09  -0.0284943955  
666.760716      889.139705      3.15138854e-09  -0.0568290938  
666.760716      889.139705      5.60404936e-09  -0.108894498   
666.760716      889.139705      9.96556558e-09  -0.206651207   
666.760716      889.139705      1.77215601e-08  -0.396128962   
666.760716      889.139705      3.15138854e-08  -0.779070428   
666.760716      889.139705      5.60404936e-08  -1.58996629    
666.760716      889.139705      9.96556558e-08  -3.38000577    
666.760716      889.139705      1.77215601e-07  -7.43897484    
666.760716      889.139705      3.15138854e-07  -16.7151001    
666.760716      889.139705      5.60404936e-07  -37.7162905    
666.760716      889.139705      9.96556558e-07  -84.2469636    
666.760716      889.139705      1.77215601e-06  -184.449832    
666.760716      889.139705      3.15138854e-06  -393.698293    
666.760716      889.139705      5.60404936e-06  -817.888877    
666.760716      889.139705      9.96556558e-06  -1655.39096    
666.760716      889.139705      1.77215601e-05  -3272.41373    
666.760716      889.139705      3.15138854e-05  -6337.69806    
666.760716      889.139705      5.60404936e-05  -12062.0008    
666.760716      889.139705      9.96556558e-05  -22622.8884    
889.139705      1185.68685      0               1.11940608e-08 
889.139705      1185.68685      1.77215601e-10  -0.00689721655 
889.139705      1185.68685      3.15138854e-10  -0.0122713698  
889.139705      1185.68685      5.60404936e-10  -0.0218414603  
889.139705      1185.68685      9.96556558e-10  -0.038901841   
889.139705      1185.68685      1.77215601e-09  -0.0693724218  
889.139705      1185.68685      3.15138854e-09  -0.123973002   
889.139705      1185.68685      5.60404936e-09  -0.22236251    
889.139705      1185.68685      9.96556558e-09  -0.401317317   
889.139705      1185.68685      1.77215601e-08  -0.731636512   
889.139705      1185.68685      3.15138854e-08  -1.35463793    
889.139705      1185.68685      5.60404936e-08  -2.56314062    
889.139705      1185.68685      9.96556558e-08  -4.98139788    
889.139705      1185.68685      1.77215601e-07  -9.95555162    
889.139705      1185.68685      3.15138854e-07  -20.3684092    
889.139705      1185.68685      5.60404936e-07  -42.2650736    
889.139705      1185.68685      9.96556558e-07  -87.9638286    
889.139705      1185.68685      1.77215601e-06  -181.832967    
889.139705      1185.68685      3.15138854e-06  -370.84104     
889.139705      1185.68685      5.60404936e-06  -743.636694    
889.139705      1185.68685      9.96556558e-06  -1464.7702     
889.139705      1185.68685      1.77215601e-05  -2835.70184    
889.139705      1185.68685      3.15138854e-05  -5403.26439    
889.139705      1185.68685      5.60404936e-05  -10152.369     
889.139705      1185.68685      9.96556558e-05  -18848.4404    
1185.68685      1581.13883      0               0.000560254613 
1185.68685      1581.13883      1.77215601e-10  -4.4504317e-05 
1185.68685      1581.13883      3.15138854e-10  -0.000543136623
1185.68685      1581.13883      5.60404936e-10  -0.00148985211 
1185.68685      1581.13883      9.96556558e-10  -0.00336109008 
1185.68685      1581.13883      1.77215601e-09  -0.00727108608 
1185.68685      1581.13883      3.15138854e-09  -0.016006078   
1185.68685      1581.13883      5.60404936e-09  -0.0368658058  
1185.68685      1581.13883      9.96556558e-09  -0.0893035225  
1185.68685      1581.13883      1.77215601e-08  -0.224392721   
1185.68685      1581.13883      3.15138854e-08  -0.570644388   
1185.68685      1581.13883      5.60404936e-08  -1.4328428     
1185.68685      1581.13883      9.96556558e-08  -3.49075975    
1185.68685      1581.13883      1.77215601e-07  -8.18260884    
1185.68685      1581.13883      3.15138854e-07  -18.4300607    
1185.68685      1581.13883      5.60404936e-07  -39.9914286    
1185.68685      1581.13883      9.96556558e-07  -83.9631212    
1185.68685      1581.13883      1.77215601e-06  -171.374329    
1185.68685      1581.13883      3.15138854e-06  -341.575996    
1185.68685      1581.13883      5.60404936e-06  -667.431232    
1185.68685      1581.13883      9.96556558e-06  -1282.56305    
1185.68685      1581.13883      1.77215601e-05  -2429.87385    
1185.68685      1581.13883      3.15138854e-05  -4547.65308    
1185.68685      1581.13883      5.60404936e-05  -8422.37879    
1185.68685      1581.13883      9.96556558e-05  -15460.1959    
1581.13883      2108.48252      0               0.000273134787 
1581.13883      2108.48252      1.77215601e-10  -0.00225948033 
1581.13883      2108.48252      3.15138854e-10  -0.00424304505 
1581.13883      2108.48252      5.60404936e-10  -0.00779727804 
1581.13883      2108.48252      9.96556558e-10  -0.0142023519  
1581.13883      2108.48252      1.77215601e-09  -0.0258577697  
1581.13883      2108.48252      3.15138854e-09  -0.0474110224  
1581.13883      2108.48252      5.60404936e-09  -0.0882844777  
1581.13883      2108.48252      9.96556558e-09  -0.168658912   
1581.13883      2108.48252      1.77215601e-08  -0.334090898   
1581.13883      2108.48252      3.15138854e-08  -0.690941456   
1581.13883      2108.48252      5.60404936e-08  -1.48792412    
1581.13883      2108.48252      9.96556558e-08  -3.28838878    
1581.13883      2108.48252      1.77215601e-07  -7.30236643    
1581.13883      2108.48252      3.15138854e-07  -15.9894298    
1581.13883      2108.48252      5.60404936e-07  -34.1416561    
1581.13883      2108.48252      9.96556558e-07  -70.8538429    
1581.13883      2108.48252      1.77215601e-06  -143.12307     
1581.13883      2108.48252      3.15138854e-06  -282.384368    
1581.13883      2108.48252      5.60404936e-06  -546.294225    
1581.13883      2108.48252      9.96556558e-06  -1039.83688    
1581.13883      2108.48252      1.77215601e-05  -1952.87581    
1581.13883      2108.48252      3.15138854e-05  -3626.72448    
1581.13883      2108.48252      5.60404936e-05  -6672.24607    
1581.13883      2108.48252      9.96556558e-05  -12179.7686    
2108.48252      2811.70663      0               4.46335598e-05 
2108.48252      2811.70663      1.77215601e-10  -0.00120650008 
2108.48252      2811.70663      3.15138854e-10  -0.00219959264 
2108.48252      2811.70663      5.60404936e-10  -0.00400714296 
2108.48252      2811.70663      9.96556558e-10  -0.00735147204 
2108.48252      2811.70663      1.77215601e-09  -0.0137020254  
2108.48252      2811.70663      3.15138854e-09  -0.0262295392  
2108.48252      2811.70663      5.60404936e-09  -0.0521974449  
2108.48252      2811.70663      9.96556558e-09  -0.109004056   
2108.48252      2811.70663      1.77215601e-08  -0.238967329   
2108.48252      2811.70663      3.15138854e-08  -0.543157793   
2108.48252      2811.70663      5.60404936e-08  -1.25269415    
2108.48252      2811.70663      9.96556558e-08  -2.86868233    
2108.48252      2811.70663      1.77215601e-07  -6.42389568    
2108.48252      2811.70663      3.15138854e-07  -13.9567084    
2108.48252      2811.70663      5.60404936e-07  -29.3593855    
2108.48252      2811.70663      9.96556558e-07  -59.9066488    
2108.48252      2811.70663      1.77215601e-06  -119.022864    
2108.48252      2811.70663      3.15138854e-06  -231.269782    
2108.48252      2811.70663      5.60404936e-06  -441.286466    
2108.48252      2811.70663      9.96556558e-06  -829.754382    
2108.48252      2811.70663      1.77215601e-05  -1541.8269     
2108.48252      2811.70663      3.15138854e-05  -2837.65579    
2108.48252      2811.70663      5.60404936e-05  -5182.14335    
2108.48252      2811.70663      9.96556558e-05  -9404.45531    
2811.70663      3749.47105      0               3.25903557e-05 
2811.70663      3749.47105      1.77215601e-10  -0.00031956429 
2811.70663      3749.47105      3.15138854e-10  -0.000629530705
2811.70663      3749.47105      5.60404936e-10  -0.0012572385  
2811.70663      3749.47105      9.96556558e-10  -0.00261042593 
2811.70663      3749.47105      1.77215601e-09  -0.00573938198 
2811.70663      3749.47105      3.15138854e-09  -0.0134501224  
2811.70663      3749.47105      5.60404936e-09  -0.0332701286  
2811.70663      3749.47105      9.96556558e-09  -0.0847756685  
2811.70663      3749.47105      1.77215601e-08  -0.215728857   
2811.70663      3749.47105      3.15138854e-08  -0.533122669   
2811.70663      3749.47105      5.60404936e-08  -1.25732404    
2811.70663      3749.47105      9.96556558e-08  -2.81715182    
2811.70663      3749.47105      1.77215601e-07  -6.02951884    
2811.70663      3749.47105      3.15138854e-07  -12.4475526    
2811.70663      3749.47105      5.60404936e-07  -25.0156599    
2811.70663      3749.47105      9.96556558e-07  -49.2623385    
2811.70663      3749.47105      1.77215601e-06  -95.4363494    
2811.70663      3749.47105      3.15138854e-06  -182.308434    
2811.70663      3749.47105      5.60404936e-06  -343.924179    
2811.70663      3749.47105      9.96556558e-06  -641.603279    
2811.70663      3749.47105      1.77215601e-05  -1185.26734    
2811.70663      3749.47105      3.15138854e-05  -2171.33572    
2811.70663      3749.47105      5.60404936e-05  -3950.06272    
2811.70663      3749.47105      9.96556558e-05  -7145.24618    
3749.47105      5000            0               3.1845957e-09  
3749.47105      5000            1.77215601e-10  -0.00197528613 
3749.47105      5000            3.15138854e-10  -0.00353262821 
3749.47105      5000            5.60404936e-10  -0.00634482568 
3749.47105      5000            9.96556558e-10  -0.011478944   
3749.47105      5000            1.77215601e-09  -0.0210186579  
3749.47105      5000            3.15138854e-09  -0.0392178193  
3749.47105      5000            5.60404936e-09  -0.0751767518  
3749.47105      5000            9.96556558e-09  -0.149032963   
3749.47105      5000            1.77215601e-08  -0.305531957   
3749.47105      5000            3.15138854e-08  -0.640945335   
3749.47105      5000            5.60404936e-08  -1.3508419     
3749.47105      5000            9.96556558e-08  -2.81032671    
3749.47105      5000            1.77215601e-07  -5.71372046    
3749.47105      5000            3.15138854e-07  -11.330939     
3749.47105      5000            5.60404936e-07  -21.9811862    
3749.47105      5000            9.96556558e-07  -41.8958001    
3749.47105      5000            1.77215601e-06  -78.7780095    
3749.47105      5000            3.15138854e-06  -146.6159      
3749.47105      5000            5.60404936e-06  -270.73219     
3749.47105      5000            9.96556558e-06  -496.779215    
3749.47105      5000            1.77215601e-05  -906.66739     
3749.47105      5000            3.15138854e-05  -1646.76356    
3749.47105      5000            5.60404936e-05  -2977.95646    
3749.47105      5000            9.96556558e-05  -5364.71355    
5000            6667.60716      0               -0.642254585   
5000            6667.60716      1.77215601e-10  -0.634279806   
5000            6667.60716      3.15138854e-10  -0.628132979   
5000            6667.60716      5.60404936e-10  -0.617329706   
5000            6667.60716      9.96556558e-10  -0.598513788   
5000            6667.60716      1.77215601e-09  -0.566261464   
5000            6667.60716      3.15138854e-09  -0.512505033   
5000            6667.60716      5.60404936e-09  -0.427188852   
5000            6667.60716      9.96556558e-09  -0.302975104   
5000            6667.60716      1.77215601e-08  -0.148960951   
5000            6667.60716      3.15138854e-08  -0.0183980065  
5000            6667.60716      5.60404936e-08  -0.0517209152  
5000            6667.60716      9.96556558e-08  -0.537376565   
5000            6667.60716      1.77215601e-07  -2.01206329    
5000            6667.60716      3.15138854e-07  -5.45272965    
5000            6667.60716      5.60404936e-07  -12.6424073    
5000            6667.60716      9.96556558e-07  -26.8373497    
5000            6667.60716      1.77215601e-06  -53.9583196    
5000            6667.60716      3.15138854e-06  -104.703354    
5000            6667.60716      5.60404936e-06  -198.289062    
5000            6667.60716      9.96556558e-06  -369.092039    
5000            6667.60716      1.77215601e-05  -678.462869    
5000            6667.60716      3.15138854e-05  -1235.74369    
5000            6667.60716      5.60404936e-05  -2235.64847    
5000            6667.60716      9.96556558e-05  -4024.74192    
6667.60716      8891.39705      0               8.66790094e-05 
6667.60716      8891.39705      1.77215601e-10  -0.00472008343 
6667.60716      8891.39705      3.15138854e-10  -0.0084612719  
6667.60716      8891.39705      5.60404936e-10  -0.0151145483  
6667.60716      8891.39705      9.96556558e-10  -0.0269471893  
6667.60716      8891.39705      1.77215601e-09  -0.0479928945  
6667.60716      8891.39705      3.15138854e-09  -0.0854305146  
6667.60716      8891.39705      5.60404936e-09  -0.152044195   
6667.60716      8891.39705      9.96556558e-09  -0.270623907   
6667.60716      8891.39705      1.77215601e-08  -0.481867859   
6667.60716      8891.39705      3.15138854e-08  -0.85865676    
6667.60716      8891.39705      5.60404936e-08  -1.53203081    
6667.60716      8891.39705      9.96556558e-08  -2.73878832    
6667.60716      8891.39705      1.77215601e-07  -4.90881448    
6667.60716      8891.39705      3.15138854e-07  -8.82385247    
6667.60716      8891.39705      5.60404936e-07  -15.9014336    
6667.60716      8891.39705      9.96556558e-07  -28.696952     
6667.60716      8891.39705      1.77215601e-06  -51.7927308    
6667.60716      8891.39705      3.15138854e-06  -93.3812259    
6667.60716      8891.39705      5.60404936e-06  -168.089256    
6667.60716      8891.39705      9.96556558e-06  -302.012838    
6667.60716      8891.39705      1.77215601e-05  -541.686861    
6667.60716      8891.39705      3.15138854e-05  -970.054239    
6667.60716      8891.39705      5.60404936e-05  -1734.87076    
6667.60716      8891.39705      9.96556558e-05  -3099.19507    
8891.39705      11856.8685      0               3.84261511e-09 
8891.39705      11856.8685      1.77215601e-10  -0.00236698477 
8891.39705      11856.8685      3.15138854e-10  -0.00421050803 
8891.39705      11856.8685      5.60404936e-10  -0.0074917072  
8891.39705      11856.8685      9.96556558e-10  -0.0133357291  
8891.39705      11856.8685      1.77215601e-09  -0.0237567093  
8891.39705      11856.8685      3.15138854e-09  -0.0423776728  
8891.39705      11856.8685      5.60404936e-09  -0.0757679313  
8891.39705      11856.8685      9.96556558e-09  -0.135987867   
8891.39705      11856.8685      1.77215601e-08  -0.245569367   
8891.39705      11856.8685      3.15138854e-08  -0.447487364   
8891.39705      11856.8685      5.60404936e-08  -0.825149743   
8891.39705      11856.8685      9.96556558e-08  -1.54117107    
8891.39705      11856.8685      1.77215601e-07  -2.90823294    
8891.39705      11856.8685      3.15138854e-07  -5.51222796    
8891.39705      11856.8685      5.60404936e-07  -10.4247685    
8891.39705      11856.8685      9.96556558e-07  -19.5777289    
8891.39705      11856.8685      1.77215601e-06  -36.4323773    
8891.39705      11856.8685      3.15138854e-06  -67.1774102    
8891.39705      11856.8685      5.60404936e-06  -122.868158    
8891.39705      11856.8685      9.96556558e-06  -223.229333    
8891.39705      11856.8685      1.77215601e-05  -403.405497    
8891.39705      11856.8685      3.15138854e-05  -725.965856    
8891.39705      11856.8685      5.60404936e-05  -1302.2803     
8891.39705      11856.8685      9.96556558e-05  -2330.56902    
11856.8685      15811.3883      0               4.90399543e-09 
11856.8685      15811.3883      1.77215601e-10  -0.00301936257 
11856.8685      15811.3883      3.15138854e-10  -0.00536927759 
11856.8685      15811.3883      5.60404936e-10  -0.00954809065 
11856.8685      15811.3883      9.96556558e-10  -0.0169792117  
11856.8685      15811.3883      1.77215601e-09  -0.0301938968  
11856.8685      15811.3883      3.15138854e-09  -0.0536935378  
11856.8685      15811.3883      5.60404936e-09  -0.0954832195  
11856.8685      15811.3883      9.96556558e-09  -0.169799331   
11856.8685      15811.3883      1.77215601e-08  -0.301961655   
11856.8685      15811.3883      3.15138854e-08  -0.537006856   
11856.8685      15811.3883      5.60404936e-08  -0.955057196   
11856.8685      15811.3883      9.96556558e-08  -1.69869954    
11856.8685      15811.3883      1.77215601e-07  -3.02182117    
11856.8685      15811.3883      3.15138854e-07  -5.3768854     
11856.8685      15811.3883      5.60404936e-07  -9.5713138     
11856.8685      15811.3883      9.96556558e-07  -17.0484804    
11856.8685      15811.3883      1.77215601e-06  -30.3933094    
11856.8685      15811.3883      3.15138854e-06  -54.2398836    
11856.8685      15811.3883      5.60404936e-06  -96.8902143    
11856.8685      15811.3883      9.96556558e-06  -173.182658    
11856.8685      15811.3883      1.77215601e-05  -309.567021    
11856.8685      15811.3883      3.15138854e-05  -553.108766    
11856.8685      15811.3883      5.60404936e-05  -987.504333    
11856.8685      15811.3883      9.96556558e-05  -1761.58438    
15811.3883      21084.8252      0               -0.63598635    
15811.3883      21084.8252      1.77215601e-10  -0.630249885   
15811.3883      21084.8252      3.15138854e-10  -0.625825516   
15811.3883      21084.8252      5.60404936e-10  -0.618043309   
15811.3883      21084.8252      9.96556558e-10  -0.604468759   
15811.3883      21084.8252      1.77215601e-09  -0.581132482   
15811.3883      21084.8252      3.15138854e-09  -0.542003326   
15811.3883      21084.8252      5.60404936e-09  -0.479085471   
15811.3883      21084.8252      9.96556558e-09  -0.384612935   
15811.3883      21084.8252      1.77215601e-08  -0.257542569   
15811.3883      21084.8252      3.15138854e-08  -0.115525625   
15811.3883      21084.8252      5.60404936e-08  -0.0106151409  
15811.3883      21084.8252      9.96556558e-08  -0.047574764   
15811.3883      21084.8252      1.77215601e-07  -0.412510183   
15811.3883      21084.8252      3.15138854e-07  -1.43116141    
15811.3883      21084.8252      5.60404936e-07  -3.68614707    
15811.3883      21084.8252      9.96556558e-07  -8.236543      
15811.3883      21084.8252      1.77215601e-06  -17.0089628    
15811.3883      21084.8252      3.15138854e-06  -33.4802022    
15811.3883      21084.8252      5.60404936e-06  -63.8746866    
15811.3883      21084.8252      9.96556558e-06  -119.285905    
15811.3883      21084.8252      1.77215601e-05  -219.449752    
15811.3883      21084.8252      3.15138854e-05  -399.463018    
15811.3883      21084.8252      5.60404936e-05  -721.747574    
15811.3883      21084.8252      9.96556558e-05  -1297.34339    
21084.8252      28117.0663      0               2.86752311e-09 
21084.8252      28117.0663      1.77215601e-10  -0.00176555743 
21084.8252      28117.0663      3.15138854e-10  -0.00313965678 
21084.8252      28117.0663      5.60404936e-10  -0.00558318962 
21084.8252      28117.0663      9.96556558e-10  -0.00992847456 
21084.8252      28117.0663      1.77215601e-09  -0.0176556079  
21084.8252      28117.0663      3.15138854e-09  -0.0313966181  
21084.8252      28117.0663      5.60404936e-09  -0.0558319993  
21084.8252      28117.0663      9.96556558e-09  -0.0992850159  
21084.8252      28117.0663      1.77215601e-08  -0.176556877   
21084.8252      28117.0663      3.15138854e-08  -0.313968649   
21084.8252      28117.0663      5.60404936e-08  -0.558327733   
21084.8252      28117.0663      9.96556558e-08  -0.992874523   
21084.8252      28117.0663      1.77215601e-07  -1.76564546    
21084.8252      28117.0663      3.15138854e-07  -3.13992726    
21084.8252      28117.0663      5.60404936e-07  -5.5840294     
21084.8252      28117.0663      9.96556558e-07  -9.93107319    
21084.8252      28117.0663      1.77215601e-06  -17.6635505    
21084.8252      28117.0663      3.15138854e-06  -31.4203648    
21084.8252      28117.0663      5.60404936e-06  -55.9006041    
21084.8252      28117.0663      9.96556558e-06  -99.4738921    
21084.8252      28117.0663      1.77215601e-05  -177.046471    
21084.8252      28117.0663      3.15138854e-05  -315.156819    
21084.8252      28117.0663      5.60404936e-05  -561.034955    
21084.8252      28117.0663      9.96556558e-05  -998.717452    
28117.0663      37494.7105      0               2.22576091e-09 
28117.0663      37494.7105      1.77215601e-10  -0.00137043684 
28117.0663      37494.7105      3.15138854e-10  -0.00243702134 
28117.0663      37494.7105      5.60404936e-10  -0.00433370661 
28117.0663      37494.7105      9.96556558e-10  -0.00770654299 
28117.0663      37494.7105      1.77215601e-09  -0.0137043885  
28117.0663      37494.7105      3.15138854e-09  -0.0243702339  
28117.0663      37494.7105      5.60404936e-09  -0.0433370877  
28117.0663      37494.7105      9.96556558e-09  -0.0770654548  
28117.0663      37494.7105      1.77215601e-08  -0.137043921   
28117.0663      37494.7105      3.15138854e-08  -0.243702408   
28117.0663      37494.7105      5.60404936e-08  -0.433371049   
28117.0663      37494.7105      9.96556558e-08  -0.77065505    
28117.0663      37494.7105      1.77215601e-07  -1.37044075    
28117.0663      37494.7105      3.15138854e-07  -2.43702891    
28117.0663      37494.7105      5.60404936e-07  -4.33372574    
28117.0663      37494.7105      9.96556558e-07  -7.70659857    
28117.0663      37494.7105      1.77215601e-06  -13.704559     
28117.0663      37494.7105      3.15138854e-06  -24.3707654    
28117.0663      37494.7105      5.60404936e-06  -43.3387483    
28117.0663      37494.7105      9.96556558e-06  -77.0706188    
28117.0663      37494.7105      1.77215601e-05  -137.059804    
28117.0663      37494.7105      3.15138854e-05  -243.750358    
28117.0663      37494.7105      5.60404936e-05  -433.511619    
28117.0663      37494.7105      9.96556558e-05  -771.050057    
37494.7105      50000           0               1.68358838e-09 
37494.7105      50000           1.77215601e-10  -0.00103660749 
37494.7105      50000           3.15138854e-10  -0.00184337908 
37494.7105      50000           5.60404936e-10  -0.00327804445 
37494.7105      50000           9.96556558e-10  -0.00582928051 
37494.7105      50000           1.77215601e-09  -0.0103660916  
37494.7105      50000           3.15138854e-09  -0.0184338109  
37494.7105      50000           5.60404936e-09  -0.0327804754  
37494.7105      50000           9.96556558e-09  -0.0582928699  
37494.7105      50000           1.77215601e-08  -0.103661088   
37494.7105      50000           3.15138854e-08  -0.184338621   
37494.7105      50000           5.60404936e-08  -0.327806337   
37494.7105      50000           9.96556558e-08  -0.582933668   
37494.7105      50000           1.77215601e-07  -1.03662653    
37494.7105      50000           3.15138854e-07  -1.84343553    
37494.7105      50000           5.60404936e-07  -3.27821849    
37494.7105      50000           9.96556558e-07  -5.82982262    
37494.7105      50000           1.77215601e-06  -10.3677771    
37494.7105      50000           3.15138854e-06  -18.4390027    
37494.7105      50000           5.60404936e-06  -32.7961908    
37494.7105      50000           9.96556558e-06  -58.3391315    
37494.7105      50000           1.77215601e-05  -103.791816    
37494.7105      50000           3.15138854e-05  -184.688661    
37494.7105      50000           5.60404936e-05  -328.686589    
37494.7105      50000           9.96556558e-05  -585.009098    
50000           66676.0716      0               1.27261046e-09 
50000           66676.0716      1.77215601e-10  -0.000783576578
50000           66676.0716      3.15138854e-10  -0.00139341908 
50000           66676.0716      5.60404936e-10  -0.00247788946 
50000           66676.0716      9.96556558e-10  -0.0044063808  
50000           66676.0716      1.77215601e-09  -0.00783577725 
50000           66676.0716      3.15138854e-09  -0.0139342024  
50000           66676.0716      5.60404936e-09  -0.0247789063  
50000           66676.0716      9.96556558e-09  -0.0440638202  
50000           66676.0716      1.77215601e-08  -0.0783577864  
50000           66676.0716      3.15138854e-08  -0.139342043   
50000           66676.0716      5.60404936e-08  -0.247789099   
50000           66676.0716      9.96556558e-08  -0.440638291   
50000           66676.0716      1.77215601e-07  -0.78357812    
50000           66676.0716      3.15138854e-07  -1.39342121    
50000           66676.0716      5.60404936e-07  -2.47789344    
50000           66676.0716      9.96556558e-07  -4.40639062    
50000           66676.0716      1.77215601e-06  -7.8358055     
50000           66676.0716      3.15138854e-06  -13.9342886    
50000           66676.0716      5.60404936e-06  -24.7791746    
50000           66676.0716      9.96556558e-06  -44.0646563    
50000           66676.0716      1.77215601e-05  -78.3603752    
50000           66676.0716      3.15138854e-05  -139.34995     
50000           66676.0716      5.60404936e-05  -247.812698    
50000           66676.0716      9.96556558e-05  -440.706265    
66676.0716      88913.9705      0               9.48460865e-10 
66676.0716      88913.9705      1.77215601e-10  -0.000583970946
66676.0716      88913.9705      3.15138854e-10  -0.00103846425 
66676.0716      88913.9705      5.60404936e-10  -0.00184668034 
66676.0716      88913.9705      9.96556558e-10  -0.00328391438 
66676.0716      88913.9705      1.77215601e-09  -0.00583971815 
66676.0716      88913.9705      3.15138854e-09  -0.0103846515  
66676.0716      88913.9705      5.60404936e-09  -0.0184668134  
66676.0716      88913.9705      9.96556558e-09  -0.0328391572  
66676.0716      88913.9705      1.77215601e-08  -0.0583972052  
66676.0716      88913.9705      3.15138854e-08  -0.103846572   
66676.0716      88913.9705      5.60404936e-08  -0.184668295   
66676.0716      88913.9705      9.96556558e-08  -0.328392062   
66676.0716      88913.9705      1.77215601e-07  -0.583973583   
66676.0716      88913.9705      3.15138854e-07  -1.03847053    
66676.0716      88913.9705      5.60404936e-07  -1.84669814    
66676.0716      88913.9705      9.96556558e-07  -3.28396846    
66676.0716      88913.9705      1.77215601e-06  -5.83988623    
66676.0716      88913.9705      3.15138854e-06  -10.3851761    
66676.0716      88913.9705      5.60404936e-06  -18.4684439    
66676.0716      88913.9705      9.96556558e-06  -32.8441693    
66676.0716      88913.9705      1.77215601e-05  -58.4123203    
66676.0716      88913.9705      3.15138854e-05  -103.890788    
66676.0716      88913.9705      5.60404936e-05  -184.792011    
66676.0716      88913.9705      9.96556558e-05  -328.718498    
88913.9705      118568.685      0               0.000276577175 
88913.9705      118568.685      1.77215601e-10  -0.000161664015
88913.9705      118568.685      3.15138854e-10  -0.00050273811 
88913.9705      118568.685      5.60404936e-10  -0.00110926315 
88913.9705      118568.685      9.96556558e-10  -0.00218783414 
88913.9705      118568.685      1.77215601e-09  -0.00410583473 
88913.9705      118568.685      3.15138854e-09  -0.00751657568 
88913.9705      118568.685      5.60404936e-09  -0.0135818261  
88913.9705      118568.685      9.96556558e-09  -0.024367536   
88913.9705      118568.685      1.77215601e-08  -0.0435475418  
88913.9705      118568.685      3.15138854e-08  -0.0776549514  
88913.9705      118568.685      5.60404936e-08  -0.138307455   
88913.9705      118568.685      9.96556558e-08  -0.246164555   
88913.9705      118568.685      1.77215601e-07  -0.437964614   
88913.9705      118568.685      3.15138854e-07  -0.77903871    
88913.9705      118568.685      5.60404936e-07  -1.38556376    
88913.9705      118568.685      9.96556558e-07  -2.46413476    
88913.9705      118568.685      1.77215601e-06  -4.3821354     
88913.9705      118568.685      3.15138854e-06  -7.7928765     
88913.9705      118568.685      5.60404936e-06  -13.8581274    
88913.9705      118568.685      9.96556558e-06  -24.6438389    
88913.9705      118568.685      1.77215601e-05  -43.8238497    
88913.9705      118568.685      3.15138854e-05  -77.931275     
88913.9705      118568.685      5.60404936e-05  -138.583829    
88913.9705      118568.685      9.96556558e-05  -246.441084    
118568.685      158113.883      0               2.93949369e-05 
118568.685      158113.883      1.77215601e-10  -0.000296637436
118568.685      158113.883      3.15138854e-10  -0.000550381719
118568.685      158113.883      5.60404936e-10  -0.00100160995 
118568.685      158113.883      9.96556558e-10  -0.00180401983 
118568.685      158113.883      1.77215601e-09  -0.00323092879 
118568.685      158113.883      3.15138854e-09  -0.00576837162 
118568.685      158113.883      5.60404936e-09  -0.010280654   
118568.685      158113.883      9.96556558e-09  -0.0183047527  
118568.685      158113.883      1.77215601e-08  -0.0325738424  
118568.685      158113.883      3.15138854e-08  -0.0579482707  
118568.685      158113.883      5.60404936e-08  -0.103071094   
118568.685      158113.883      9.96556558e-08  -0.183312082   
118568.685      158113.883      1.77215601e-07  -0.326002978   
118568.685      158113.883      3.15138854e-07  -0.579747261   
118568.685      158113.883      5.60404936e-07  -1.03097549    
118568.685      158113.883      9.96556558e-07  -1.83338537    
118568.685      158113.883      1.77215601e-06  -3.26029434    
118568.685      158113.883      3.15138854e-06  -5.79773717    
118568.685      158113.883      5.60404936e-06  -10.3100195    
118568.685      158113.883      9.96556558e-06  -18.3341183    
118568.685      158113.883      1.77215601e-05  -32.603208     
118568.685      158113.883      3.15138854e-05  -57.9776365    
118568.685      158113.883      5.60404936e-05  -103.10046     
118568.685      158113.883      9.96556558e-05  -183.34145     
158113.883      210848.252      0               3.95502298e-10 
158113.883      210848.252      1.77215601e-10  -0.000243516612
158113.883      210848.252      3.15138854e-10  -0.000433040885
158113.883      210848.252      5.60404936e-10  -0.000770067997
158113.883      210848.252      9.96556558e-10  -0.00136939637 
158113.883      210848.252      1.77215601e-09  -0.00243516968 
158113.883      210848.252      3.15138854e-09  -0.00433041241 
158113.883      210848.252      5.60404936e-09  -0.00770068355 
158113.883      210848.252      9.96556558e-09  -0.0136939673  
158113.883      210848.252      1.77215601e-08  -0.0243517006  
158113.883      210848.252      3.15138854e-08  -0.0433041284  
158113.883      210848.252      5.60404936e-08  -0.0770068413  
158113.883      210848.252      9.96556558e-08  -0.136939684   
158113.883      210848.252      1.77215601e-07  -0.243517032   
158113.883      210848.252      3.15138854e-07  -0.433041359   
158113.883      210848.252      5.60404936e-07  -0.770068641   
158113.883      210848.252      9.96556558e-07  -1.36939755    
158113.883      210848.252      1.77215601e-06  -2.43517257    
158113.883      210848.252      3.15138854e-06  -4.33042068    
158113.883      210848.252      5.60404936e-06  -7.70070878    
158113.883      210848.252      9.96556558e-06  -13.694046     
158113.883      210848.252      1.77215601e-05  -24.3519469    
158113.883      210848.252      3.15138854e-05  -43.304898     
158113.883      210848.252      5.60404936e-05  -77.0092281    
158113.883      210848.252      9.96556558e-05  -136.946988    
210848.252      281170.663      0               8.53821872e-05 
210848.252      281170.663      1.77215601e-10  -9.67381489e-05
210848.252      281170.663      3.15138854e-10  -0.000238478657
210848.252      281170.663      5.60404936e-10  -0.000490532883
210848.252      281170.663      9.96556558e-10  -0.000938755724
210848.252      281170.663      1.77215601e-09  -0.00173582117 
210848.252      281170.663      3.15138854e-09  -0.00315322625 
210848.252      281170.663      5.60404936e-09  -0.00567376852 
210848.252      281170.663      9.96556558e-09  -0.0101559969  
210848.252      281170.663      1.77215601e-08  -0.0181266514  
210848.252      281170.663      3.15138854e-08  -0.0323007022  
210848.252      281170.663      5.60404936e-08  -0.0575061248  
210848.252      281170.663      9.96556558e-08  -0.102328409   
210848.252      281170.663      1.77215601e-07  -0.182034954   
210848.252      281170.663      3.15138854e-07  -0.323775462   
210848.252      281170.663      5.60404936e-07  -0.575829689   
210848.252      281170.663      9.96556558e-07  -1.02405253    
210848.252      281170.663      1.77215601e-06  -1.82111798    
210848.252      281170.663      3.15138854e-06  -3.23852307    
210848.252      281170.663      5.60404936e-06  -5.75906538    
210848.252      281170.663      9.96556558e-06  -10.2412939    
210848.252      281170.663      1.77215601e-05  -18.2119488    
210848.252      281170.663      3.15138854e-05  -32.3860008    
210848.252      281170.663      5.60404936e-05  -57.5914273    
210848.252      281170.663      9.96556558e-05  -102.413724    
281170.663      374947.105      0               0.00117521618  
281170.663      374947.105      1.77215601e-10  0.0010398571   
281170.663      374947.105      3.15138854e-10  0.00093450991  
281170.663      374947.105      5.60404936e-10  0.000747173173 
281170.663      374947.105      9.96556558e-10  0.00041403611  
281170.663      374947.105      1.77215601e-09  -0.000178374669
281170.663      374947.105      3.15138854e-09  -0.00123184656 
281170.663      374947.105      5.60404936e-09  -0.00310521393 
281170.663      374947.105      9.96556558e-09  -0.00643658456 
281170.663      374947.105      1.77215601e-08  -0.0123606924  
281170.663      374947.105      3.15138854e-08  -0.0228954113  
281170.663      374947.105      5.60404936e-08  -0.041629085   
281170.663      374947.105      9.96556558e-08  -0.0749427914  
281170.663      374947.105      1.77215601e-07  -0.134183869   
281170.663      374947.105      3.15138854e-07  -0.239531059   
281170.663      374947.105      5.60404936e-07  -0.426867799   
281170.663      374947.105      9.96556558e-07  -0.760004868   
281170.663      374947.105      1.77215601e-06  -1.35241567    
281170.663      374947.105      3.15138854e-06  -2.40588762    
281170.663      374947.105      5.60404936e-06  -4.2792552     
281170.663      374947.105      9.96556558e-06  -7.61062647    
281170.663      374947.105      1.77215601e-05  -13.5347363    
281170.663      374947.105      3.15138854e-05  -24.0694616    
281170.663      374947.105      5.60404936e-05  -42.8031555    
281170.663      374947.105      9.96556558e-05  -76.1169254    
374947.105      500000          0               1.59417368e-10 
374947.105      500000          1.77215601e-10  -9.815704e-05  
374947.105      500000          3.15138854e-10  -0.000174550767
374947.105      500000          5.60404936e-10  -0.00031040016 
374947.105      500000          9.96556558e-10  -0.000551978337
374947.105      500000          1.77215601e-09  -0.000981571836
374947.105      500000          3.15138854e-09  -0.00174550911 
374947.105      500000          5.60404936e-09  -0.00310400304 
374947.105      500000          9.96556558e-09  -0.00551978485 
374947.105      500000          1.77215601e-08  -0.00981571994 
374947.105      500000          3.15138854e-08  -0.017455093   
374947.105      500000          5.60404936e-08  -0.0310400333  
374947.105      500000          9.96556558e-08  -0.0551978544  
374947.105      500000          1.77215601e-07  -0.0981572151  
374947.105      500000          3.15138854e-07  -0.174550977   
374947.105      500000          5.60404936e-07  -0.310400478   
374947.105      500000          9.96556558e-07  -0.551978999   
374947.105      500000          1.77215601e-06  -0.981573583   
374947.105      500000          3.15138854e-06  -1.74551429    
374947.105      500000          5.60404936e-06  -3.10401905    
374947.105      500000          9.96556558e-06  -5.51983497    
374947.105      500000          1.77215601e-05  -9.8158773     
374947.105      500000          3.15138854e-05  -17.4555859    
374947.105      500000          5.60404936e-05  -31.0415681    
374947.105      500000          9.96556558e-05  -55.2025808    
