### /nfs/slac/g/ki/ki20/cta/mdwood/fermi/dsph_pipeline/des_dwarfs/v6/p302_6yr_source_psf0123_point_gs_jsigma0.6/results/like_reticulum_II.txt
#[0]emin(MeV) [1]emax(MeV) [2]eflux(MeV/cm^2/s) [3]deltaLogLike
500             666.760716      0               -0.010038335   
500             666.760716      1.77215601e-10  -0.00941244441 
500             666.760716      3.15138854e-10  -0.00893797041 
500             666.760716      5.60404936e-10  -0.00812151479 
500             666.760716      9.96556558e-10  -0.00675571372 
500             666.760716      1.77215601e-09  -0.0045979412  
500             666.760716      3.15138854e-09  -0.00161102678 
500             666.760716      5.60404936e-09  0.00104919905  
500             666.760716      9.96556558e-09  -0.00240330362 
500             666.760716      1.77215601e-08  -0.0333652592  
500             666.760716      3.15138854e-08  -0.161645866   
500             666.760716      5.60404936e-08  -0.596820276   
500             666.760716      9.96556558e-08  -1.92304885    
500             666.760716      1.77215601e-07  -5.65364735    
500             666.760716      3.15138854e-07  -15.4461938    
500             666.760716      5.60404936e-07  -39.6184747    
500             666.760716      9.96556558e-07  -96.1290732    
500             666.760716      1.77215601e-06  -222.036568    
500             666.760716      3.15138854e-06  -490.877826    
500             666.760716      5.60404936e-06  -1044.03487    
500             666.760716      9.96556558e-06  -2146.99776    
500             666.760716      1.77215601e-05  -4289.91478    
500             666.760716      3.15138854e-05  -8366.60597    
500             666.760716      5.60404936e-05  -15992.3848    
500             666.760716      9.96556558e-05  -30067.6183    
666.760716      889.139705      0               0.000698130134 
666.760716      889.139705      1.77215601e-10  0.000668938632 
666.760716      889.139705      3.15138854e-10  0.000628945694 
666.760716      889.139705      5.60404936e-10  0.000520586567 
666.760716      889.139705      9.96556558e-10  0.000210634111 
666.760716      889.139705      1.77215601e-09  -0.000708553995
666.760716      889.139705      3.15138854e-09  -0.0034914898  
666.760716      889.139705      5.60404936e-09  -0.0119888984  
666.760716      889.139705      9.96556558e-09  -0.0378878044  
666.760716      889.139705      1.77215601e-08  -0.115898186   
666.760716      889.139705      3.15138854e-08  -0.345657961   
666.760716      889.139705      5.60404936e-08  -1.00006232    
666.760716      889.139705      9.96556558e-08  -2.7846339     
666.760716      889.139705      1.77215601e-07  -7.41033851    
666.760716      889.139705      3.15138854e-07  -18.7652376    
666.760716      889.139705      5.60404936e-07  -45.1705083    
666.760716      889.139705      9.96556558e-07  -103.586318    
666.760716      889.139705      1.77215601e-06  -227.37024     
666.760716      889.139705      3.15138854e-06  -480.464806    
666.760716      889.139705      5.60404936e-06  -983.013948    
666.760716      889.139705      9.96556558e-06  -1957.18665    
666.760716      889.139705      1.77215601e-05  -3808.86457    
666.760716      889.139705      3.15138854e-05  -7273.03823    
666.760716      889.139705      5.60404936e-05  -13672.1696    
666.760716      889.139705      9.96556558e-05  -25374.844     
889.139705      1185.68685      0               0.000973553215 
889.139705      1185.68685      1.77215601e-10  -0.000902367692
889.139705      1185.68685      3.15138854e-10  -0.00240327737 
889.139705      1185.68685      5.60404936e-10  -0.00516010129 
889.139705      1185.68685      9.96556558e-10  -0.0103369716  
889.139705      1185.68685      1.77215601e-09  -0.0203936604  
889.139705      1185.68685      3.15138854e-09  -0.0408756227  
889.139705      1185.68685      5.60404936e-09  -0.0850392061  
889.139705      1185.68685      9.96556558e-09  -0.185730488   
889.139705      1185.68685      1.77215601e-08  -0.424483229   
889.139705      1185.68685      3.15138854e-08  -0.997147426   
889.139705      1185.68685      5.60404936e-08  -2.34874881    
889.139705      1185.68685      9.96556558e-08  -5.43435201    
889.139705      1185.68685      1.77215601e-07  -12.2204947    
889.139705      1185.68685      3.15138854e-07  -26.6566262    
889.139705      1185.68685      5.60404936e-07  -56.5276862    
889.139705      1185.68685      9.96556558e-07  -116.898237    
889.139705      1185.68685      1.77215601e-06  -236.40574     
889.139705      1185.68685      3.15138854e-06  -468.656643    
889.139705      1185.68685      5.60404936e-06  -912.746495    
889.139705      1185.68685      9.96556558e-06  -1750.01199    
889.139705      1185.68685      1.77215601e-05  -3309.53351    
889.139705      1185.68685      3.15138854e-05  -6184.5213     
889.139705      1185.68685      5.60404936e-05  -11438.9248    
889.139705      1185.68685      9.96556558e-05  -20974.3558    
1185.68685      1581.13883      0               0.00129342181  
1185.68685      1581.13883      1.77215601e-10  -0.004451619   
1185.68685      1581.13883      3.15138854e-10  -0.00893466334 
1185.68685      1581.13883      5.60404936e-10  -0.016932212   
1185.68685      1581.13883      9.96556558e-10  -0.0312342436  
1185.68685      1581.13883      1.77215601e-09  -0.0569190383  
1185.68685      1581.13883      3.15138854e-09  -0.10338067    
1185.68685      1581.13883      5.60404936e-09  -0.188439898   
1185.68685      1581.13883      9.96556558e-09  -0.347135318   
1185.68685      1581.13883      1.77215601e-08  -0.651459819   
1185.68685      1581.13883      3.15138854e-08  -1.25582463    
1185.68685      1581.13883      5.60404936e-08  -2.50051615    
1185.68685      1581.13883      9.96556558e-08  -5.13512048    
1185.68685      1581.13883      1.77215601e-07  -10.7658539    
1185.68685      1581.13883      3.15138854e-07  -22.6932971    
1185.68685      1581.13883      5.60404936e-07  -47.4338226    
1185.68685      1581.13883      9.96556558e-07  -97.4837398    
1185.68685      1581.13883      1.77215601e-06  -196.354415    
1185.68685      1581.13883      3.15138854e-06  -387.672058    
1185.68685      1581.13883      5.60404936e-06  -751.466527    
1185.68685      1581.13883      9.96556558e-06  -1433.18146    
1185.68685      1581.13883      1.77215601e-05  -2695.22008    
1185.68685      1581.13883      3.15138854e-05  -5008.46425    
1185.68685      1581.13883      5.60404936e-05  -9214.88431    
1185.68685      1581.13883      9.96556558e-05  -16816.7225    
1581.13883      2108.48252      0               0.000241660659 
1581.13883      2108.48252      1.77215601e-10  -0.00423608778 
1581.13883      2108.48252      3.15138854e-10  -0.00773639004 
1581.13883      2108.48252      5.60404936e-10  -0.0139939796  
1581.13883      2108.48252      9.96556558e-10  -0.0252256498  
1581.13883      2108.48252      1.77215601e-09  -0.0455236857  
1581.13883      2108.48252      3.15138854e-09  -0.0826269807  
1581.13883      2108.48252      5.60404936e-09  -0.151686886   
1581.13883      2108.48252      9.96556558e-09  -0.283683893   
1581.13883      2108.48252      1.77215601e-08  -0.54479737    
1581.13883      2108.48252      3.15138854e-08  -1.08069468    
1581.13883      2108.48252      5.60404936e-08  -2.21337816    
1581.13883      2108.48252      9.96556558e-08  -4.63909335    
1581.13883      2108.48252      1.77215601e-07  -9.8071506     
1581.13883      2108.48252      3.15138854e-07  -20.6121953    
1581.13883      2108.48252      5.60404936e-07  -42.6275302    
1581.13883      2108.48252      9.96556558e-07  -86.2912986    
1581.13883      2108.48252      1.77215601e-06  -170.810223    
1581.13883      2108.48252      3.15138854e-06  -331.15805     
1581.13883      2108.48252      5.60404936e-06  -630.59314     
1581.13883      2108.48252      9.96556558e-06  -1182.98215    
1581.13883      2108.48252      1.77215601e-05  -2192.53167    
1581.13883      2108.48252      3.15138854e-05  -4024.42151    
1581.13883      2108.48252      5.60404936e-05  -7330.3917     
1581.13883      2108.48252      9.96556558e-05  -13272.1635    
2108.48252      2811.70663      0               -0.0751849039  
2108.48252      2811.70663      1.77215601e-10  -0.0727721172  
2108.48252      2811.70663      3.15138854e-10  -0.0709249746  
2108.48252      2811.70663      5.60404936e-10  -0.0677061305  
2108.48252      2811.70663      9.96556558e-10  -0.0621884612  
2108.48252      2811.70663      1.77215601e-09  -0.053017832   
2108.48252      2811.70663      3.15138854e-09  -0.0386777703  
2108.48252      2811.70663      5.60404936e-09  -0.0190853303  
2108.48252      2811.70663      9.96556558e-09  -0.00136205832 
2108.48252      2811.70663      1.77215601e-08  -0.01677799    
2108.48252      2811.70663      3.15138854e-08  -0.163118205   
2108.48252      2811.70663      5.60404936e-08  -0.695675982   
2108.48252      2811.70663      9.96556558e-08  -2.19860364    
2108.48252      2811.70663      1.77215601e-07  -5.88305648    
2108.48252      2811.70663      3.15138854e-07  -14.0998249    
2108.48252      2811.70663      5.60404936e-07  -31.2469923    
2108.48252      2811.70663      9.96556558e-07  -65.423071     
2108.48252      2811.70663      1.77215601e-06  -131.44993     
2108.48252      2811.70663      3.15138854e-06  -256.316673    
2108.48252      2811.70663      5.60404936e-06  -488.84099     
2108.48252      2811.70663      9.96556558e-06  -916.762074    
2108.48252      2811.70663      1.77215601e-05  -1697.07565    
2108.48252      2811.70663      3.15138854e-05  -3109.98267    
2108.48252      2811.70663      5.60404936e-05  -5654.85413    
2108.48252      2811.70663      9.96556558e-05  -10220.9269    
2811.70663      3749.47105      0               -2.8237248     
2811.70663      3749.47105      1.77215601e-10  -2.80455022    
2811.70663      3749.47105      3.15138854e-10  -2.78972845    
2811.70663      3749.47105      5.60404936e-10  -2.76358749    
2811.70663      3749.47105      9.96556558e-10  -2.71777209    
2811.70663      3749.47105      1.77215601e-09  -2.63834796    
2811.70663      3749.47105      3.15138854e-09  -2.50321546    
2811.70663      3749.47105      5.60404936e-09  -2.28040406    
2811.70663      3749.47105      9.96556558e-09  -1.9313714     
2811.70663      3749.47105      1.77215601e-08  -1.42779663    
2811.70663      3749.47105      3.15138854e-08  -0.794217113   
2811.70663      3749.47105      5.60404936e-08  -0.190035358   
2811.70663      3749.47105      9.96556558e-08  -0.0479460527  
2811.70663      3749.47105      1.77215601e-07  -1.30373659    
2811.70663      3749.47105      3.15138854e-07  -5.79219653    
2811.70663      3749.47105      5.60404936e-07  -16.9490311    
2811.70663      3749.47105      9.96556558e-07  -41.0674978    
2811.70663      3749.47105      1.77215601e-06  -89.5544531    
2811.70663      3749.47105      3.15138854e-06  -182.978635    
2811.70663      3749.47105      5.60404936e-06  -358.314154    
2811.70663      3749.47105      9.96556558e-06  -681.858141    
2811.70663      3749.47105      1.77215601e-05  -1272.20535    
2811.70663      3749.47105      3.15138854e-05  -2341.05449    
2811.70663      3749.47105      5.60404936e-05  -4265.70682    
2811.70663      3749.47105      9.96556558e-05  -7717.99422    
3749.47105      5000            0               3.67508901e-05 
3749.47105      5000            1.77215601e-10  -0.00404372325 
3749.47105      5000            3.15138854e-10  -0.00722633688 
3749.47105      5000            5.60404936e-10  -0.0129006793  
3749.47105      5000            9.96556558e-10  -0.0230375877  
3749.47105      5000            1.77215601e-09  -0.0412084429  
3749.47105      5000            3.15138854e-09  -0.0739679593  
3749.47105      5000            5.60404936e-09  -0.133579558   
3749.47105      5000            9.96556558e-09  -0.243585163   
3749.47105      5000            1.77215601e-08  -0.45046946    
3749.47105      5000            3.15138854e-08  -0.847971056   
3749.47105      5000            5.60404936e-08  -1.62569536    
3749.47105      5000            9.96556558e-08  -3.16048039    
3749.47105      5000            1.77215601e-07  -6.1805118     
3749.47105      5000            3.15138854e-07  -12.0587547    
3749.47105      5000            5.60404936e-07  -23.3456642    
3749.47105      5000            9.96556558e-07  -44.7388535    
3749.47105      5000            1.77215601e-06  -84.826192     
3749.47105      5000            3.15138854e-06  -159.178235    
3749.47105      5000            5.60404936e-06  -295.807688    
3749.47105      5000            9.96556558e-06  -544.831611    
3749.47105      5000            1.77215601e-05  -995.638499    
3749.47105      5000            3.15138854e-05  -1807.43661    
3749.47105      5000            5.60404936e-05  -3263.61177    
3749.47105      5000            9.96556558e-05  -5868.44016    
5000            6667.60716      0               -2.85279619    
5000            6667.60716      1.77215601e-10  -2.80312624    
5000            6667.60716      3.15138854e-10  -2.76579463    
5000            6667.60716      5.60404936e-10  -2.70204233    
5000            6667.60716      9.96556558e-10  -2.59609254    
5000            6667.60716      1.77215601e-09  -2.42714038    
5000            6667.60716      3.15138854e-09  -2.17282887    
5000            6667.60716      5.60404936e-09  -1.81708779    
5000            6667.60716      9.96556558e-09  -1.36101756    
5000            6667.60716      1.77215601e-08  -0.836461954   
5000            6667.60716      3.15138854e-08  -0.328063434   
5000            6667.60716      5.60404936e-08  -0.0135891079  
5000            6667.60716      9.96556558e-08  -0.233985788   
5000            6667.60716      1.77215601e-07  -1.61497109    
5000            6667.60716      3.15138854e-07  -5.28567399    
5000            6667.60716      5.60404936e-07  -13.2778254    
5000            6667.60716      9.96556558e-07  -29.2505715    
5000            6667.60716      1.77215601e-06  -59.7883436    
5000            6667.60716      3.15138854e-06  -116.700049    
5000            6667.60716      5.60404936e-06  -221.090426    
5000            6667.60716      9.96556558e-06  -410.602026    
5000            6667.60716      1.77215601e-05  -752.323014    
5000            6667.60716      3.15138854e-05  -1365.77046    
5000            6667.60716      5.60404936e-05  -2463.75276    
5000            6667.60716      9.96556558e-05  -4424.98793    
6667.60716      8891.39705      0               -1.98536284    
6667.60716      8891.39705      1.77215601e-10  -1.95562264    
6667.60716      8891.39705      3.15138854e-10  -1.93298634    
6667.60716      8891.39705      5.60404936e-10  -1.89378168    
6667.60716      8891.39705      9.96556558e-10  -1.82715836    
6667.60716      8891.39705      1.77215601e-09  -1.71738658    
6667.60716      8891.39705      3.15138854e-09  -1.54496976    
6667.60716      8891.39705      5.60404936e-09  -1.29233972    
6667.60716      8891.39705      9.96556558e-09  -0.955915257   
6667.60716      8891.39705      1.77215601e-08  -0.563299287   
6667.60716      8891.39705      3.15138854e-08  -0.19327058    
6667.60716      8891.39705      5.60404936e-08  -0.000755643824
6667.60716      8891.39705      9.96556558e-08  -0.258123244   
6667.60716      8891.39705      1.77215601e-07  -1.4371064     
6667.60716      8891.39705      3.15138854e-07  -4.37233794    
6667.60716      8891.39705      5.60404936e-07  -10.5711071    
6667.60716      8891.39705      9.96556558e-07  -22.774132     
6667.60716      8891.39705      1.77215601e-06  -45.94677      
6667.60716      8891.39705      3.15138854e-06  -89.023715     
6667.60716      8891.39705      5.60404936e-06  -167.995772    
6667.60716      8891.39705      9.96556558e-06  -311.399368    
6667.60716      8891.39705      1.77215601e-05  -570.099887    
6667.60716      8891.39705      3.15138854e-05  -1034.71597    
6667.60716      8891.39705      5.60404936e-05  -1866.60931    
6667.60716      8891.39705      9.96556558e-05  -3352.97277    
8891.39705      11856.8685      0               6.7811925e-09  
8891.39705      11856.8685      1.77215601e-10  -0.00417523344 
8891.39705      11856.8685      3.15138854e-10  -0.00742481704 
8891.39705      11856.8685      5.60404936e-10  -0.0132036577  
8891.39705      11856.8685      9.96556558e-10  -0.0234805979  
8891.39705      11856.8685      1.77215601e-09  -0.0417575949  
8891.39705      11856.8685      3.15138854e-09  -0.0742646424  
8891.39705      11856.8685      5.60404936e-09  -0.13208836    
8891.39705      11856.8685      9.96556558e-09  -0.23496863    
8891.39705      11856.8685      1.77215601e-08  -0.418084805   
8891.39705      11856.8685      3.15138854e-08  -0.74422619    
8891.39705      11856.8685      5.60404936e-08  -1.325723      
8891.39705      11856.8685      9.96556558e-08  -2.36418608    
8891.39705      11856.8685      1.77215601e-07  -4.22279707    
8891.39705      11856.8685      3.15138854e-07  -7.55751921    
8891.39705      11856.8685      5.60404936e-07  -13.5526702    
8891.39705      11856.8685      9.96556558e-07  -24.3380896    
8891.39705      11856.8685      1.77215601e-06  -43.7243358    
8891.39705      11856.8685      3.15138854e-06  -78.5059739    
8891.39705      11856.8685      5.60404936e-06  -140.785218    
8891.39705      11856.8685      9.96556558e-06  -252.11585     
8891.39705      11856.8685      1.77215601e-05  -450.880772    
8891.39705      11856.8685      3.15138854e-05  -805.41143     
8891.39705      11856.8685      5.60404936e-05  -1437.30474    
8891.39705      11856.8685      9.96556558e-05  -2562.86788    
11856.8685      15811.3883      0               5.17104581e-09 
11856.8685      15811.3883      1.77215601e-10  -0.00318391908 
11856.8685      15811.3883      3.15138854e-10  -0.0056619339  
11856.8685      15811.3883      5.60404936e-10  -0.0100686061  
11856.8685      15811.3883      9.96556558e-10  -0.0179051199  
11856.8685      15811.3883      1.77215601e-09  -0.0318413244  
11856.8685      15811.3883      3.15138854e-09  -0.0566259777  
11856.8685      15811.3883      5.60404936e-09  -0.10070691    
11856.8685      15811.3883      9.96556558e-09  -0.179116783   
11856.8685      15811.3883      1.77215601e-08  -0.318619168   
11856.8685      15811.3883      3.15138854e-08  -0.566903311   
11856.8685      15811.3883      5.60404936e-08  -1.00906296    
11856.8685      15811.3883      9.96556558e-08  -1.79725492    
11856.8685      15811.3883      1.77215601e-07  -3.20432948    
11856.8685      15811.3883      3.15138854e-07  -5.72107073    
11856.8685      15811.3883      5.60404936e-07  -10.23196      
11856.8685      15811.3883      9.96556558e-07  -18.3296505    
11856.8685      15811.3883      1.77215601e-06  -32.871564     
11856.8685      15811.3883      3.15138854e-06  -58.9627715    
11856.8685      15811.3883      5.60404936e-06  -105.700156    
11856.8685      15811.3883      9.96556558e-06  -189.277532    
11856.8685      15811.3883      1.77215601e-05  -338.512119    
11856.8685      15811.3883      3.15138854e-05  -604.674951    
11856.8685      15811.3883      5.60404936e-05  -1078.97675    
11856.8685      15811.3883      9.96556558e-05  -1923.67033    
15811.3883      21084.8252      0               0.00982271193  
15811.3883      21084.8252      1.77215601e-10  0.00814259159  
15811.3883      21084.8252      3.15138854e-10  0.00683464289  
15811.3883      21084.8252      5.60404936e-10  0.00450799837  
15811.3883      21084.8252      9.96556558e-10  0.000368219139 
15811.3883      21084.8252      1.77215601e-09  -0.00700088599 
15811.3883      21084.8252      3.15138854e-09  -0.0201285315  
15811.3883      21084.8252      5.60404936e-09  -0.0435460613  
15811.3883      21084.8252      9.96556558e-09  -0.0854149841  
15811.3883      21084.8252      1.77215601e-08  -0.160559898   
15811.3883      21084.8252      3.15138854e-08  -0.296244116   
15811.3883      21084.8252      5.60404936e-08  -0.543400909   
15811.3883      21084.8252      9.96556558e-08  -0.9986397     
15811.3883      21084.8252      1.77215601e-07  -1.8465428     
15811.3883      21084.8252      3.15138854e-07  -3.43732962    
15811.3883      21084.8252      5.60404936e-07  -6.42298438    
15811.3883      21084.8252      9.96556558e-07  -11.9923586    
15811.3883      21084.8252      1.77215601e-06  -22.2828236    
15811.3883      21084.8252      3.15138854e-06  -41.1107415    
15811.3883      21084.8252      5.60404936e-06  -75.2743752    
15811.3883      21084.8252      9.96556558e-06  -136.880469    
15811.3883      21084.8252      1.77215601e-05  -247.49081     
15811.3883      21084.8252      3.15138854e-05  -445.497698    
15811.3883      21084.8252      5.60404936e-05  -799.240195    
15811.3883      21084.8252      9.96556558e-05  -1430.33313    
21084.8252      28117.0663      0               1.68558811e-05 
21084.8252      28117.0663      1.77215601e-10  -0.00185240288 
21084.8252      28117.0663      3.15138854e-10  -0.00330720955 
21084.8252      28117.0663      5.60404936e-10  -0.00589426461 
21084.8252      28117.0663      9.96556558e-10  -0.0104947787  
21084.8252      28117.0663      1.77215601e-09  -0.0186758011  
21084.8252      28117.0663      3.15138854e-09  -0.033224018   
21084.8252      28117.0663      5.60404936e-09  -0.059095043   
21084.8252      28117.0663      9.96556558e-09  -0.105101683   
21084.8252      28117.0663      1.77215601e-08  -0.186916646   
21084.8252      28117.0663      3.15138854e-08  -0.332413773   
21084.8252      28117.0663      5.60404936e-08  -0.591171189   
21084.8252      28117.0663      9.96556558e-08  -1.05138597    
21084.8252      28117.0663      1.77215601e-07  -1.87000054    
21084.8252      28117.0663      3.15138854e-07  -3.32641864    
21084.8252      28117.0663      5.60404936e-07  -5.91844182    
21084.8252      28117.0663      9.96556558e-07  -10.5339993    
21084.8252      28117.0663      1.77215601e-06  -18.7592757    
21084.8252      28117.0663      3.15138854e-06  -33.4321402    
21084.8252      28117.0663      5.60404936e-06  -59.6339339    
21084.8252      28117.0663      9.96556558e-06  -106.45681     
21084.8252      28117.0663      1.77215601e-05  -190.136463    
21084.8252      28117.0663      3.15138854e-05  -339.60115     
21084.8252      28117.0663      5.60404936e-05  -606.326962    
21084.8252      28117.0663      9.96556558e-05  -1081.87275    
28117.0663      37494.7105      0               1.84991222e-09 
28117.0663      37494.7105      1.77215601e-10  -0.00113908647 
28117.0663      37494.7105      3.15138854e-10  -0.00202565702 
28117.0663      37494.7105      5.60404936e-10  -0.003602317   
28117.0663      37494.7105      9.96556558e-10  -0.00640634286 
28117.0663      37494.7105      1.77215601e-09  -0.0113935811  
28117.0663      37494.7105      3.15138854e-09  -0.020265115   
28117.0663      37494.7105      5.60404936e-09  -0.0360501032  
28117.0663      37494.7105      9.96556558e-09  -0.0641482738  
28117.0663      37494.7105      1.77215601e-08  -0.11420247    
28117.0663      37494.7105      3.15138854e-08  -0.203485471   
28117.0663      37494.7105      5.60404936e-08  -0.363090884   
28117.0663      37494.7105      9.96556558e-08  -0.649414289   
28117.0663      37494.7105      1.77215601e-07  -1.16578098    
28117.0663      37494.7105      3.15138854e-07  -2.10356445    
28117.0663      37494.7105      5.60404936e-07  -3.81970895    
28117.0663      37494.7105      9.96556558e-07  -6.97843758    
28117.0663      37494.7105      1.77215601e-06  -12.8002051    
28117.0663      37494.7105      3.15138854e-06  -23.4901775    
28117.0663      37494.7105      5.60404936e-06  -42.9831653    
28117.0663      37494.7105      9.96556558e-06  -78.2640735    
28117.0663      37494.7105      1.77215601e-05  -141.727711    
28117.0663      37494.7105      3.15138854e-05  -255.391902    
28117.0663      37494.7105      5.60404936e-05  -458.401877    
28117.0663      37494.7105      9.96556558e-05  -820.380367    
37494.7105      50000           0               1.79608151e-09 
37494.7105      50000           1.77215601e-10  -0.00110588942 
37494.7105      50000           3.15138854e-10  -0.00196658182 
37494.7105      50000           5.60404936e-10  -0.00349713352 
37494.7105      50000           9.96556558e-10  -0.0062188824  
37494.7105      50000           1.77215601e-09  -0.0110589134  
37494.7105      50000           3.15138854e-09  -0.0196658442  
37494.7105      50000           5.60404936e-09  -0.0349713823  
37494.7105      50000           9.96556558e-09  -0.0621889382  
37494.7105      50000           1.77215601e-08  -0.11058946    
37494.7105      50000           3.15138854e-08  -0.196659438   
37494.7105      50000           5.60404936e-08  -0.349716935   
37494.7105      50000           9.96556558e-08  -0.621899175   
37494.7105      50000           1.77215601e-07  -1.10592547    
37494.7105      50000           3.15138854e-07  -1.96669155    
37494.7105      50000           5.60404936e-07  -3.49747438    
37494.7105      50000           9.96556558e-07  -6.21994414    
37494.7105      50000           1.77215601e-06  -11.0622005    
37494.7105      50000           3.15138854e-06  -19.6758838    
37494.7105      50000           5.60404936e-06  -35.0013528    
37494.7105      50000           9.96556558e-06  -62.2753284    
37494.7105      50000           1.77215601e-05  -110.826614    
37494.7105      50000           3.15138854e-05  -197.271972    
37494.7105      50000           5.60404936e-05  -351.195941    
37494.7105      50000           9.96556558e-05  -625.240663    
50000           66676.0716      0               1.30458488e-09 
50000           66676.0716      1.77215601e-10  -0.000803243976
50000           66676.0716      3.15138854e-10  -0.00142839353 
50000           66676.0716      5.60404936e-10  -0.00254008472 
50000           66676.0716      9.96556558e-10  -0.00451698423 
50000           66676.0716      1.77215601e-09  -0.00803247012 
50000           66676.0716      3.15138854e-09  -0.0142840059  
50000           66676.0716      5.60404936e-09  -0.025401045   
50000           66676.0716      9.96556558e-09  -0.0451704424  
50000           66676.0716      1.77215601e-08  -0.0803265726  
50000           66676.0716      3.15138854e-08  -0.142845947   
50000           66676.0716      5.60404936e-08  -0.254029019   
50000           66676.0716      9.96556558e-08  -0.451762975   
50000           66676.0716      1.77215601e-07  -0.803450052   
50000           66676.0716      3.15138854e-07  -1.42903787    
50000           66676.0716      5.60404936e-07  -2.54209472    
50000           66676.0716      9.96556558e-07  -4.52320367    
50000           66676.0716      1.77215601e-06  -8.05143086    
50000           66676.0716      3.15138854e-06  -14.3404264    
50000           66676.0716      5.60404936e-06  -25.5628927    
50000           66676.0716      9.96556558e-06  -45.6118057    
50000           66676.0716      1.77215601e-05  -81.4572198    
50000           66676.0716      3.15138854e-05  -145.550836    
50000           66676.0716      5.60404936e-05  -260.082997    
50000           66676.0716      9.96556558e-05  -464.538016    
66676.0716      88913.9705      0               7.13370696e-10 
66676.0716      88913.9705      1.77215601e-10  -0.000439223281
66676.0716      88913.9705      3.15138854e-10  -0.000781074729
66676.0716      88913.9705      5.60404936e-10  -0.00138900905 
66676.0716      88913.9705      9.96556558e-10  -0.00247017127 
66676.0716      88913.9705      1.77215601e-09  -0.00439304885 
66676.0716      88913.9705      3.15138854e-09  -0.00781331249 
66676.0716      88913.9705      5.60404936e-09  -0.0138981802  
66676.0716      88913.9705      9.96556558e-09  -0.0247272344  
66676.0716      88913.9705      1.77215601e-08  -0.0440109222  
66676.0716      88913.9705      3.15138854e-08  -0.0783860202  
66676.0716      88913.9705      5.60404936e-08  -0.139773526   
66676.0716      88913.9705      9.96556558e-08  -0.249732357   
66676.0716      88913.9705      1.77215601e-07  -0.447655268   
66676.0716      88913.9705      3.15138854e-07  -0.806519922   
66676.0716      88913.9705      5.60404936e-07  -1.46352489    
66676.0716      88913.9705      9.96556558e-07  -2.6790406     
66676.0716      88913.9705      1.77215601e-06  -4.9455957     
66676.0716      88913.9705      3.15138854e-06  -9.17894083    
66676.0716      88913.9705      5.60404936e-06  -17.0431545    
66676.0716      88913.9705      9.96556558e-06  -31.5106792    
66676.0716      88913.9705      1.77215601e-05  -57.8533131    
66676.0716      88913.9705      3.15138854e-05  -105.415537    
66676.0716      88913.9705      5.60404936e-05  -190.782513    
66676.0716      88913.9705      9.96556558e-05  -343.421986    
88913.9705      118568.685      0               7.58021201e-10 
88913.9705      118568.685      1.77215601e-10  -0.000466717541
88913.9705      118568.685      3.15138854e-10  -0.000829954783
88913.9705      118568.685      5.60404936e-10  -0.00147589209 
88913.9705      118568.685      9.96556558e-10  -0.00262454911 
88913.9705      118568.685      1.77215601e-09  -0.00466718223 
88913.9705      118568.685      3.15138854e-09  -0.00829955465 
88913.9705      118568.685      5.60404936e-09  -0.0147589277  
88913.9705      118568.685      9.96556558e-09  -0.0262454979  
88913.9705      118568.685      1.77215601e-08  -0.0466718292  
88913.9705      118568.685      3.15138854e-08  -0.0829955535  
88913.9705      118568.685      5.60404936e-08  -0.147589285   
88913.9705      118568.685      9.96556558e-08  -0.262454988   
88913.9705      118568.685      1.77215601e-07  -0.466718304   
88913.9705      118568.685      3.15138854e-07  -0.829955558   
88913.9705      118568.685      5.60404936e-07  -1.47589291    
88913.9705      118568.685      9.96556558e-07  -2.62455005    
88913.9705      118568.685      1.77215601e-06  -4.66718357    
88913.9705      118568.685      3.15138854e-06  -8.29955726    
88913.9705      118568.685      5.60404936e-06  -14.7589343    
88913.9705      118568.685      9.96556558e-06  -26.2455171    
88913.9705      118568.685      1.77215601e-05  -46.6718881    
88913.9705      118568.685      3.15138854e-05  -82.9957376    
88913.9705      118568.685      5.60404936e-05  -147.589861    
88913.9705      118568.685      9.96556558e-05  -262.456787    
118568.685      158113.883      0               5.39415623e-10 
118568.685      158113.883      1.77215601e-10  -0.000332120918
118568.685      158113.883      3.15138854e-10  -0.000590604377
118568.685      158113.883      5.60404936e-10  -0.00105026055 
118568.685      158113.883      9.96556558e-10  -0.00186765881 
118568.685      158113.883      1.77215601e-09  -0.00332122492 
118568.685      158113.883      3.15138854e-09  -0.00590608306 
118568.685      158113.883      5.60404936e-09  -0.0105027193  
118568.685      158113.883      9.96556558e-09  -0.0186769372  
118568.685      158113.883      1.77215601e-08  -0.033213342   
118568.685      158113.883      3.15138854e-08  -0.0590642728  
118568.685      158113.883      5.60404936e-08  -0.10503805    
118568.685      158113.883      9.96556558e-08  -0.186803601   
118568.685      158113.883      1.77215601e-07  -0.332241117   
118568.685      158113.883      3.15138854e-07  -0.590980324   
118568.685      158113.883      5.60404936e-07  -1.05143182    
118568.685      158113.883      9.96556558e-07  -1.87127307    
118568.685      158113.883      1.77215601e-06  -3.33219071    
118568.685      158113.883      3.15138854e-06  -5.93845832    
118568.685      158113.883      5.60404936e-06  -10.5944752    
118568.685      158113.883      9.96556558e-06  -18.9228912    
118568.685      158113.883      1.77215601e-05  -33.8295601    
118568.685      158113.883      3.15138854e-05  -60.5009047    
118568.685      158113.883      5.60404936e-05  -108.167549    
118568.685      158113.883      9.96556558e-05  -193.237397    
158113.883      210848.252      0               4.22372359e-10 
158113.883      210848.252      1.77215601e-10  -0.000260058701
158113.883      210848.252      3.15138854e-10  -0.000462457362
158113.883      210848.252      5.60404936e-10  -0.000822378733
158113.883      210848.252      9.96556558e-10  -0.0014624195  
158113.883      210848.252      1.77215601e-09  -0.00260059081 
158113.883      210848.252      3.15138854e-09  -0.00462457742 
158113.883      210848.252      5.60404936e-09  -0.00822379113 
158113.883      210848.252      9.96556558e-09  -0.0146241988  
158113.883      210848.252      1.77215601e-08  -0.0260059119  
158113.883      210848.252      3.15138854e-08  -0.046245778   
158113.883      210848.252      5.60404936e-08  -0.0822379151  
158113.883      210848.252      9.96556558e-08  -0.146241992   
158113.883      210848.252      1.77215601e-07  -0.260059123   
158113.883      210848.252      3.15138854e-07  -0.462457784   
158113.883      210848.252      5.60404936e-07  -0.822379155   
158113.883      210848.252      9.96556558e-07  -1.46241992    
158113.883      210848.252      1.77215601e-06  -2.60059123    
158113.883      210848.252      3.15138854e-06  -4.62457784    
158113.883      210848.252      5.60404936e-06  -8.22379155    
158113.883      210848.252      9.96556558e-06  -14.6241992    
158113.883      210848.252      1.77215601e-05  -26.0059123    
158113.883      210848.252      3.15138854e-05  -46.2457784    
158113.883      210848.252      5.60404936e-05  -82.2379155    
158113.883      210848.252      9.96556558e-05  -146.241992    
210848.252      281170.663      0               0.000106817544 
210848.252      281170.663      1.77215601e-10  -8.74085101e-05
210848.252      281170.663      3.15138854e-10  -0.000238570649
210848.252      281170.663      5.60404936e-10  -0.000507379169
210848.252      281170.663      9.96556558e-10  -0.000985395824
210848.252      281170.663      1.77215601e-09  -0.001835443   
210848.252      281170.663      3.15138854e-09  -0.00334706439 
210848.252      281170.663      5.60404936e-09  -0.00603514959 
210848.252      281170.663      9.96556558e-09  -0.0108153161  
210848.252      281170.663      1.77215601e-08  -0.0193157879  
210848.252      281170.663      3.15138854e-08  -0.0344320018  
210848.252      281170.663      5.60404936e-08  -0.0613128538  
210848.252      281170.663      9.96556558e-08  -0.109114519   
210848.252      281170.663      1.77215601e-07  -0.194119237   
210848.252      281170.663      3.15138854e-07  -0.345281377   
210848.252      281170.663      5.60404936e-07  -0.614089899   
210848.252      281170.663      9.96556558e-07  -1.09210656    
210848.252      281170.663      1.77215601e-06  -1.94215376    
210848.252      281170.663      3.15138854e-06  -3.45377523    
210848.252      281170.663      5.60404936e-06  -6.14186068    
210848.252      281170.663      9.96556558e-06  -10.922028     
210848.252      281170.663      1.77215601e-05  -19.4225023    
210848.252      281170.663      3.15138854e-05  -34.5387241    
210848.252      281170.663      5.60404936e-05  -61.4196009    
210848.252      281170.663      9.96556558e-05  -109.221345    
281170.663      374947.105      0               1.30170785e-05 
281170.663      374947.105      1.77215601e-10  -0.000131361152
281170.663      374947.105      3.15138854e-10  -0.000243727757
281170.663      374947.105      5.60404936e-10  -0.000443546976
281170.663      374947.105      9.96556558e-10  -0.000798881378
281170.663      374947.105      1.77215601e-09  -0.00143076523 
281170.663      374947.105      3.15138854e-09  -0.00255443127 
281170.663      374947.105      5.60404936e-09  -0.00455262346 
281170.663      374947.105      9.96556558e-09  -0.00810596749 
281170.663      374947.105      1.77215601e-08  -0.014424806   
281170.663      374947.105      3.15138854e-08  -0.0256614664  
281170.663      374947.105      5.60404936e-08  -0.0456433883  
281170.663      374947.105      9.96556558e-08  -0.0811768286  
281170.663      374947.105      1.77215601e-07  -0.144365214   
281170.663      374947.105      3.15138854e-07  -0.256731818   
281170.663      374947.105      5.60404936e-07  -0.456551037   
281170.663      374947.105      9.96556558e-07  -0.81188544    
281170.663      374947.105      1.77215601e-06  -1.44376929    
281170.663      374947.105      3.15138854e-06  -2.56743534    
281170.663      374947.105      5.60404936e-06  -4.56562753    
281170.663      374947.105      9.96556558e-06  -8.11897156    
281170.663      374947.105      1.77215601e-05  -14.4378101    
281170.663      374947.105      3.15138854e-05  -25.6744706    
281170.663      374947.105      5.60404936e-05  -45.6563927    
281170.663      374947.105      9.96556558e-05  -81.1898335    
374947.105      500000          0               1.7039592e-10  
374947.105      500000          1.77215601e-10  -0.00010491439 
374947.105      500000          3.15138854e-10  -0.000186567232
374947.105      500000          5.60404936e-10  -0.0003317688  
374947.105      500000          9.96556558e-10  -0.000589977759
374947.105      500000          1.77215601e-09  -0.00104914543 
374947.105      500000          3.15138854e-09  -0.00186567386 
374947.105      500000          5.60404936e-09  -0.00331768954 
374947.105      500000          9.96556558e-09  -0.00589977912 
374947.105      500000          1.77215601e-08  -0.0104914559  
374947.105      500000          3.15138854e-08  -0.0186567401  
374947.105      500000          5.60404936e-08  -0.0331768969  
374947.105      500000          9.96556558e-08  -0.0589977928  
374947.105      500000          1.77215601e-07  -0.10491456    
374947.105      500000          3.15138854e-07  -0.186567402   
374947.105      500000          5.60404936e-07  -0.33176897    
374947.105      500000          9.96556558e-07  -0.589977929   
374947.105      500000          1.77215601e-06  -1.0491456     
374947.105      500000          3.15138854e-06  -1.86567403    
374947.105      500000          5.60404936e-06  -3.31768971    
374947.105      500000          9.96556558e-06  -5.89977929    
374947.105      500000          1.77215601e-05  -10.491456     
374947.105      500000          3.15138854e-05  -18.6567403    
374947.105      500000          5.60404936e-05  -33.1768971    
374947.105      500000          9.96556558e-05  -58.9977929    
