### /nfs/slac/g/ki/ki20/cta/mdwood/fermi/dsph_pipeline/des_dwarfs/v6/p302_6yr_source_psf0123_point_gs_jsigma0.6/results/like_canes_venatici_II.txt
#[0]emin(MeV) [1]emax(MeV) [2]eflux(MeV/cm^2/s) [3]deltaLogLike
500             666.760716      0               0.00387971436  
500             666.760716      1.77215601e-10  -0.000180163119
500             666.760716      3.15138854e-10  -0.00334681626 
500             666.760716      5.60404936e-10  -0.00899298882 
500             666.760716      9.96556558e-10  -0.0190807585  
500             666.760716      1.77215601e-09  -0.0371688131  
500             666.760716      3.15138854e-09  -0.0698040303  
500             666.760716      5.60404936e-09  -0.129311646   
500             666.760716      9.96556558e-09  -0.23972562    
500             666.760716      1.77215601e-08  -0.450243214   
500             666.760716      3.15138854e-08  -0.867567321   
500             666.760716      5.60404936e-08  -1.73635152    
500             666.760716      9.96556558e-08  -3.63925155    
500             666.760716      1.77215601e-07  -7.97726365    
500             666.760716      3.15138854e-07  -18.0561791    
500             666.760716      5.60404936e-07  -41.384781     
500             666.760716      9.96556558e-07  -94.2631615    
500             666.760716      1.77215601e-06  -210.583011    
500             666.760716      3.15138854e-06  -458.310547    
500             666.760716      5.60404936e-06  -969.867624    
500             666.760716      9.96556558e-06  -1997.30171    
500             666.760716      1.77215601e-05  -4011.20028    
500             666.760716      3.15138854e-05  -7876.60801    
500             666.760716      5.60404936e-05  -15164.7781    
500             666.760716      9.96556558e-05  -28705.2647    
666.760716      889.139705      0               0.000162857772 
666.760716      889.139705      1.77215601e-10  -0.00285654235 
666.760716      889.139705      3.15138854e-10  -0.00521946262 
666.760716      889.139705      5.60404936e-10  -0.00944937865 
666.760716      889.139705      9.96556558e-10  -0.017059431   
666.760716      889.139705      1.77215601e-09  -0.0308684813  
666.760716      889.139705      3.15138854e-09  -0.0562859187  
666.760716      889.139705      5.60404936e-09  -0.104141152   
666.760716      889.139705      9.96556558e-09  -0.197291565   
666.760716      889.139705      1.77215601e-08  -0.386680908   
666.760716      889.139705      3.15138854e-08  -0.790741378   
666.760716      889.139705      5.60404936e-08  -1.69015169    
666.760716      889.139705      9.96556558e-08  -3.74725931    
666.760716      889.139705      1.77215601e-07  -8.49325759    
666.760716      889.139705      3.15138854e-07  -19.3644282    
666.760716      889.139705      5.60404936e-07  -43.8057933    
666.760716      889.139705      9.96556558e-07  -97.3473224    
666.760716      889.139705      1.77215601e-06  -211.214296    
666.760716      889.139705      3.15138854e-06  -446.214357    
666.760716      889.139705      5.60404936e-06  -917.78611     
666.760716      889.139705      9.96556558e-06  -1840.8964     
666.760716      889.139705      1.77215601e-05  -3610.16773    
666.760716      889.139705      3.15138854e-05  -6942.48931    
666.760716      889.139705      5.60404936e-05  -13130.4715    
666.760716      889.139705      9.96556558e-05  -24492.5983    
889.139705      1185.68685      0               0.00310259998  
889.139705      1185.68685      1.77215601e-10  0.000575306851 
889.139705      1185.68685      3.15138854e-10  -0.00141039069 
889.139705      1185.68685      5.60404936e-10  -0.00498193177 
889.139705      1185.68685      9.96556558e-10  -0.011460283   
889.139705      1185.68685      1.77215601e-09  -0.0233790708  
889.139705      1185.68685      3.15138854e-09  -0.0458141754  
889.139705      1185.68685      5.60404936e-09  -0.0895244956  
889.139705      1185.68685      9.96556558e-09  -0.178754408   
889.139705      1185.68685      1.77215601e-08  -0.371002335   
889.139705      1185.68685      3.15138854e-08  -0.80614166    
889.139705      1185.68685      5.60404936e-08  -1.82162577    
889.139705      1185.68685      9.96556558e-08  -4.20121074    
889.139705      1185.68685      1.77215601e-07  -9.6703453     
889.139705      1185.68685      3.15138854e-07  -21.8366733    
889.139705      1185.68685      5.60404936e-07  -47.9587866    
889.139705      1185.68685      9.96556558e-07  -102.271372    
889.139705      1185.68685      1.77215601e-06  -212.148692    
889.139705      1185.68685      3.15138854e-06  -429.317102    
889.139705      1185.68685      5.60404936e-06  -850.021018    
889.139705      1185.68685      9.96556558e-06  -1651.08728    
889.139705      1185.68685      1.77215601e-05  -3154.19661    
889.139705      1185.68685      3.15138854e-05  -5940.25113    
889.139705      1185.68685      5.60404936e-05  -11052.8594    
889.139705      1185.68685      9.96556558e-05  -20360.2759    
1185.68685      1581.13883      0               0.000166588903 
1185.68685      1581.13883      1.77215601e-10  -0.00907623445 
1185.68685      1581.13883      3.15138854e-10  -0.0162766729  
1185.68685      1581.13883      5.60404936e-10  -0.0290960367  
1185.68685      1581.13883      9.96556558e-10  -0.0519396461  
1185.68685      1581.13883      1.77215601e-09  -0.0927103939  
1185.68685      1581.13883      3.15138854e-09  -0.165676964   
1185.68685      1581.13883      5.60404936e-09  -0.296876654   
1185.68685      1581.13883      9.96556558e-09  -0.53462078    
1185.68685      1581.13883      1.77215601e-08  -0.97072381    
1185.68685      1581.13883      3.15138854e-08  -1.78497246    
1185.68685      1581.13883      5.60404936e-08  -3.34002298    
1185.68685      1581.13883      9.96556558e-08  -6.3818298     
1185.68685      1581.13883      1.77215601e-07  -12.4473373    
1185.68685      1581.13883      3.15138854e-07  -24.6542091    
1185.68685      1581.13883      5.60404936e-07  -49.1719059    
1185.68685      1581.13883      9.96556558e-07  -97.9155079    
1185.68685      1581.13883      1.77215601e-06  -193.468601    
1185.68685      1581.13883      3.15138854e-06  -378.039006    
1185.68685      1581.13883      5.60404936e-06  -729.557796    
1185.68685      1581.13883      9.96556558e-06  -1390.32893    
1185.68685      1581.13883      1.77215601e-05  -2617.87819    
1185.68685      1581.13883      3.15138854e-05  -4875.32329    
1185.68685      1581.13883      5.60404936e-05  -8992.15343    
1185.68685      1581.13883      9.96556558e-05  -16450.2552    
1581.13883      2108.48252      0               -0.00466733087 
1581.13883      2108.48252      1.77215601e-10  -0.00414249877 
1581.13883      2108.48252      3.15138854e-10  -0.0037562388  
1581.13883      2108.48252      5.60404936e-10  -0.00311707233 
1581.13883      2108.48252      9.96556558e-10  -0.00212995062 
1581.13883      2108.48252      1.77215601e-09  -0.000839737425
1581.13883      2108.48252      3.15138854e-09  2.44015673e-05 
1581.13883      2108.48252      5.60404936e-09  -0.00274940989 
1581.13883      2108.48252      9.96556558e-09  -0.0202640729  
1581.13883      2108.48252      1.77215601e-08  -0.0864160643  
1581.13883      2108.48252      3.15138854e-08  -0.295295898   
1581.13883      2108.48252      5.60404936e-08  -0.886644697   
1581.13883      2108.48252      9.96556558e-08  -2.42612683    
1581.13883      2108.48252      1.77215601e-07  -6.16301828    
1581.13883      2108.48252      3.15138854e-07  -14.704882     
1581.13883      2108.48252      5.60404936e-07  -33.2407834    
1581.13883      2108.48252      9.96556558e-07  -71.7174757    
1581.13883      2108.48252      1.77215601e-06  -148.711723    
1581.13883      2108.48252      3.15138854e-06  -298.3522      
1581.13883      2108.48252      5.60404936e-06  -582.685777    
1581.13883      2108.48252      9.96556558e-06  -1113.71276    
1581.13883      2108.48252      1.77215601e-05  -2092.61322    
1581.13883      2108.48252      3.15138854e-05  -3879.56939    
1581.13883      2108.48252      5.60404936e-05  -7118.02283    
1581.13883      2108.48252      9.96556558e-05  -12955.7098    
2108.48252      2811.70663      0               2.71655072e-05 
2108.48252      2811.70663      1.77215601e-10  -0.00300692406 
2108.48252      2811.70663      3.15138854e-10  -0.00539816814 
2108.48252      2811.70663      5.60404936e-10  -0.00971432481 
2108.48252      2811.70663      9.96556558e-10  -0.0175882498  
2108.48252      2811.70663      1.77215601e-09  -0.0322002427  
2108.48252      2811.70663      3.15138854e-09  -0.0600185351  
2108.48252      2811.70663      5.60404936e-09  -0.114813257   
2108.48252      2811.70663      9.96556558e-09  -0.226902786   
2108.48252      2811.70663      1.77215601e-08  -0.463510651   
2108.48252      2811.70663      3.15138854e-08  -0.970274108   
2108.48252      2811.70663      5.60404936e-08  -2.05015257    
2108.48252      2811.70663      9.96556558e-08  -4.30954303    
2108.48252      2811.70663      1.77215601e-07  -8.92892316    
2108.48252      2811.70663      3.15138854e-07  -18.1574727    
2108.48252      2811.70663      5.60404936e-07  -36.2048683    
2108.48252      2811.70663      9.96556558e-07  -70.8595028    
2108.48252      2811.70663      1.77215601e-06  -136.440203    
2108.48252      2811.70663      3.15138854e-06  -259.125547    
2108.48252      2811.70663      5.60404936e-06  -486.453889    
2108.48252      2811.70663      9.96556558e-06  -904.177925    
2108.48252      2811.70663      1.77215601e-05  -1666.19024    
2108.48252      2811.70663      3.15138854e-05  -3047.72054    
2108.48252      2811.70663      5.60404936e-05  -5539.93355    
2108.48252      2811.70663      9.96556558e-05  -10018.1559    
2811.70663      3749.47105      0               -0.00250743365 
2811.70663      3749.47105      1.77215601e-10  -0.00195307875 
2811.70663      3749.47105      3.15138854e-10  -0.00156909291 
2811.70663      3749.47105      5.60404936e-10  -0.000987284488
2811.70663      3749.47105      9.96556558e-10  -0.000265024589
2811.70663      3749.47105      1.77215601e-09  6.95872604e-05 
2811.70663      3749.47105      3.15138854e-09  -0.00214329437 
2811.70663      3749.47105      5.60404936e-09  -0.0140113911  
2811.70663      3749.47105      9.96556558e-09  -0.0560367968  
2811.70663      3749.47105      1.77215601e-08  -0.180941488   
2811.70663      3749.47105      3.15138854e-08  -0.510384367   
2811.70663      3749.47105      5.60404936e-08  -1.30098543    
2811.70663      3749.47105      9.96556558e-08  -3.06325945    
2811.70663      3749.47105      1.77215601e-07  -6.78023839    
2811.70663      3749.47105      3.15138854e-07  -14.3018789    
2811.70663      3749.47105      5.60404936e-07  -29.0404806    
2811.70663      3749.47105      9.96556558e-07  -57.1985305    
2811.70663      3749.47105      1.77215601e-06  -109.961723    
2811.70663      3749.47105      3.15138854e-06  -207.445634    
2811.70663      3749.47105      5.60404936e-06  -385.794056    
2811.70663      3749.47105      9.96556558e-06  -709.864681    
2811.70663      3749.47105      1.77215601e-05  -1295.78594    
2811.70663      3749.47105      3.15138854e-05  -2351.0326     
2811.70663      3749.47105      5.60404936e-05  -4245.68182    
2811.70663      3749.47105      9.96556558e-05  -7639.15457    
3749.47105      5000            0               0.00038257898  
3749.47105      5000            1.77215601e-10  -0.00810418161 
3749.47105      5000            3.15138854e-10  -0.0147095494  
3749.47105      5000            5.60404936e-10  -0.0264563801  
3749.47105      5000            9.96556558e-10  -0.047347553   
3749.47105      5000            1.77215601e-09  -0.0845042899  
3749.47105      5000            3.15138854e-09  -0.150599507   
3749.47105      5000            5.60404936e-09  -0.26819866    
3749.47105      5000            9.96556558e-09  -0.477521299   
3749.47105      5000            1.77215601e-08  -0.850372317   
3749.47105      5000            3.15138854e-08  -1.51529815    
3749.47105      5000            5.60404936e-08  -2.7034024     
3749.47105      5000            9.96556558e-08  -4.83263222    
3749.47105      5000            1.77215601e-07  -8.66405314    
3749.47105      5000            3.15138854e-07  -15.59138      
3749.47105      5000            5.60404936e-07  -28.1705797    
3749.47105      5000            9.96556558e-07  -51.0708455    
3749.47105      5000            1.77215601e-06  -92.7619527    
3749.47105      5000            3.15138854e-06  -168.503935    
3749.47105      5000            5.60404936e-06  -305.657822    
3749.47105      5000            9.96556558e-06  -553.131238    
3749.47105      5000            1.77215601e-05  -998.176533    
3749.47105      5000            3.15138854e-05  -1796.26789    
3749.47105      5000            5.60404936e-05  -3224.26135    
3749.47105      5000            9.96556558e-05  -5774.98588    
5000            6667.60716      0               0.000217054356 
5000            6667.60716      1.77215601e-10  -0.004599704   
5000            6667.60716      3.15138854e-10  -0.00835131001 
5000            6667.60716      5.60404936e-10  -0.0150287915  
5000            6667.60716      9.96556558e-10  -0.0269223266  
5000            6667.60716      1.77215601e-09  -0.0481321542  
5000            6667.60716      3.15138854e-09  -0.08603483    
5000            6667.60716      5.60404936e-09  -0.154005044   
5000            6667.60716      9.96556558e-09  -0.276576471   
5000            6667.60716      1.77215601e-08  -0.499440133   
5000            6667.60716      3.15138854e-08  -0.909019306   
5000            6667.60716      5.60404936e-08  -1.67024534    
5000            6667.60716      9.96556558e-08  -3.09647704    
5000            6667.60716      1.77215601e-07  -5.773127      
5000            6667.60716      3.15138854e-07  -10.7732313    
5000            6667.60716      5.60404936e-07  -20.0404634    
5000            6667.60716      9.96556558e-07  -37.0801557    
5000            6667.60716      1.77215601e-06  -68.2047851    
5000            6667.60716      3.15138854e-06  -124.766019    
5000            6667.60716      5.60404936e-06  -227.136986    
5000            6667.60716      9.96556558e-06  -411.798302    
5000            6667.60716      1.77215601e-05  -743.933813    
5000            6667.60716      3.15138854e-05  -1339.81885    
5000            6667.60716      5.60404936e-05  -2406.62677    
5000            6667.60716      9.96556558e-05  -4313.22344    
6667.60716      8891.39705      0               8.88212526e-09 
6667.60716      8891.39705      1.77215601e-10  -0.0054685919  
6667.60716      8891.39705      3.15138854e-10  -0.0097247228  
6667.60716      8891.39705      5.60404936e-10  -0.0172933809  
6667.60716      8891.39705      9.96556558e-10  -0.0307527851  
6667.60716      8891.39705      1.77215601e-09  -0.0546880472  
6667.60716      8891.39705      3.15138854e-09  -0.0972537803  
6667.60716      8891.39705      5.60404936e-09  -0.172954329   
6667.60716      8891.39705      9.96556558e-09  -0.307592417   
6667.60716      8891.39705      1.77215601e-08  -0.547083628   
6667.60716      8891.39705      3.15138854e-08  -0.973175366   
6667.60716      8891.39705      5.60404936e-08  -1.73153342    
6667.60716      8891.39705      9.96556558e-08  -3.08207758    
6667.60716      8891.39705      1.77215601e-07  -5.4895601     
6667.60716      8891.39705      3.15138854e-07  -9.78727196    
6667.60716      8891.39705      5.60404936e-07  -17.4735967    
6667.60716      8891.39705      9.96556558e-07  -31.2476901    
6667.60716      8891.39705      1.77215601e-06  -55.9692092    
6667.60716      8891.39705      3.15138854e-06  -100.363868    
6667.60716      8891.39705      5.60404936e-06  -180.046795    
6667.60716      8891.39705      9.96556558e-06  -322.890564    
6667.60716      8891.39705      1.77215601e-05  -578.570382    
6667.60716      8891.39705      3.15138854e-05  -1035.54118    
6667.60716      8891.39705      5.60404936e-05  -1851.2295     
6667.60716      8891.39705      9.96556558e-05  -3305.73206    
8891.39705      11856.8685      0               5.78575055e-09 
8891.39705      11856.8685      1.77215601e-10  -0.00356273853 
8891.39705      11856.8685      3.15138854e-10  -0.00633601676 
8891.39705      11856.8685      5.60404936e-10  -0.0112686899  
8891.39705      11856.8685      9.96556558e-10  -0.0200435453  
8891.39705      11856.8685      1.77215601e-09  -0.0356577151  
8891.39705      11856.8685      3.15138854e-09  -0.0634555237  
8891.39705      11856.8685      5.60404936e-09  -0.112985873   
8891.39705      11856.8685      9.96556558e-09  -0.20136729    
8891.39705      11856.8685      1.77215601e-08  -0.35945092    
8891.39705      11856.8685      3.15138854e-08  -0.643260729   
8891.39705      11856.8685      5.60404936e-08  -1.15547675    
8891.39705      11856.8685      9.96556558e-08  -2.08579487    
8891.39705      11856.8685      1.77215601e-07  -3.78527137    
8891.39705      11856.8685      3.15138854e-07  -6.8985285     
8891.39705      11856.8685      5.60404936e-07  -12.592824     
8891.39705      11856.8685      9.96556558e-07  -22.9566656    
8891.39705      11856.8685      1.77215601e-06  -41.7075317    
8891.39705      11856.8685      3.15138854e-06  -75.4609335    
8891.39705      11856.8685      5.60404936e-06  -136.001775    
8891.39705      11856.8685      9.96556558e-06  -244.332386    
8891.39705      11856.8685      1.77215601e-05  -437.870793    
8891.39705      11856.8685      3.15138854e-05  -783.245851    
8891.39705      11856.8685      5.60404936e-05  -1399.04896    
8891.39705      11856.8685      9.96556558e-05  -2496.30357    
11856.8685      15811.3883      0               -0.176927691   
11856.8685      15811.3883      1.77215601e-10  -0.174750183   
11856.8685      15811.3883      3.15138854e-10  -0.173069102   
11856.8685      15811.3883      5.60404936e-10  -0.170108882   
11856.8685      15811.3883      9.96556558e-10  -0.16493599    
11856.8685      15811.3883      1.77215601e-09  -0.156019171   
11856.8685      15811.3883      3.15138854e-09  -0.141020243   
11856.8685      15811.3883      5.60404936e-09  -0.116883756   
11856.8685      15811.3883      9.96556558e-09  -0.081123623   
11856.8685      15811.3883      1.77215601e-08  -0.0363790183  
11856.8685      15811.3883      3.15138854e-08  -0.00170955174 
11856.8685      15811.3883      5.60404936e-08  -0.0344360174  
11856.8685      15811.3883      9.96556558e-08  -0.265783466   
11856.8685      15811.3883      1.77215601e-07  -0.957210952   
11856.8685      15811.3883      3.15138854e-07  -2.59578787    
11856.8685      15811.3883      5.60404936e-07  -6.06301756    
11856.8685      15811.3883      9.96556558e-07  -12.9356894    
11856.8685      15811.3883      1.77215601e-06  -26.0221964    
11856.8685      15811.3883      3.15138854e-06  -50.3175459    
11856.8685      15811.3883      5.60404936e-06  -94.703716     
11856.8685      15811.3883      9.96556558e-06  -174.977418    
11856.8685      15811.3883      1.77215601e-05  -319.238768    
11856.8685      15811.3883      3.15138854e-05  -577.480337    
11856.8685      15811.3883      5.60404936e-05  -1038.64756    
11856.8685      15811.3883      9.96556558e-05  -1860.98011    
15811.3883      21084.8252      0               0.00990076662  
15811.3883      21084.8252      1.77215601e-10  0.00747658555  
15811.3883      21084.8252      3.15138854e-10  0.00558989181  
15811.3883      21084.8252      5.60404936e-10  0.00223481554  
15811.3883      21084.8252      9.96556558e-10  -0.00373147163 
15811.3883      21084.8252      1.77215601e-09  -0.0143412736  
15811.3883      21084.8252      3.15138854e-09  -0.0332087069  
15811.3883      21084.8252      5.60404936e-09  -0.0667610367  
15811.3883      21084.8252      9.96556558e-09  -0.126428857   
15811.3883      21084.8252      1.77215601e-08  -0.232542482   
15811.3883      21084.8252      3.15138854e-08  -0.421265938   
15811.3883      21084.8252      5.60404936e-08  -0.7569433     
15811.3883      21084.8252      9.96556558e-08  -1.35410168    
15811.3883      21084.8252      1.77215601e-07  -2.41671846    
15811.3883      21084.8252      3.15138854e-07  -4.308435      
15811.3883      21084.8252      5.60404936e-07  -7.67837674    
15811.3883      21084.8252      9.96556558e-07  -13.6868937    
15811.3883      21084.8252      1.77215601e-06  -24.4099748    
15811.3883      21084.8252      3.15138854e-06  -43.5603687    
15811.3883      21084.8252      5.60404936e-06  -77.7673002    
15811.3883      21084.8252      9.96556558e-06  -138.84543     
15811.3883      21084.8252      1.77215601e-05  -247.825873    
15811.3883      21084.8252      3.15138854e-05  -442.127098    
15811.3883      21084.8252      5.60404936e-05  -788.313461    
15811.3883      21084.8252      9.96556558e-05  -1404.7948     
21084.8252      28117.0663      0               1.64685084e-05 
21084.8252      28117.0663      1.77215601e-10  -0.00180983199 
21084.8252      28117.0663      3.15138854e-10  -0.00323120512 
21084.8252      28117.0663      5.60404936e-10  -0.00575880597 
21084.8252      28117.0663      9.96556558e-10  -0.0102535938  
21084.8252      28117.0663      1.77215601e-09  -0.0182466052  
21084.8252      28117.0663      3.15138854e-09  -0.032460485   
21084.8252      28117.0663      5.60404936e-09  -0.0577369632  
21084.8252      28117.0663      9.96556558e-09  -0.102686325   
21084.8252      28117.0663      1.77215601e-08  -0.182621129   
21084.8252      28117.0663      3.15138854e-08  -0.324774731   
21084.8252      28117.0663      5.60404936e-08  -0.577586181   
21084.8252      28117.0663      9.96556558e-08  -1.02722658    
21084.8252      28117.0663      1.77215601e-07  -1.82703428    
21084.8252      28117.0663      3.15138854e-07  -3.24999943    
21084.8252      28117.0663      5.60404936e-07  -5.78250182    
21084.8252      28117.0663      9.96556558e-07  -10.2920981    
21084.8252      28117.0663      1.77215601e-06  -18.3285225    
21084.8252      28117.0663      3.15138854e-06  -32.6640995    
21084.8252      28117.0663      5.60404936e-06  -58.2617104    
21084.8252      28117.0663      9.96556558e-06  -103.999512    
21084.8252      28117.0663      1.77215601e-05  -185.730214    
21084.8252      28117.0663      3.15138854e-05  -331.703474    
21084.8252      28117.0663      5.60404936e-05  -592.191724    
21084.8252      28117.0663      9.96556558e-05  -1056.60177    
28117.0663      37494.7105      0               -1.78858261    
28117.0663      37494.7105      1.77215601e-10  -1.76985171    
28117.0663      37494.7105      3.15138854e-10  -1.75554762    
28117.0663      37494.7105      5.60404936e-10  -1.73067891    
28117.0663      37494.7105      9.96556558e-10  -1.68814903    
28117.0663      37494.7105      1.77215601e-09  -1.61736602    
28117.0663      37494.7105      3.15138854e-09  -1.5044929     
28117.0663      37494.7105      5.60404936e-09  -1.33545086    
28117.0663      37494.7105      9.96556558e-09  -1.10277003    
28117.0663      37494.7105      1.77215601e-08  -0.814160351   
28117.0663      37494.7105      3.15138854e-08  -0.498184756   
28117.0663      37494.7105      5.60404936e-08  -0.20649442    
28117.0663      37494.7105      9.96556558e-08  -0.0192672243  
28117.0663      37494.7105      1.77215601e-07  -0.0626886615  
28117.0663      37494.7105      3.15138854e-07  -0.54691087    
28117.0663      37494.7105      5.60404936e-07  -1.8371758     
28117.0663      37494.7105      9.96556558e-07  -4.58288757    
28117.0663      37494.7105      1.77215601e-06  -9.95156076    
28117.0663      37494.7105      3.15138854e-06  -20.0511836    
28117.0663      37494.7105      5.60404936e-06  -38.6831391    
28117.0663      37494.7105      9.96556558e-06  -72.6678008    
28117.0663      37494.7105      1.77215601e-05  -134.17507     
28117.0663      37494.7105      3.15138854e-05  -244.851694    
28117.0663      37494.7105      5.60404936e-05  -443.17114     
28117.0663      37494.7105      9.96556558e-05  -797.528963    
37494.7105      50000           0               0.000464301018 
37494.7105      50000           1.77215601e-10  0.000348397328 
37494.7105      50000           3.15138854e-10  0.000257533455 
37494.7105      50000           5.60404936e-10  9.45313379e-05 
37494.7105      50000           9.96556558e-10  -0.000199811354
37494.7105      50000           1.77215601e-09  -0.000737324776
37494.7105      50000           3.15138854e-09  -0.00173731203 
37494.7105      50000           5.60404936e-09  -0.00365284372 
37494.7105      50000           9.96556558e-09  -0.00748080741 
37494.7105      50000           1.77215601e-08  -0.0155552974  
37494.7105      50000           3.15138854e-08  -0.0335884996  
37494.7105      50000           5.60404936e-08  -0.0757123895  
37494.7105      50000           9.96556558e-08  -0.175846602   
37494.7105      50000           1.77215601e-07  -0.410056598   
37494.7105      50000           3.15138854e-07  -0.934452202   
37494.7105      50000           5.60404936e-07  -2.04420588    
37494.7105      50000           9.96556558e-07  -4.26918812    
37494.7105      50000           1.77215601e-06  -8.54291995    
37494.7105      50000           3.15138854e-06  -16.5101525    
37494.7105      50000           5.60404936e-06  -31.0820512    
37494.7105      50000           9.96556558e-06  -57.4289002    
37494.7105      50000           1.77215601e-05  -104.748672    
37494.7105      50000           3.15138854e-05  -189.413096    
37494.7105      50000           5.60404936e-05  -340.558663    
37494.7105      50000           9.96556558e-05  -610.021486    
50000           66676.0716      0               1.33519507e-09 
50000           66676.0716      1.77215601e-10  -0.000822094968
50000           66676.0716      3.15138854e-10  -0.0014619156  
50000           66676.0716      5.60404936e-10  -0.00259969545 
50000           66676.0716      9.96556558e-10  -0.00462298596 
50000           66676.0716      1.77215601e-09  -0.00822096187 
50000           66676.0716      3.15138854e-09  -0.0146191685  
50000           66676.0716      5.60404936e-09  -0.0259969683  
50000           66676.0716      9.96556558e-09  -0.0462298771  
50000           66676.0716      1.77215601e-08  -0.082209648   
50000           66676.0716      3.15138854e-08  -0.146191752   
50000           66676.0716      5.60404936e-08  -0.259969868   
50000           66676.0716      9.96556558e-08  -0.462299331   
50000           66676.0716      1.77215601e-07  -0.822098225   
50000           66676.0716      3.15138854e-07  -1.46192301    
50000           66676.0716      5.60404936e-07  -2.59971597    
50000           66676.0716      9.96556558e-07  -4.6230478     
50000           66676.0716      1.77215601e-06  -8.22115362    
50000           66676.0716      3.15138854e-06  -14.619767     
50000           66676.0716      5.60404936e-06  -25.9988305    
50000           66676.0716      9.96556558e-06  -46.2356158    
50000           66676.0716      1.77215601e-05  -82.2270302    
50000           66676.0716      3.15138854e-05  -146.242977    
50000           66676.0716      5.60404936e-05  -260.114916    
50000           66676.0716      9.96556558e-05  -462.689079    
66676.0716      88913.9705      0               9.99619942e-10 
66676.0716      88913.9705      1.77215601e-10  -0.000615482388
66676.0716      88913.9705      3.15138854e-10  -0.00109450044 
66676.0716      88913.9705      5.60404936e-10  -0.00194632837 
66676.0716      88913.9705      9.96556558e-10  -0.00346111644 
66676.0716      88913.9705      1.77215601e-09  -0.00615483288 
66676.0716      88913.9705      3.15138854e-09  -0.0109450134  
66676.0716      88913.9705      5.60404936e-09  -0.0194632927  
66676.0716      88913.9705      9.96556558e-09  -0.0346111736  
66676.0716      88913.9705      1.77215601e-08  -0.0615483383  
66676.0716      88913.9705      3.15138854e-08  -0.109450144   
66676.0716      88913.9705      5.60404936e-08  -0.194632941   
66676.0716      88913.9705      9.96556558e-08  -0.346111759   
66676.0716      88913.9705      1.77215601e-07  -0.615483437   
66676.0716      88913.9705      3.15138854e-07  -1.09450159    
66676.0716      88913.9705      5.60404936e-07  -1.94632987    
66676.0716      88913.9705      9.96556558e-07  -3.46111903    
66676.0716      88913.9705      1.77215601e-06  -6.1548389     
66676.0716      88913.9705      3.15138854e-06  -10.9450302    
66676.0716      88913.9705      5.60404936e-06  -19.4633437    
66676.0716      88913.9705      9.96556558e-06  -34.6113319    
66676.0716      88913.9705      1.77215601e-05  -61.5488331    
66676.0716      88913.9705      3.15138854e-05  -109.451685    
66676.0716      88913.9705      5.60404936e-05  -194.637699    
66676.0716      88913.9705      9.96556558e-05  -346.126212    
88913.9705      118568.685      0               0.00150495758  
88913.9705      118568.685      1.77215601e-10  0.00121009394  
88913.9705      118568.685      3.15138854e-10  0.000980588742 
88913.9705      118568.685      5.60404936e-10  0.000572423523 
88913.9705      118568.685      9.96556558e-10  -0.000153537403
88913.9705      118568.685      1.77215601e-09  -0.00144490672 
88913.9705      118568.685      3.15138854e-09  -0.00374261015 
88913.9705      118568.685      5.60404936e-09  -0.00783263015 
88913.9705      118568.685      9.96556558e-09  -0.0151186065  
88913.9705      118568.685      1.77215601e-08  -0.0281151549  
88913.9705      118568.685      3.15138854e-08  -0.0513512965  
88913.9705      118568.685      5.60404936e-08  -0.0930549985  
88913.9705      118568.685      9.96556558e-08  -0.168370786   
88913.9705      118568.685      1.77215601e-07  -0.30566483    
88913.9705      118568.685      3.15138854e-07  -0.559066411   
88913.9705      118568.685      5.60404936e-07  -1.03310346    
88913.9705      118568.685      9.96556558e-07  -1.92879069    
88913.9705      118568.685      1.77215601e-06  -3.62423296    
88913.9705      118568.685      3.15138854e-06  -6.81004499    
88913.9705      118568.685      5.60404936e-06  -12.7204858    
88913.9705      118568.685      9.96556558e-06  -23.5423721    
88913.9705      118568.685      1.77215601e-05  -43.148602     
88913.9705      118568.685      3.15138854e-05  -78.4101055    
88913.9705      118568.685      5.60404936e-05  -141.532783    
88913.9705      118568.685      9.96556558e-05  -254.213974    
118568.685      158113.883      0               0.000271264943 
118568.685      158113.883      1.77215601e-10  -7.06405875e-05
118568.685      158113.883      3.15138854e-10  -0.000336738622
118568.685      158113.883      5.60404936e-10  -0.00080993528 
118568.685      158113.883      9.96556558e-10  -0.00165141115 
118568.685      158113.883      1.77215601e-09  -0.00314779038 
118568.685      158113.883      3.15138854e-09  -0.00580877077 
118568.685      158113.883      5.60404936e-09  -0.0105407375  
118568.685      158113.883      9.96556558e-09  -0.0189554966  
118568.685      158113.883      1.77215601e-08  -0.0339192902  
118568.685      158113.883      3.15138854e-08  -0.0605290984  
118568.685      158113.883      5.60404936e-08  -0.107848779   
118568.685      158113.883      9.96556558e-08  -0.191996412   
118568.685      158113.883      1.77215601e-07  -0.341634481   
118568.685      158113.883      3.15138854e-07  -0.607732982   
118568.685      158113.883      5.60404936e-07  -1.08093111    
118568.685      158113.883      9.96556558e-07  -1.92241164    
118568.685      158113.883      1.77215601e-06  -3.41880554    
118568.685      158113.883      3.15138854e-06  -6.07983214    
118568.685      158113.883      5.60404936e-06  -10.8119439    
118568.685      158113.883      9.96556558e-06  -19.2271561    
118568.685      158113.883      1.77215601e-05  -34.192351     
118568.685      158113.883      3.15138854e-05  -60.8064246    
118568.685      158113.883      5.60404936e-05  -108.138754    
118568.685      158113.883      9.96556558e-05  -192.322412    
158113.883      210848.252      0               0.000115432324 
158113.883      210848.252      1.77215601e-10  -0.000140633658
158113.883      210848.252      3.15138854e-10  -0.000339924539
158113.883      210848.252      5.60404936e-10  -0.000694319409
158113.883      210848.252      9.96556558e-10  -0.00132453251 
158113.883      210848.252      1.77215601e-09  -0.00244522749 
158113.883      210848.252      3.15138854e-09  -0.0044381363  
158113.883      210848.252      5.60404936e-09  -0.00798208501 
158113.883      210848.252      9.96556558e-09  -0.014284216   
158113.883      210848.252      1.77215601e-08  -0.0254911658  
158113.883      210848.252      3.15138854e-08  -0.045420254   
158113.883      210848.252      5.60404936e-08  -0.080859741   
158113.883      210848.252      9.96556558e-08  -0.143881051   
158113.883      210848.252      1.77215601e-07  -0.25595055    
158113.883      210848.252      3.15138854e-07  -0.455241432   
158113.883      210848.252      5.60404936e-07  -0.809636305   
158113.883      210848.252      9.96556558e-07  -1.43984941    
158113.883      210848.252      1.77215601e-06  -2.56054442    
158113.883      210848.252      3.15138854e-06  -4.55345332    
158113.883      210848.252      5.60404936e-06  -8.09740229    
158113.883      210848.252      9.96556558e-06  -14.3995341    
158113.883      210848.252      1.77215601e-05  -25.6064866    
158113.883      210848.252      3.15138854e-05  -45.5355831    
158113.883      210848.252      5.60404936e-05  -80.9750966    
158113.883      210848.252      9.96556558e-05  -143.99649     
210848.252      281170.663      0               1.37979479e-05 
210848.252      281170.663      1.77215601e-10  -0.000177500193
210848.252      281170.663      3.15138854e-10  -0.000326383598
210848.252      281170.663      5.60404936e-10  -0.00059113989 
210848.252      281170.663      9.96556558e-10  -0.00106195055 
210848.252      281170.663      1.77215601e-09  -0.00189918346 
210848.252      281170.663      3.15138854e-09  -0.00338801751 
210848.252      281170.663      5.60404936e-09  -0.00603558043 
210848.252      281170.663      9.96556558e-09  -0.0107436871  
210848.252      281170.663      1.77215601e-08  -0.0191160162  
210848.252      281170.663      3.15138854e-08  -0.0340043566  
210848.252      281170.663      5.60404936e-08  -0.0604799859  
210848.252      281170.663      9.96556558e-08  -0.107561052   
210848.252      281170.663      1.77215601e-07  -0.191284343   
210848.252      281170.663      3.15138854e-07  -0.340167748   
210848.252      281170.663      5.60404936e-07  -0.60492404    
210848.252      281170.663      9.96556558e-07  -1.0757347     
210848.252      281170.663      1.77215601e-06  -1.91296761    
210848.252      281170.663      3.15138854e-06  -3.40180166    
210848.252      281170.663      5.60404936e-06  -6.04936459    
210848.252      281170.663      9.96556558e-06  -10.7574713    
210848.252      281170.663      1.77215601e-05  -19.1298004    
210848.252      281170.663      3.15138854e-05  -34.0181411    
210848.252      281170.663      5.60404936e-05  -60.4937711    
210848.252      281170.663      9.96556558e-05  -107.57484     
281170.663      374947.105      0               2.30921948e-10 
281170.663      374947.105      1.77215601e-10  -0.000142180939
281170.663      374947.105      3.15138854e-10  -0.000252837617
281170.663      374947.105      5.60404936e-10  -0.000449616107
281170.663      374947.105      9.96556558e-10  -0.000799543246
281170.663      374947.105      1.77215601e-09  -0.00142181147 
281170.663      374947.105      3.15138854e-09  -0.00252837824 
281170.663      374947.105      5.60404936e-09  -0.00449616315 
281170.663      374947.105      9.96556558e-09  -0.00799543454 
281170.663      374947.105      1.77215601e-08  -0.0142181168  
281170.663      374947.105      3.15138854e-08  -0.0252837845  
281170.663      374947.105      5.60404936e-08  -0.0449616336  
281170.663      374947.105      9.96556558e-08  -0.0799543475  
281170.663      374947.105      1.77215601e-07  -0.14218117    
281170.663      374947.105      3.15138854e-07  -0.252837847   
281170.663      374947.105      5.60404936e-07  -0.449616338   
281170.663      374947.105      9.96556558e-07  -0.799543477   
281170.663      374947.105      1.77215601e-06  -1.4218117     
281170.663      374947.105      3.15138854e-06  -2.52837848    
281170.663      374947.105      5.60404936e-06  -4.49616338    
281170.663      374947.105      9.96556558e-06  -7.99543477    
281170.663      374947.105      1.77215601e-05  -14.218117     
281170.663      374947.105      3.15138854e-05  -25.2837848    
281170.663      374947.105      5.60404936e-05  -44.9616338    
281170.663      374947.105      9.96556558e-05  -79.9543477    
374947.105      500000          0               0.000308377861 
374947.105      500000          1.77215601e-10  0.00020504202  
374947.105      500000          3.15138854e-10  0.000124617863 
374947.105      500000          5.60404936e-10  -1.83987597e-05
374947.105      500000          9.96556558e-10  -0.000272722275
374947.105      500000          1.77215601e-09  -0.000724980545
374947.105      500000          3.15138854e-09  -0.00152922212 
374947.105      500000          5.60404936e-09  -0.00295938834 
374947.105      500000          9.96556558e-09  -0.00550262349 
374947.105      500000          1.77215601e-08  -0.0100252062  
374947.105      500000          3.15138854e-08  -0.0180676219  
374947.105      500000          5.60404936e-08  -0.0323692842  
374947.105      500000          9.96556558e-08  -0.0578016357  
374947.105      500000          1.77215601e-07  -0.103027463   
374947.105      500000          3.15138854e-07  -0.18345162    
374947.105      500000          5.60404936e-07  -0.326468243   
374947.105      500000          9.96556558e-07  -0.580791758   
374947.105      500000          1.77215601e-06  -1.03305003    
374947.105      500000          3.15138854e-06  -1.83729161    
374947.105      500000          5.60404936e-06  -3.26745785    
374947.105      500000          9.96556558e-06  -5.81069306    
374947.105      500000          1.77215601e-05  -10.3332759    
374947.105      500000          3.15138854e-05  -18.3756922    
374947.105      500000          5.60404936e-05  -32.6773562    
374947.105      500000          9.96556558e-05  -58.1097133    
