### /nfs/slac/g/ki/ki20/cta/mdwood/fermi/dsph_pipeline/des_dwarfs/v6/p302_6yr_source_psf0123_point_gs_jsigma0.6/results/like_leo_IV.txt
#[0]emin(MeV) [1]emax(MeV) [2]eflux(MeV/cm^2/s) [3]deltaLogLike
500             666.760716      0               0.000520738449 
500             666.760716      1.77215601e-10  -0.00108609443 
500             666.760716      3.15138854e-10  -0.00234165498 
500             666.760716      5.60404936e-10  -0.00458518434 
500             666.760716      9.96556558e-10  -0.00860888716 
500             666.760716      1.77215601e-09  -0.0158716693  
500             666.760716      3.15138854e-09  -0.0291254723  
500             666.760716      5.60404936e-09  -0.0537570082  
500             666.760716      9.96556558e-09  -0.100874899   
500             666.760716      1.77215601e-08  -0.19491252    
500             666.760716      3.15138854e-08  -0.393300009   
500             666.760716      5.60404936e-08  -0.838385762   
500             666.760716      9.96556558e-08  -1.89262135    
500             666.760716      1.77215601e-07  -4.47547544    
500             666.760716      3.15138854e-07  -10.8522052    
500             666.760716      5.60404936e-07  -26.3655408    
500             666.760716      9.96556558e-07  -63.0449583    
500             666.760716      1.77215601e-06  -146.848965    
500             666.760716      3.15138854e-06  -331.734474    
500             666.760716      5.60404936e-06  -726.115517    
500             666.760716      9.96556558e-06  -1541.19404    
500             666.760716      1.77215601e-05  -3177.53978    
500             666.760716      3.15138854e-05  -6378.78151    
500             666.760716      5.60404936e-05  -12503.6466    
500             666.760716      9.96556558e-05  -24007.3554    
666.760716      889.139705      0               -0.0562763087  
666.760716      889.139705      1.77215601e-10  -0.0550992469  
666.760716      889.139705      3.15138854e-10  -0.0541916674  
666.760716      889.139705      5.60404936e-10  -0.0525960932  
666.760716      889.139705      9.96556558e-10  -0.0498166216  
666.760716      889.139705      1.77215601e-09  -0.0450562677  
666.760716      889.139705      3.15138854e-09  -0.0371632019  
666.760716      889.139705      5.60404936e-09  -0.0249123851  
666.760716      889.139705      9.96556558e-09  -0.00864198375 
666.760716      889.139705      1.77215601e-08  0.00353859705  
666.760716      889.139705      3.15138854e-08  -0.0243203382  
666.760716      889.139705      5.60404936e-08  -0.214243781   
666.760716      889.139705      9.96556558e-08  -0.927240285   
666.760716      889.139705      1.77215601e-07  -3.12702293    
666.760716      889.139705      3.15138854e-07  -9.17388628    
666.760716      889.139705      5.60404936e-07  -24.4581522    
666.760716      889.139705      9.96556558e-07  -60.6469661    
666.760716      889.139705      1.77215601e-06  -141.969291    
666.760716      889.139705      3.15138854e-06  -317.061172    
666.760716      889.139705      5.60404936e-06  -680.770617    
666.760716      889.139705      9.96556558e-06  -1413.61709    
666.760716      889.139705      1.77215601e-05  -2852.3926     
666.760716      889.139705      3.15138854e-05  -5615.61948    
666.760716      889.139705      5.60404936e-05  -10825.923     
666.760716      889.139705      9.96556558e-05  -20504.2834    
889.139705      1185.68685      0               0.00261065581  
889.139705      1185.68685      1.77215601e-10  -0.00146938498 
889.139705      1185.68685      3.15138854e-10  -0.0046512345  
889.139705      1185.68685      5.60404936e-10  -0.0103233506  
889.139705      1185.68685      9.96556558e-10  -0.0204538097  
889.139705      1185.68685      1.77215601e-09  -0.0386067115  
889.139705      1185.68685      3.15138854e-09  -0.0713213074  
889.139705      1185.68685      5.60404936e-09  -0.130851318   
889.139705      1185.68685      9.96556558e-09  -0.240902478   
889.139705      1185.68685      1.77215601e-08  -0.449364866   
889.139705      1185.68685      3.15138854e-08  -0.857937544   
889.139705      1185.68685      5.60404936e-08  -1.69245139    
889.139705      1185.68685      9.96556558e-08  -3.46704033    
889.139705      1185.68685      1.77215601e-07  -7.34916102    
889.139705      1185.68685      3.15138854e-07  -15.9217684    
889.139705      1185.68685      5.60404936e-07  -34.6880781    
889.139705      1185.68685      9.96556558e-07  -74.926462     
889.139705      1185.68685      1.77215601e-06  -158.971937    
889.139705      1185.68685      3.15138854e-06  -329.863381    
889.139705      1185.68685      5.60404936e-06  -668.878179    
889.139705      1185.68685      9.96556558e-06  -1327.2112     
889.139705      1185.68685      1.77215601e-05  -2582.70751    
889.139705      1185.68685      3.15138854e-05  -4940.80654    
889.139705      1185.68685      5.60404936e-05  -9313.74362    
889.139705      1185.68685      9.96556558e-05  -17338.6891    
1185.68685      1581.13883      0               -0.108909644   
1185.68685      1581.13883      1.77215601e-10  -0.107040724   
1185.68685      1581.13883      3.15138854e-10  -0.105598497   
1185.68685      1581.13883      5.60404936e-10  -0.103060366   
1185.68685      1581.13883      9.96556558e-10  -0.098630468   
1185.68685      1581.13883      1.77215601e-09  -0.0910152933  
1185.68685      1581.13883      3.15138854e-09  -0.0782923713  
1185.68685      1581.13883      5.60404936e-09  -0.0581983998  
1185.68685      1581.13883      9.96556558e-09  -0.0301578924  
1185.68685      1581.13883      1.77215601e-08  -0.00304357612 
1185.68685      1581.13883      3.15138854e-08  -0.0193219889  
1185.68685      1581.13883      5.60404936e-08  -0.220372836   
1185.68685      1581.13883      9.96556558e-08  -1.00273778    
1185.68685      1581.13883      1.77215601e-07  -3.3540152     
1185.68685      1581.13883      3.15138854e-07  -9.52080051    
1185.68685      1581.13883      5.60404936e-07  -24.2774137    
1185.68685      1581.13883      9.96556558e-07  -57.2776505    
1185.68685      1581.13883      1.77215601e-06  -127.353381    
1185.68685      1581.13883      3.15138854e-06  -270.306328    
1185.68685      1581.13883      5.60404936e-06  -552.955827    
1185.68685      1581.13883      9.96556558e-06  -1098.33284    
1185.68685      1581.13883      1.77215601e-05  -2130.61525    
1185.68685      1581.13883      3.15138854e-05  -4054.99486    
1185.68685      1581.13883      5.60404936e-05  -7599.5345     
1185.68685      1581.13883      9.96556558e-05  -14067.2371    
1581.13883      2108.48252      0               -0.143598019   
1581.13883      2108.48252      1.77215601e-10  -0.139229751   
1581.13883      2108.48252      3.15138854e-10  -0.135889351   
1581.13883      2108.48252      5.60404936e-10  -0.130075768   
1581.13883      2108.48252      9.96556558e-10  -0.120130183   
1581.13883      2108.48252      1.77215601e-09  -0.103644333   
1581.13883      2108.48252      3.15138854e-09  -0.0779087765  
1581.13883      2108.48252      5.60404936e-09  -0.0424142688  
1581.13883      2108.48252      9.96556558e-09  -0.0070249717  
1581.13883      2108.48252      1.77215601e-08  -0.012873786   
1581.13883      2108.48252      3.15138854e-08  -0.176749443   
1581.13883      2108.48252      5.60404936e-08  -0.773746578   
1581.13883      2108.48252      9.96556558e-08  -2.38406124    
1581.13883      2108.48252      1.77215601e-07  -6.15993755    
1581.13883      2108.48252      3.15138854e-07  -14.3271575    
1581.13883      2108.48252      5.60404936e-07  -31.1392782    
1581.13883      2108.48252      9.96556558e-07  -64.6864891    
1581.13883      2108.48252      1.77215601e-06  -130.264785    
1581.13883      2108.48252      3.15138854e-06  -256.504101    
1581.13883      2108.48252      5.60404936e-06  -496.323792    
1581.13883      2108.48252      9.96556558e-06  -946.416989    
1581.13883      2108.48252      1.77215601e-05  -1781.93181    
1581.13883      2108.48252      3.15138854e-05  -3318.18934    
1581.13883      2108.48252      5.60404936e-05  -6120.38692    
1581.13883      2108.48252      9.96556558e-05  -11198.5405    
2108.48252      2811.70663      0               0.000363983188 
2108.48252      2811.70663      1.77215601e-10  -0.00469158545 
2108.48252      2811.70663      3.15138854e-10  -0.00863991932 
2108.48252      2811.70663      5.60404936e-10  -0.0156905294  
2108.48252      2811.70663      9.96556558e-10  -0.0283203124  
2108.48252      2811.70663      1.77215601e-09  -0.0510642589  
2108.48252      2811.70663      3.15138854e-09  -0.0923788201  
2108.48252      2811.70663      5.60404936e-09  -0.168437842   
2108.48252      2811.70663      9.96556558e-09  -0.311101592   
2108.48252      2811.70663      1.77215601e-08  -0.584718833   
2108.48252      2811.70663      3.15138854e-08  -1.12040675    
2108.48252      2811.70663      5.60404936e-08  -2.18195416    
2108.48252      2811.70663      9.96556558e-08  -4.28643557    
2108.48252      2811.70663      1.77215601e-07  -8.423519      
2108.48252      2811.70663      3.15138854e-07  -16.4623733    
2108.48252      2811.70663      5.60404936e-07  -31.9134707    
2108.48252      2811.70663      9.96556558e-07  -61.3411171    
2108.48252      2811.70663      1.77215601e-06  -116.942299    
2108.48252      2811.70663      3.15138854e-06  -221.200995    
2108.48252      2811.70663      5.60404936e-06  -415.23004     
2108.48252      2811.70663      9.96556558e-06  -773.638509    
2108.48252      2811.70663      1.77215601e-05  -1430.92101    
2108.48252      2811.70663      3.15138854e-05  -2628.25541    
2108.48252      2811.70663      5.60404936e-05  -4796.61944    
2108.48252      2811.70663      9.96556558e-05  -8704.66192    
2811.70663      3749.47105      0               1.13723218e-08 
2811.70663      3749.47105      1.77215601e-10  -0.00700418763 
2811.70663      3749.47105      3.15138854e-10  -0.0124580462  
2811.70663      3749.47105      5.60404936e-10  -0.0221622107  
2811.70663      3749.47105      9.96556558e-10  -0.0394368108  
2811.70663      3749.47105      1.77215601e-09  -0.0702119996  
2811.70663      3749.47105      3.15138854e-09  -0.125113977   
2811.70663      3749.47105      5.60404936e-09  -0.223285756   
2811.70663      3749.47105      9.96556558e-09  -0.399503652   
2811.70663      3749.47105      1.77215601e-08  -0.717706687   
2811.70663      3749.47105      3.15138854e-08  -1.29718577    
2811.70663      3749.47105      5.60404936e-08  -2.36351554    
2811.70663      3749.47105      9.96556558e-08  -4.34595294    
2811.70663      3749.47105      1.77215601e-07  -8.05794548    
2811.70663      3749.47105      3.15138854e-07  -15.0236664    
2811.70663      3749.47105      5.60404936e-07  -28.0665768    
2811.70663      3749.47105      9.96556558e-07  -52.3773788    
2811.70663      3749.47105      1.77215601e-06  -97.455135     
2811.70663      3749.47105      3.15138854e-06  -180.612652    
2811.70663      3749.47105      5.60404936e-06  -333.247916    
2811.70663      3749.47105      9.96556558e-06  -611.995401    
2811.70663      3749.47105      1.77215601e-05  -1118.51553    
2811.70663      3749.47105      3.15138854e-05  -2034.61957    
2811.70663      3749.47105      5.60404936e-05  -3684.68034    
2811.70663      3749.47105      9.96556558e-05  -6646.63969    
3749.47105      5000            0               3.50192731e-05 
3749.47105      5000            1.77215601e-10  -0.00384974828 
3749.47105      5000            3.15138854e-10  -0.00687493137 
3749.47105      5000            5.60404936e-10  -0.0122583258  
3749.47105      5000            9.96556558e-10  -0.0218434057  
3749.47105      5000            1.77215601e-09  -0.0389258059  
3749.47105      5000            3.15138854e-09  -0.0694205     
3749.47105      5000            5.60404936e-09  -0.124014313   
3749.47105      5000            9.96556558e-09  -0.222223825   
3749.47105      5000            1.77215601e-08  -0.400272326   
3749.47105      5000            3.15138854e-08  -0.726871085   
3749.47105      5000            5.60404936e-08  -1.33556302    
3749.47105      5000            9.96556558e-08  -2.49107239    
3749.47105      5000            1.77215601e-07  -4.7220972     
3749.47105      5000            3.15138854e-07  -9.07652182    
3749.47105      5000            5.60404936e-07  -17.5912467    
3749.47105      5000            9.96556558e-07  -34.127447     
3749.47105      5000            1.77215601e-06  -65.8345201    
3749.47105      5000            3.15138854e-06  -125.733992    
3749.47105      5000            5.60404936e-06  -237.324679    
3749.47105      5000            9.96556558e-06  -442.807045    
3749.47105      5000            1.77215601e-05  -817.748331    
3749.47105      5000            3.15138854e-05  -1497.19406    
3749.47105      5000            5.60404936e-05  -2722.10783    
3749.47105      5000            9.96556558e-05  -4921.90764    
5000            6667.60716      0               8.14452505e-09 
5000            6667.60716      1.77215601e-10  -0.00501489466 
5000            6667.60716      3.15138854e-10  -0.00891841483 
5000            6667.60716      5.60404936e-10  -0.0158610969  
5000            6667.60716      9.96556558e-10  -0.0282106989  
5000            6667.60716      1.77215601e-09  -0.0501829973  
5000            6667.60716      3.15138854e-09  -0.089291227   
5000            6667.60716      5.60404936e-09  -0.158946978   
5000            6667.60716      9.96556558e-09  -0.283155938   
5000            6667.60716      1.77215601e-08  -0.505074176   
5000            6667.60716      3.15138854e-08  -0.902788944   
5000            6667.60716      5.60404936e-08  -1.61878239    
5000            6667.60716      9.96556558e-08  -2.91525949    
5000            6667.60716      1.77215601e-07  -5.27723072    
5000            6667.60716      3.15138854e-07  -9.60082473    
5000            6667.60716      5.60404936e-07  -17.5315061    
5000            6667.60716      9.96556558e-07  -32.0690774    
5000            6667.60716      1.77215601e-06  -58.6511469    
5000            6667.60716      3.15138854e-06  -107.091655    
5000            6667.60716      5.60404936e-06  -195.044243    
5000            6667.60716      9.96556558e-06  -354.172798    
5000            6667.60716      1.77215601e-05  -641.110833    
5000            6667.60716      3.15138854e-05  -1156.9189     
5000            6667.60716      5.60404936e-05  -2081.66637    
5000            6667.60716      9.96556558e-05  -3735.92276    
6667.60716      8891.39705      0               6.80233825e-09 
6667.60716      8891.39705      1.77215601e-10  -0.00418823402 
6667.60716      8891.39705      3.15138854e-10  -0.00744799304 
6667.60716      8891.39705      5.60404936e-10  -0.0132450523  
6667.60716      8891.39705      9.96556558e-10  -0.0235547816  
6667.60716      8891.39705      1.77215601e-09  -0.0418913222  
6667.60716      8891.39705      3.15138854e-09  -0.0745081493  
6667.60716      8891.39705      5.60404936e-09  -0.132539335   
6667.60716      8891.39705      9.96556558e-09  -0.235826906   
6667.60716      8891.39705      1.77215601e-08  -0.419786674   
6667.60716      8891.39705      3.15138854e-08  -0.747794575   
6667.60716      8891.39705      5.60404936e-08  -1.3337125     
6667.60716      8891.39705      9.96556558e-08  -2.38324271    
6667.60716      8891.39705      1.77215601e-07  -4.27039893    
6667.60716      8891.39705      3.15138854e-07  -7.67877145    
6667.60716      8891.39705      5.60404936e-07  -13.8592907    
6667.60716      8891.39705      9.96556558e-07  -25.0928194    
6667.60716      8891.39705      1.77215601e-06  -45.5136918    
6667.60716      8891.39705      3.15138854e-06  -82.5793845    
6667.60716      8891.39705      5.60404936e-06  -149.698908    
6667.60716      8891.39705      9.96556558e-06  -270.918216    
6667.60716      8891.39705      1.77215601e-05  -489.239877    
6667.60716      8891.39705      3.15138854e-05  -881.383476    
6667.60716      8891.39705      5.60404936e-05  -1584.00629    
6667.60716      8891.39705      9.96556558e-05  -2840.34241    
8891.39705      11856.8685      0               5.21481525e-09 
8891.39705      11856.8685      1.77215601e-10  -0.0032110398  
8891.39705      11856.8685      3.15138854e-10  -0.00571021237 
8891.39705      11856.8685      5.60404936e-10  -0.0101546175  
8891.39705      11856.8685      9.96556558e-10  -0.0180585741  
8891.39705      11856.8685      1.77215601e-09  -0.0321157943  
8891.39705      11856.8685      3.15138854e-09  -0.0571190679  
8891.39705      11856.8685      5.60404936e-09  -0.101599549   
8891.39705      11856.8685      9.96556558e-09  -0.180753826   
8891.39705      11856.8685      1.77215601e-08  -0.321686048   
8891.39705      11856.8685      3.15138854e-08  -0.572842231   
8891.39705      11856.8685      5.60404936e-08  -1.02111802    
8891.39705      11856.8685      9.96556558e-08  -1.8232044     
8891.39705      11856.8685      1.77215601e-07  -3.2636715     
8891.39705      11856.8685      3.15138854e-07  -5.86328079    
8891.39705      11856.8685      5.60404936e-07  -10.5794763    
8891.39705      11856.8685      9.96556558e-07  -19.1685779    
8891.39705      11856.8685      1.77215601e-06  -34.8221303    
8891.39705      11856.8685      3.15138854e-06  -63.2757302    
8891.39705      11856.8685      5.60404936e-06  -114.76685     
8891.39705      11856.8685      9.96556558e-06  -207.53369     
8891.39705      11856.8685      1.77215601e-05  -374.069284    
8891.39705      11856.8685      3.15138854e-05  -672.254162    
8891.39705      11856.8685      5.60404936e-05  -1205.13467    
8891.39705      11856.8685      9.96556558e-05  -2156.07554    
11856.8685      15811.3883      0               4.29463398e-09 
11856.8685      15811.3883      1.77215601e-10  -0.00264430804 
11856.8685      15811.3883      3.15138854e-10  -0.00470233913 
11856.8685      15811.3883      5.60404936e-10  -0.00836213073 
11856.8685      15811.3883      9.96556558e-10  -0.0148703807  
11856.8685      15811.3883      1.77215601e-09  -0.02644424    
11856.8685      15811.3883      3.15138854e-09  -0.0470269719  
11856.8685      15811.3883      5.60404936e-09  -0.0836325308  
11856.8685      15811.3883      9.96556558e-09  -0.148739127   
11856.8685      15811.3883      1.77215601e-08  -0.264553514   
11856.8685      15811.3883      3.15138854e-08  -0.470618275   
11856.8685      15811.3883      5.60404936e-08  -0.83741243    
11856.8685      15811.3883      9.96556558e-08  -1.49074785    
11856.8685      15811.3883      1.77215601e-07  -2.6557244     
11856.8685      15811.3883      3.15138854e-07  -4.73627885    
11856.8685      15811.3883      5.60404936e-07  -8.45941576    
11856.8685      15811.3883      9.96556558e-07  -15.1356861    
11856.8685      15811.3883      1.77215601e-06  -27.1254416    
11856.8685      15811.3883      3.15138854e-06  -48.667734     
11856.8685      15811.3883      5.60404936e-06  -87.3544842    
11856.8685      15811.3883      9.96556558e-06  -156.761372    
11856.8685      15811.3883      1.77215601e-05  -281.146114    
11856.8685      15811.3883      3.15138854e-05  -503.816452    
11856.8685      15811.3883      5.60404936e-05  -901.990313    
11856.8685      15811.3883      9.96556558e-05  -1613.17131    
15811.3883      21084.8252      0               3.2285925e-09  
15811.3883      21084.8252      1.77215601e-10  -0.00198783304 
15811.3883      21084.8252      3.15138854e-10  -0.00353493446 
15811.3883      21084.8252      5.60404936e-10  -0.00628613338 
15811.3883      21084.8252      9.96556558e-10  -0.011178598   
15811.3883      21084.8252      1.77215601e-09  -0.0198789699  
15811.3883      21084.8252      3.15138854e-09  -0.0353513032  
15811.3883      21084.8252      5.60404936e-09  -0.0628674595  
15811.3883      21084.8252      9.96556558e-09  -0.11180526    
15811.3883      21084.8252      1.77215601e-08  -0.198850448   
15811.3883      21084.8252      3.15138854e-08  -0.353704201   
15811.3883      21084.8252      5.60404936e-08  -0.6292742     
15811.3883      21084.8252      9.96556558e-08  -1.11992195    
15811.3883      21084.8252      1.77215601e-07  -1.99427165    
15811.3883      21084.8252      3.15138854e-07  -3.55452334    
15811.3883      21084.8252      5.60404936e-07  -6.34424248    
15811.3883      21084.8252      9.96556558e-07  -11.3444968    
15811.3883      21084.8252      1.77215601e-06  -20.3283025    
15811.3883      21084.8252      3.15138854e-06  -36.4923697    
15811.3883      21084.8252      5.60404936e-06  -65.5712602    
15811.3883      21084.8252      9.96556558e-06  -117.803951    
15811.3883      21084.8252      1.77215601e-05  -211.426061    
15811.3883      21084.8252      3.15138854e-05  -378.885699    
15811.3883      21084.8252      5.60404936e-05  -677.899833    
15811.3883      21084.8252      9.96556558e-05  -1211.11511    
21084.8252      28117.0663      0               1.44097219e-05 
21084.8252      28117.0663      1.77215601e-10  -0.00158357891 
21084.8252      28117.0663      3.15138854e-10  -0.0028272621  
21084.8252      28117.0663      5.60404936e-10  -0.00503888166 
21084.8252      28117.0663      9.96556558e-10  -0.00897176974 
21084.8252      28117.0663      1.77215601e-09  -0.015965577   
21084.8252      28117.0663      3.15138854e-09  -0.0284026262  
21084.8252      28117.0663      5.60404936e-09  -0.0505195081  
21084.8252      28117.0663      9.96556558e-09  -0.0898505574  
21084.8252      28117.0663      1.77215601e-08  -0.159795475   
21084.8252      28117.0663      3.15138854e-08  -0.284187541   
21084.8252      28117.0663      5.60404936e-08  -0.5054242     
21084.8252      28117.0663      9.96556558e-08  -0.89894707    
21084.8252      28117.0663      1.77215601e-07  -1.59905607    
21084.8252      28117.0663      3.15138854e-07  -2.84500004    
21084.8252      28117.0663      5.60404936e-07  -5.06343592    
21084.8252      28117.0663      9.96556558e-07  -9.01623472    
21084.8252      28117.0663      1.77215601e-06  -16.0655082    
21084.8252      28117.0663      3.15138854e-06  -28.6474221    
21084.8252      28117.0663      5.60404936e-06  -51.1145108    
21084.8252      28117.0663      9.96556558e-06  -91.2270905    
21084.8252      28117.0663      1.77215601e-05  -162.796284    
21084.8252      28117.0663      3.15138854e-05  -290.38242     
21084.8252      28117.0663      5.60404936e-05  -517.659551    
21084.8252      28117.0663      9.96556558e-05  -922.302964    
28117.0663      37494.7105      0               1.92090965e-09 
28117.0663      37494.7105      1.77215601e-10  -0.00118272509 
28117.0663      37494.7105      3.15138854e-10  -0.0021032207  
28117.0663      37494.7105      5.60404936e-10  -0.00374012675 
28117.0663      37494.7105      9.96556558e-10  -0.00665102725 
28117.0663      37494.7105      1.77215601e-09  -0.0118274981  
28117.0663      37494.7105      3.15138854e-09  -0.0210329512  
28117.0663      37494.7105      5.60404936e-09  -0.0374035817  
28117.0663      37494.7105      9.96556558e-09  -0.0665175448  
28117.0663      37494.7105      1.77215601e-08  -0.118297893   
28117.0663      37494.7105      3.15138854e-08  -0.21040166    
28117.0663      37494.7105      5.60404936e-08  -0.374262443   
28117.0663      37494.7105      9.96556558e-08  -0.665883838   
28117.0663      37494.7105      1.77215601e-07  -1.1851743     
28117.0663      37494.7105      3.15138854e-07  -2.11072176    
28117.0663      37494.7105      5.60404936e-07  -3.76261961    
28117.0663      37494.7105      9.96556558e-07  -6.71628916    
28117.0663      37494.7105      1.77215601e-06  -12.0081908    
28117.0663      37494.7105      3.15138854e-06  -21.5042855    
28117.0663      37494.7105      5.60404936e-06  -38.5532669    
28117.0663      37494.7105      9.96556558e-06  -69.1401159    
28117.0663      37494.7105      1.77215601e-05  -123.927782    
28117.0663      37494.7105      3.15138854e-05  -221.881466    
28117.0663      37494.7105      5.60404936e-05  -396.713037    
28117.0663      37494.7105      9.96556558e-05  -708.347794    
37494.7105      50000           0               1.50146207e-09 
37494.7105      50000           1.77215601e-10  -0.000924448412
37494.7105      50000           3.15138854e-10  -0.00164392988 
37494.7105      50000           5.60404936e-10  -0.0029233714  
37494.7105      50000           9.96556558e-10  -0.00519858367 
37494.7105      50000           1.77215601e-09  -0.00924457129 
37494.7105      50000           3.15138854e-09  -0.0164395452  
37494.7105      50000           5.60404936e-09  -0.0292344637  
37494.7105      50000           9.96556558e-09  -0.0519881764  
37494.7105      50000           1.77215601e-08  -0.092453073   
37494.7105      50000           3.15138854e-08  -0.164418644   
37494.7105      50000           5.60404936e-08  -0.292417649   
37494.7105      50000           9.96556558e-08  -0.520110965   
37494.7105      50000           1.77215601e-07  -0.925246371   
37494.7105      50000           3.15138854e-07  -1.64639995    
37494.7105      50000           5.60404936e-07  -2.93091445    
37494.7105      50000           9.96556558e-07  -5.22109058    
37494.7105      50000           1.77215601e-06  -9.30935953    
37494.7105      50000           3.15138854e-06  -16.6168195    
37494.7105      50000           5.60404936e-06  -29.6893892    
37494.7105      50000           9.96556558e-06  -53.0751514    
37494.7105      50000           1.77215601e-05  -94.8745857    
37494.7105      50000           3.15138854e-05  -169.491387    
37494.7105      50000           5.60404936e-05  -302.528477    
37494.7105      50000           9.96556558e-05  -539.504868    
50000           66676.0716      0               1.07803544e-09 
50000           66676.0716      1.77215601e-10  -0.000663762209
50000           66676.0716      3.15138854e-10  -0.00118035782 
50000           66676.0716      5.60404936e-10  -0.00209901415 
50000           66676.0716      9.96556558e-10  -0.00373265757 
50000           66676.0716      1.77215601e-09  -0.00663778196 
50000           66676.0716      3.15138854e-09  -0.0118040626  
50000           66676.0716      5.60404936e-09  -0.0209916516  
50000           66676.0716      9.96556558e-09  -0.0373313252  
50000           66676.0716      1.77215601e-08  -0.0663927901  
50000           66676.0716      3.15138854e-08  -0.118087791   
50000           66676.0716      5.60404936e-08  -0.210064783   
50000           66676.0716      9.96556558e-08  -0.373777331   
50000           66676.0716      1.77215601e-07  -0.665369409   
50000           66676.0716      3.15138854e-07  -1.18529719    
50000           66676.0716      5.60404936e-07  -2.11390447    
50000           66676.0716      9.96556558e-07  -3.77618955    
50000           66676.0716      1.77215601e-06  -6.75945443    
50000           66676.0716      3.15138854e-06  -12.1245221    
50000           66676.0716      5.60404936e-06  -21.7790297    
50000           66676.0716      9.96556558e-06  -39.1327228    
50000           66676.0716      1.77215601e-05  -70.2546389    
50000           66676.0716      3.15138854e-05  -125.932566    
50000           66676.0716      5.60404936e-05  -225.346444    
50000           66676.0716      9.96556558e-05  -402.612995    
66676.0716      88913.9705      0               8.76426043e-10 
66676.0716      88913.9705      1.77215601e-10  -0.000539623082
66676.0716      88913.9705      3.15138854e-10  -0.000959601299
66676.0716      88913.9705      5.60404936e-10  -0.00170643992 
66676.0716      88913.9705      9.96556558e-10  -0.00303452766 
66676.0716      88913.9705      1.77215601e-09  -0.00539623877 
66676.0716      88913.9705      3.15138854e-09  -0.00959602108 
66676.0716      88913.9705      5.60404936e-09  -0.0170644077  
66676.0716      88913.9705      9.96556558e-09  -0.0303452865  
66676.0716      88913.9705      1.77215601e-08  -0.0539624018  
66676.0716      88913.9705      3.15138854e-08  -0.0959602383  
66676.0716      88913.9705      5.60404936e-08  -0.170644147   
66676.0716      88913.9705      9.96556558e-08  -0.303453069   
66676.0716      88913.9705      1.77215601e-07  -0.539624648   
66676.0716      88913.9705      3.15138854e-07  -0.959604356   
66676.0716      88913.9705      5.60404936e-07  -1.70644768    
66676.0716      88913.9705      9.96556558e-07  -3.03455029    
66676.0716      88913.9705      1.77215601e-06  -5.3963082     
66676.0716      88913.9705      3.15138854e-06  -9.59623746    
66676.0716      88913.9705      5.60404936e-06  -17.065083     
66676.0716      88913.9705      9.96556558e-06  -30.347382     
66676.0716      88913.9705      1.77215601e-05  -53.9688231    
66676.0716      88913.9705      3.15138854e-05  -95.9795019    
66676.0716      88913.9705      5.60404936e-05  -170.700056    
66676.0716      88913.9705      9.96556558e-05  -303.607825    
88913.9705      118568.685      0               6.54900134e-10 
88913.9705      118568.685      1.77215601e-10  -0.000403230845
88913.9705      118568.685      3.15138854e-10  -0.000717057619
88913.9705      118568.685      5.60404936e-10  -0.00127512931 
88913.9705      118568.685      9.96556558e-10  -0.00226753671 
88913.9705      118568.685      1.77215601e-09  -0.00403231437 
88913.9705      118568.685      3.15138854e-09  -0.00717058218 
88913.9705      118568.685      5.60404936e-09  -0.0127512993  
88913.9705      118568.685      9.96556558e-09  -0.022675374   
88913.9705      118568.685      1.77215601e-08  -0.0403231527  
88913.9705      118568.685      3.15138854e-08  -0.0717058375  
88913.9705      118568.685      5.60404936e-08  -0.12751303    
88913.9705      118568.685      9.96556558e-08  -0.226753844   
88913.9705      118568.685      1.77215601e-07  -0.403231843   
88913.9705      118568.685      3.15138854e-07  -0.717059362   
88913.9705      118568.685      5.60404936e-07  -1.27513341    
88913.9705      118568.685      9.96556558e-07  -2.26754823    
88913.9705      118568.685      1.77215601e-06  -4.03234932    
88913.9705      118568.685      3.15138854e-06  -7.1706909     
88913.9705      118568.685      5.60404936e-06  -12.7516396    
88913.9705      118568.685      9.96556558e-06  -22.6764371    
88913.9705      118568.685      1.77215601e-05  -40.3264507    
88913.9705      118568.685      3.15138854e-05  -71.7159344    
88913.9705      118568.685      5.60404936e-05  -127.543282    
88913.9705      118568.685      9.96556558e-05  -226.841545    
118568.685      158113.883      0               7.97566472e-06 
118568.685      158113.883      1.77215601e-10  -0.000286884151
118568.685      158113.883      3.15138854e-10  -0.000516367492
118568.685      158113.883      5.60404936e-10  -0.000924453029
118568.685      158113.883      9.96556558e-10  -0.00165014326 
118568.685      158113.883      1.77215601e-09  -0.00294062362 
118568.685      158113.883      3.15138854e-09  -0.00523545945 
118568.685      158113.883      5.60404936e-09  -0.00931632249 
118568.685      158113.883      9.96556558e-09  -0.016573249   
118568.685      158113.883      1.77215601e-08  -0.0294781292  
118568.685      158113.883      3.15138854e-08  -0.0524267299  
118568.685      158113.883      5.60404936e-08  -0.093236126   
118568.685      158113.883      9.96556558e-08  -0.16580781    
118568.685      158113.883      1.77215601e-07  -0.294864248   
118568.685      158113.883      3.15138854e-07  -0.524374322   
118568.685      158113.883      5.60404936e-07  -0.932543958   
118568.685      158113.883      9.96556558e-07  -1.65849769    
118568.685      158113.883      1.77215601e-06  -2.94979799    
118568.685      158113.883      3.15138854e-06  -5.24715503    
118568.685      158113.883      5.60404936e-06  -9.33561866    
118568.685      158113.883      9.96556558e-06  -16.6147477    
118568.685      158113.883      1.77215601e-05  -29.5815197    
118568.685      158113.883      3.15138854e-05  -52.6921278    
118568.685      158113.883      5.60404936e-05  -93.8951944    
118568.685      158113.883      9.96556558e-05  -167.353459    
158113.883      210848.252      0               3.65286468e-10 
158113.883      210848.252      1.77215601e-10  -0.000224909604
158113.883      210848.252      3.15138854e-10  -0.000399952402
158113.883      210848.252      5.60404936e-10  -0.000711227406
158113.883      210848.252      9.96556558e-10  -0.00126476134 
158113.883      210848.252      1.77215601e-09  -0.00224909933 
158113.883      210848.252      3.15138854e-09  -0.00399952731 
158113.883      210848.252      5.60404936e-09  -0.00711227735 
158113.883      210848.252      9.96556558e-09  -0.0126476166  
158113.883      210848.252      1.77215601e-08  -0.0224909966  
158113.883      210848.252      3.15138854e-08  -0.0399952764  
158113.883      210848.252      5.60404936e-08  -0.0711227767  
158113.883      210848.252      9.96556558e-08  -0.12647617    
158113.883      210848.252      1.77215601e-07  -0.224909969   
158113.883      210848.252      3.15138854e-07  -0.399952767   
158113.883      210848.252      5.60404936e-07  -0.711227771   
158113.883      210848.252      9.96556558e-07  -1.2647617     
158113.883      210848.252      1.77215601e-06  -2.24909969    
158113.883      210848.252      3.15138854e-06  -3.99952767    
158113.883      210848.252      5.60404936e-06  -7.11227771    
158113.883      210848.252      9.96556558e-06  -12.647617     
158113.883      210848.252      1.77215601e-05  -22.4909969    
158113.883      210848.252      3.15138854e-05  -39.9952767    
158113.883      210848.252      5.60404936e-05  -71.1227771    
158113.883      210848.252      9.96556558e-05  -126.47617     
210848.252      281170.663      0               0.000106036525 
210848.252      281170.663      1.77215601e-10  -6.19801338e-05
210848.252      281170.663      3.15138854e-10  -0.00019274404 
210848.252      281170.663      5.60404936e-10  -0.000425278801
210848.252      281170.663      9.96556558e-10  -0.000838790579
210848.252      281170.663      1.77215601e-09  -0.00157413006 
210848.252      281170.663      3.15138854e-09  -0.00288176912 
210848.252      281170.663      5.60404936e-09  -0.00520711673 
210848.252      281170.663      9.96556558e-09  -0.00934223451 
210848.252      281170.663      1.77215601e-08  -0.0166956293  
210848.252      281170.663      3.15138854e-08  -0.0297720199  
210848.252      281170.663      5.60404936e-08  -0.053025496   
210848.252      281170.663      9.96556558e-08  -0.0943766738  
210848.252      281170.663      1.77215601e-07  -0.167910622   
210848.252      281170.663      3.15138854e-07  -0.298674528   
210848.252      281170.663      5.60404936e-07  -0.531209289   
210848.252      281170.663      9.96556558e-07  -0.944721068   
210848.252      281170.663      1.77215601e-06  -1.68006055    
210848.252      281170.663      3.15138854e-06  -2.98769962    
210848.252      281170.663      5.60404936e-06  -5.31304725    
210848.252      281170.663      9.96556558e-06  -9.44816512    
210848.252      281170.663      1.77215601e-05  -16.8015602    
210848.252      281170.663      3.15138854e-05  -29.8779516    
210848.252      281170.663      5.60404936e-05  -53.1314303    
210848.252      281170.663      9.96556558e-05  -94.4826164    
281170.663      374947.105      0               2.02717843e-10 
281170.663      374947.105      1.77215601e-10  -0.000124816576
281170.663      374947.105      3.15138854e-10  -0.000221958904
281170.663      374947.105      5.60404936e-10  -0.000394705107
281170.663      374947.105      9.96556558e-10  -0.000701896123
281170.663      374947.105      1.77215601e-09  -0.00124816758 
281170.663      374947.105      3.15138854e-09  -0.00221959087 
281170.663      374947.105      5.60404936e-09  -0.0039470529  
281170.663      374947.105      9.96556558e-09  -0.00701896306 
281170.663      374947.105      1.77215601e-08  -0.0124816776  
281170.663      374947.105      3.15138854e-08  -0.0221959105  
281170.663      374947.105      5.60404936e-08  -0.0394705308  
281170.663      374947.105      9.96556558e-08  -0.0701896324  
281170.663      374947.105      1.77215601e-07  -0.124816778   
281170.663      374947.105      3.15138854e-07  -0.221959107   
281170.663      374947.105      5.60404936e-07  -0.39470531    
281170.663      374947.105      9.96556558e-07  -0.701896326   
281170.663      374947.105      1.77215601e-06  -1.24816778    
281170.663      374947.105      3.15138854e-06  -2.21959107    
281170.663      374947.105      5.60404936e-06  -3.9470531     
281170.663      374947.105      9.96556558e-06  -7.01896326    
281170.663      374947.105      1.77215601e-05  -12.4816779    
281170.663      374947.105      3.15138854e-05  -22.1959107    
281170.663      374947.105      5.60404936e-05  -39.4705311    
281170.663      374947.105      9.96556558e-05  -70.1896329    
374947.105      500000          0               0.000243351152 
374947.105      500000          1.77215601e-10  0.000152775203 
374947.105      500000          3.15138854e-10  8.2281806e-05  
374947.105      500000          5.60404936e-10  -4.30751498e-05
374947.105      500000          9.96556558e-10  -0.000265994843
374947.105      500000          1.77215601e-09  -0.000662408344
374947.105      500000          3.15138854e-09  -0.00136734231 
374947.105      500000          5.60404936e-09  -0.00262091187 
374947.105      500000          9.96556558e-09  -0.0048501088  
374947.105      500000          1.77215601e-08  -0.00881424381 
374947.105      500000          3.15138854e-08  -0.0158635835  
374947.105      500000          5.60404936e-08  -0.0283992791  
374947.105      500000          9.96556558e-08  -0.0506912484  
374947.105      500000          1.77215601e-07  -0.0903325985  
374947.105      500000          3.15138854e-07  -0.160825995   
374947.105      500000          5.60404936e-07  -0.286182951   
374947.105      500000          9.96556558e-07  -0.509102645   
374947.105      500000          1.77215601e-06  -0.905516147   
374947.105      500000          3.15138854e-06  -1.61045012    
374947.105      500000          5.60404936e-06  -2.86401969    
374947.105      500000          9.96556558e-06  -5.09321666    
374947.105      500000          1.77215601e-05  -9.05735179    
374947.105      500000          3.15138854e-05  -16.1066918    
374947.105      500000          5.60404936e-05  -28.6423886    
374947.105      500000          9.96556558e-05  -50.9343617    
