### /nfs/slac/g/ki/ki20/cta/mdwood/fermi/dsph_pipeline/des_dwarfs/v6/p302_6yr_source_psf0123_point_gs_jsigma0.6/results/like_bootes_III.txt
#[0]emin(MeV) [1]emax(MeV) [2]eflux(MeV/cm^2/s) [3]deltaLogLike
500             666.760716      0               -0.625202185   
500             666.760716      1.77215601e-10  -0.620903408   
500             666.760716      3.15138854e-10  -0.617569416   
500             666.760716      5.60404936e-10  -0.611665818   
500             666.760716      9.96556558e-10  -0.601246984   
500             666.760716      1.77215601e-09  -0.582969519   
500             666.760716      3.15138854e-09  -0.551252509   
500             666.760716      5.60404936e-09  -0.497303945   
500             666.760716      9.96556558e-09  -0.40895984    
500             666.760716      1.77215601e-08  -0.274988771   
500             666.760716      3.15138854e-08  -0.105454772   
500             666.760716      5.60404936e-08  -0.000251283789
500             666.760716      9.96556558e-08  -0.343869648   
500             666.760716      1.77215601e-07  -2.29363903    
500             666.760716      3.15138854e-07  -8.887368      
500             666.760716      5.60404936e-07  -27.3758963    
500             666.760716      9.96556558e-07  -73.8690057    
500             666.760716      1.77215601e-06  -182.193854    
500             666.760716      3.15138854e-06  -420.285881    
500             666.760716      5.60404936e-06  -920.010446    
500             666.760716      9.96556558e-06  -1930.89106    
500             666.760716      1.77215601e-05  -3916.24126    
500             666.760716      3.15138854e-05  -7724.38131    
500             666.760716      5.60404936e-05  -14892.8008    
500             666.760716      9.96556558e-05  -28187.6663    
666.760716      889.139705      0               -2.10668748    
666.760716      889.139705      1.77215601e-10  -2.0962619     
666.760716      889.139705      3.15138854e-10  -2.08817216    
666.760716      889.139705      5.60404936e-10  -2.07383863    
666.760716      889.139705      9.96556558e-10  -2.04851432    
666.760716      889.139705      1.77215601e-09  -2.00399746    
666.760716      889.139705      3.15138854e-09  -1.92644667    
666.760716      889.139705      5.60404936e-09  -1.79352103    
666.760716      889.139705      9.96556558e-09  -1.57227119    
666.760716      889.139705      1.77215601e-08  -1.22352508    
666.760716      889.139705      3.15138854e-08  -0.729903733   
666.760716      889.139705      5.60404936e-08  -0.189284259   
666.760716      889.139705      9.96556558e-08  -0.0591271451  
666.760716      889.139705      1.77215601e-07  -1.70388321    
666.760716      889.139705      3.15138854e-07  -8.50384521    
666.760716      889.139705      5.60404936e-07  -27.9805603    
666.760716      889.139705      9.96556558e-07  -75.7823244    
666.760716      889.139705      1.77215601e-06  -183.084652    
666.760716      889.139705      3.15138854e-06  -410.141591    
666.760716      889.139705      5.60404936e-06  -870.751099    
666.760716      889.139705      9.96556558e-06  -1776.1221     
666.760716      889.139705      1.77215601e-05  -3513.29355    
666.760716      889.139705      3.15138854e-05  -6784.87864    
666.760716      889.139705      5.60404936e-05  -12857.4877    
666.760716      889.139705      9.96556558e-05  -24002.8383    
889.139705      1185.68685      0               -0.290095385   
889.139705      1185.68685      1.77215601e-10  -0.286832369   
889.139705      1185.68685      3.15138854e-10  -0.284307084   
889.139705      1185.68685      5.60404936e-10  -0.279847174   
889.139705      1185.68685      9.96556558e-10  -0.272013157   
889.139705      1185.68685      1.77215601e-09  -0.258386992   
889.139705      1185.68685      3.15138854e-09  -0.235110769   
889.139705      1185.68685      5.60404936e-09  -0.196687915   
889.139705      1185.68685      9.96556558e-09  -0.137475695   
889.139705      1185.68685      1.77215601e-08  -0.0595764793  
889.139705      1185.68685      3.15138854e-08  -0.000641080824
889.139705      1185.68685      5.60404936e-08  -0.11540452    
889.139705      1185.68685      9.96556558e-08  -0.883208842   
889.139705      1185.68685      1.77215601e-07  -3.57297806    
889.139705      1185.68685      3.15138854e-07  -11.1849133    
889.139705      1185.68685      5.60404936e-07  -30.2520454    
889.139705      1185.68685      9.96556558e-07  -74.2089417    
889.139705      1185.68685      1.77215601e-06  -169.582415    
889.139705      1185.68685      3.15138854e-06  -367.15372     
889.139705      1185.68685      5.60404936e-06  -761.872631    
889.139705      1185.68685      9.96556558e-06  -1528.32099    
889.139705      1185.68685      1.77215601e-05  -2983.86067    
889.139705      1185.68685      3.15138854e-05  -5700.99977    
889.139705      1185.68685      5.60404936e-05  -10707.1901    
889.139705      1185.68685      9.96556558e-05  -19839.8974    
1185.68685      1581.13883      0               1.91776053e-08 
1185.68685      1581.13883      1.77215601e-10  -0.0118127336  
1185.68685      1581.13883      3.15138854e-10  -0.0210127286  
1185.68685      1581.13883      5.60404936e-10  -0.0373866336  
1185.68685      1581.13883      9.96556558e-10  -0.0665473039  
1185.68685      1581.13883      1.77215601e-09  -0.118539092   
1185.68685      1581.13883      3.15138854e-09  -0.211419844   
1185.68685      1581.13883      5.60404936e-09  -0.377903204   
1185.68685      1581.13883      9.96556558e-09  -0.677968426   
1185.68685      1581.13883      1.77215601e-08  -1.22349694    
1185.68685      1581.13883      3.15138854e-08  -2.22771174    
1185.68685      1581.13883      5.60404936e-08  -4.10570454    
1185.68685      1581.13883      9.96556558e-08  -7.67717837    
1185.68685      1581.13883      1.77215601e-07  -14.5655365    
1185.68685      1581.13883      3.15138854e-07  -27.9631968    
1185.68685      1581.13883      5.60404936e-07  -54.0704944    
1185.68685      1581.13883      9.96556558e-07  -104.761422    
1185.68685      1581.13883      1.77215601e-06  -202.460484    
1185.68685      1581.13883      3.15138854e-06  -388.961554    
1185.68685      1581.13883      5.60404936e-06  -741.216032    
1185.68685      1581.13883      9.96556558e-06  -1399.43188    
1185.68685      1581.13883      1.77215601e-05  -2617.03836    
1185.68685      1581.13883      3.15138854e-05  -4849.62393    
1185.68685      1581.13883      5.60404936e-05  -8913.25853    
1185.68685      1581.13883      9.96556558e-05  -16266.108     
1581.13883      2108.48252      0               0.000774377279 
1581.13883      2108.48252      1.77215601e-10  -0.00313876917 
1581.13883      2108.48252      3.15138854e-10  -0.00619985208 
1581.13883      2108.48252      5.60404936e-10  -0.0116768148  
1581.13883      2108.48252      9.96556558e-10  -0.0215216562  
1581.13883      2108.48252      1.77215601e-09  -0.0393577175  
1581.13883      2108.48252      3.15138854e-09  -0.072095857   
1581.13883      2108.48252      5.60404936e-09  -0.133431987   
1581.13883      2108.48252      9.96556558e-09  -0.251802235   
1581.13883      2108.48252      1.77215601e-08  -0.488937464   
1581.13883      2108.48252      3.15138854e-08  -0.982498681   
1581.13883      2108.48252      5.60404936e-08  -2.03858751    
1581.13883      2108.48252      9.96556558e-08  -4.31684292    
1581.13883      2108.48252      1.77215601e-07  -9.17696294    
1581.13883      2108.48252      3.15138854e-07  -19.312445     
1581.13883      2108.48252      5.60404936e-07  -39.9119967    
1581.13883      2108.48252      9.96556558e-07  -80.7772983    
1581.13883      2108.48252      1.77215601e-06  -160.138889    
1581.13883      2108.48252      3.15138854e-06  -311.483615    
1581.13883      2108.48252      5.60404936e-06  -595.73903     
1581.13883      2108.48252      9.96556558e-06  -1122.98043    
1581.13883      2108.48252      1.77215601e-05  -2091.07365    
1581.13883      2108.48252      3.15138854e-05  -3854.44733    
1581.13883      2108.48252      5.60404936e-05  -7046.41413    
1581.13883      2108.48252      9.96556558e-05  -12796.6587    
2108.48252      2811.70663      0               7.54098528e-05 
2108.48252      2811.70663      1.77215601e-10  -0.00829328545 
2108.48252      2811.70663      3.15138854e-10  -0.0148148366  
2108.48252      2811.70663      5.60404936e-10  -0.0264299861  
2108.48252      2811.70663      9.96556558e-10  -0.0471415306  
2108.48252      2811.70663      1.77215601e-09  -0.0841491718  
2108.48252      2811.70663      3.15138854e-09  -0.150506265   
2108.48252      2811.70663      5.60404936e-09  -0.270175461   
2108.48252      2811.70663      9.96556558e-09  -0.487931991   
2108.48252      2811.70663      1.77215601e-08  -0.889253109   
2108.48252      2811.70663      3.15138854e-08  -1.6405133     
2108.48252      2811.70663      5.60404936e-08  -3.06831105    
2108.48252      2811.70663      9.96556558e-08  -5.80895504    
2108.48252      2811.70663      1.77215601e-07  -11.0794689    
2108.48252      2811.70663      3.15138854e-07  -21.1654309    
2108.48252      2811.70663      5.60404936e-07  -40.3072311    
2108.48252      2811.70663      9.96556558e-07  -76.3088774    
2108.48252      2811.70663      1.77215601e-06  -143.432768    
2108.48252      2811.70663      3.15138854e-06  -267.579507    
2108.48252      2811.70663      5.60404936e-06  -495.546027    
2108.48252      2811.70663      9.96556558e-06  -911.554184    
2108.48252      2811.70663      1.77215601e-05  -1666.6932     
2108.48252      2811.70663      3.15138854e-05  -3031.27692    
2108.48252      2811.70663      5.60404936e-05  -5487.90089    
2108.48252      2811.70663      9.96556558e-05  -9896.85711    
2811.70663      3749.47105      0               -0.312624308   
2811.70663      3749.47105      1.77215601e-10  -0.303643115   
2811.70663      3749.47105      3.15138854e-10  -0.296800121   
2811.70663      3749.47105      5.60404936e-10  -0.284940178   
2811.70663      3749.47105      9.96556558e-10  -0.264788052   
2811.70663      3749.47105      1.77215601e-09  -0.231721248   
2811.70663      3749.47105      3.15138854e-09  -0.180721197   
2811.70663      3749.47105      5.60404936e-09  -0.110499045   
2811.70663      3749.47105      9.96556558e-09  -0.0342545154  
2811.70663      3749.47105      1.77215601e-08  -0.000888916256
2811.70663      3749.47105      3.15138854e-08  -0.130479416   
2811.70663      3749.47105      5.60404936e-08  -0.673218883   
2811.70663      3749.47105      9.96556558e-08  -2.11611336    
2811.70663      3749.47105      1.77215601e-07  -5.38438224    
2811.70663      3749.47105      3.15138854e-07  -12.218061     
2811.70663      3749.47105      5.60404936e-07  -25.8595793    
2811.70663      3749.47105      9.96556558e-07  -52.2870516    
2811.70663      3749.47105      1.77215601e-06  -102.416826    
2811.70663      3749.47105      3.15138854e-06  -196.03765     
2811.70663      3749.47105      5.60404936e-06  -368.819897    
2811.70663      3749.47105      9.96556558e-06  -684.763554    
2811.70663      3749.47105      1.77215601e-05  -1258.29354    
2811.70663      3749.47105      3.15138854e-05  -2293.53402    
2811.70663      3749.47105      5.60404936e-05  -4154.18773    
2811.70663      3749.47105      9.96556558e-05  -7487.88294    
3749.47105      5000            0               0.000436871757 
3749.47105      5000            1.77215601e-10  -0.00763907855 
3749.47105      5000            3.15138854e-10  -0.0139246404  
3749.47105      5000            5.60404936e-10  -0.0251025927  
3749.47105      5000            9.96556558e-10  -0.0449815905  
3749.47105      5000            1.77215601e-09  -0.0803366631  
3749.47105      5000            3.15138854e-09  -0.143222564   
3749.47105      5000            5.60404936e-09  -0.255097572   
3749.47105      5000            9.96556558e-09  -0.454187989   
3749.47105      5000            1.77215601e-08  -0.808680384   
3749.47105      5000            3.15138854e-08  -1.44047122    
3749.47105      5000            5.60404936e-08  -2.56824573    
3749.47105      5000            9.96556558e-08  -4.58640513    
3749.47105      5000            1.77215601e-07  -8.21119559    
3749.47105      5000            3.15138854e-07  -14.7528493    
3749.47105      5000            5.60404936e-07  -26.6201654    
3749.47105      5000            9.96556558e-07  -48.2425479    
3749.47105      5000            1.77215601e-06  -87.7281392    
3749.47105      5000            3.15138854e-06  -159.818085    
3749.47105      5000            5.60404936e-06  -291.132205    
3749.47105      5000            9.96556558e-06  -529.470678    
3749.47105      5000            1.77215601e-05  -960.310428    
3749.47105      5000            3.15138854e-05  -1736.10723    
3749.47105      5000            5.60404936e-05  -3128.41417    
3749.47105      5000            9.96556558e-05  -5620.60911    
5000            6667.60716      0               9.00627128e-09 
5000            6667.60716      1.77215601e-10  -0.00554622648 
5000            6667.60716      3.15138854e-10  -0.00986387537 
5000            6667.60716      5.60404936e-10  -0.0175442947  
5000            6667.60716      9.96556558e-10  -0.0312098937  
5000            6667.60716      1.77215601e-09  -0.0555352428  
5000            6667.60716      3.15138854e-09  -0.098867872   
5000            6667.60716      5.60404936e-09  -0.176159127   
5000            6667.60716      9.96556558e-09  -0.31431904    
5000            6667.60716      1.77215601e-08  -0.562136852   
5000            6667.60716      3.15138854e-08  -1.0089302     
5000            6667.60716      5.60404936e-08  -1.81987718    
5000            6667.60716      9.96556558e-08  -3.30236863    
5000            6667.60716      1.77215601e-07  -6.02730801    
5000            6667.60716      3.15138854e-07  -11.044652     
5000            6667.60716      5.60404936e-07  -20.2633137    
5000            6667.60716      9.96556558e-07  -37.1277049    
5000            6667.60716      1.77215601e-06  -67.8339759    
5000            6667.60716      3.15138854e-06  -123.517397    
5000            6667.60716      5.60404936e-06  -224.164357    
5000            6667.60716      9.96556558e-06  -405.570019    
5000            6667.60716      1.77215601e-05  -731.689026    
5000            6667.60716      3.15138854e-05  -1316.566      
5000            6667.60716      5.60404936e-05  -2363.30214    
5000            6667.60716      9.96556558e-05  -4233.33524    
6667.60716      8891.39705      0               8.34529601e-09 
6667.60716      8891.39705      1.77215601e-10  -0.00513832115 
6667.60716      8891.39705      3.15138854e-10  -0.00913742715 
6667.60716      8891.39705      5.60404936e-10  -0.016249063   
6667.60716      8891.39705      9.96556558e-10  -0.0288958798  
6667.60716      8891.39705      1.77215601e-09  -0.0513865323  
6667.60716      8891.39705      3.15138854e-09  -0.0913846022  
6667.60716      8891.39705      5.60404936e-09  -0.162523091   
6667.60716      8891.39705      9.96556558e-09  -0.289061037   
6667.60716      8891.39705      1.77215601e-08  -0.514187068   
6667.60716      8891.39705      3.15138854e-08  -0.91485554    
6667.60716      8891.39705      5.60404936e-08  -1.62838045    
6667.60716      8891.39705      9.96556558e-08  -2.90033949    
6667.60716      8891.39705      1.77215601e-07  -5.17142819    
6667.60716      8891.39705      3.15138854e-07  -9.23597548    
6667.60716      8891.39705      5.60404936e-07  -16.5320484    
6667.60716      8891.39705      9.96556558e-07  -29.6693111    
6667.60716      8891.39705      1.77215601e-06  -53.3760313    
6667.60716      8891.39705      3.15138854e-06  -96.1755877    
6667.60716      8891.39705      5.60404936e-06  -173.344538    
6667.60716      8891.39705      9.96556558e-06  -312.154106    
6667.60716      8891.39705      1.77215601e-05  -561.1948      
6667.60716      8891.39705      3.15138854e-05  -1006.98493    
6667.60716      8891.39705      5.60404936e-05  -1803.5398     
6667.60716      8891.39705      9.96556558e-05  -3224.97249    
8891.39705      11856.8685      0               2.95017344e-09 
8891.39705      11856.8685      1.77215601e-10  -0.00181734837 
8891.39705      11856.8685      3.15138854e-10  -0.00323296371 
8891.39705      11856.8685      5.60404936e-10  -0.00575293027 
8891.39705      11856.8685      9.96556558e-10  -0.0102423532  
8891.39705      11856.8685      1.77215601e-09  -0.018251647   
8891.39705      11856.8685      3.15138854e-09  -0.0325753465  
8891.39705      11856.8685      5.60404936e-09  -0.0582984762  
8891.39705      11856.8685      9.96556558e-09  -0.104813491   
8891.39705      11856.8685      1.77215601e-08  -0.189848885   
8891.39705      11856.8685      3.15138854e-08  -0.347786688   
8891.39705      11856.8685      5.60404936e-08  -0.647090762   
8891.39705      11856.8685      9.96556558e-08  -1.22619599    
8891.39705      11856.8685      1.77215601e-07  -2.36399913    
8891.39705      11856.8685      3.15138854e-07  -4.61104743    
8891.39705      11856.8685      5.60404936e-07  -9.02474667    
8891.39705      11856.8685      9.96556558e-07  -17.5817522    
8891.39705      11856.8685      1.77215601e-06  -33.8928804    
8891.39705      11856.8685      3.15138854e-06  -64.4526511    
8891.39705      11856.8685      5.60404936e-06  -120.858338    
8891.39705      11856.8685      9.96556558e-06  -223.770704    
8891.39705      11856.8685      1.77215601e-05  -409.964356    
8891.39705      11856.8685      3.15138854e-05  -744.854863    
8891.39705      11856.8685      5.60404936e-05  -1344.764      
8891.39705      11856.8685      9.96556558e-05  -2416.52275    
11856.8685      15811.3883      0               1.58958069e-05 
11856.8685      15811.3883      1.77215601e-10  -0.00174721383 
11856.8685      15811.3883      3.15138854e-10  -0.003119853   
11856.8685      15811.3883      5.60404936e-10  -0.00556175497 
11856.8685      15811.3883      9.96556558e-10  -0.00990718868 
11856.8685      15811.3883      1.77215601e-09  -0.0176442001  
11856.8685      15811.3883      3.15138854e-09  -0.0314330205  
11856.8685      15811.3883      5.60404936e-09  -0.0560481937  
11856.8685      15811.3883      9.96556558e-09  -0.100115843   
11856.8685      15811.3883      1.77215601e-08  -0.179387376   
11856.8685      15811.3883      3.15138854e-08  -0.323085694   
11856.8685      15811.3883      5.60404936e-08  -0.586570842   
11856.8685      15811.3883      9.96556558e-08  -1.07703874    
11856.8685      15811.3883      1.77215601e-07  -2.00503183    
11856.8685      15811.3883      3.15138854e-07  -3.78304531    
11856.8685      15811.3883      5.60404936e-07  -7.20326043    
11856.8685      15811.3883      9.96556558e-07  -13.7460513    
11856.8685      15811.3883      1.77215601e-06  -26.1150593    
11856.8685      15811.3883      3.15138854e-06  -49.1764084    
11856.8685      15811.3883      5.60404936e-06  -91.6199128    
11856.8685      15811.3883      9.96556558e-06  -168.912965    
11856.8685      15811.3883      1.77215601e-05  -308.565833    
11856.8685      15811.3883      3.15138854e-05  -559.514898    
11856.8685      15811.3883      5.60404936e-05  -1008.83441    
11856.8685      15811.3883      9.96556558e-05  -1811.47931    
15811.3883      21084.8252      0               0.00786307922  
15811.3883      21084.8252      1.77215601e-10  0.00647723545  
15811.3883      21084.8252      3.15138854e-10  0.00539845011  
15811.3883      21084.8252      5.60404936e-10  0.00347961097  
15811.3883      21084.8252      9.96556558e-10  6.59339671e-05 
15811.3883      21084.8252      1.77215601e-09  -0.00600909841 
15811.3883      21084.8252      3.15138854e-09  -0.0168265799  
15811.3883      21084.8252      5.60404936e-09  -0.0361082892  
15811.3883      21084.8252      9.96556558e-09  -0.0705380769  
15811.3883      21084.8252      1.77215601e-08  -0.132203542   
15811.3883      21084.8252      3.15138854e-08  -0.243210057   
15811.3883      21084.8252      5.60404936e-08  -0.44465241    
15811.3883      21084.8252      9.96556558e-08  -0.814553665   
15811.3883      21084.8252      1.77215601e-07  -1.50421682    
15811.3883      21084.8252      3.15138854e-07  -2.81067161    
15811.3883      21084.8252      5.60404936e-07  -5.31392863    
15811.3883      21084.8252      9.96556558e-07  -10.1203846    
15811.3883      21084.8252      1.77215601e-06  -19.275644     
15811.3883      21084.8252      3.15138854e-06  -36.4667994    
15811.3883      21084.8252      5.60404936e-06  -68.2544546    
15811.3883      21084.8252      9.96556558e-06  -126.27435     
15811.3883      21084.8252      1.77215601e-05  -231.172707    
15811.3883      21084.8252      3.15138854e-05  -419.617617    
15811.3883      21084.8252      5.60404936e-05  -756.777537    
15811.3883      21084.8252      9.96556558e-05  -1358.52547    
21084.8252      28117.0663      0               -0.000462346479
21084.8252      28117.0663      1.77215601e-10  -0.000302488224
21084.8252      28117.0663      3.15138854e-10  -0.000180884385
21084.8252      28117.0663      5.60404936e-10  2.93097608e-05 
21084.8252      28117.0663      9.96556558e-10  0.00038407527  
21084.8252      28117.0663      1.77215601e-09  0.000955460474 
21084.8252      28117.0663      3.15138854e-09  0.00178702266  
21084.8252      28117.0663      5.60404936e-09  0.00270165286  
21084.8252      28117.0663      9.96556558e-09  0.00264561251  
21084.8252      28117.0663      1.77215601e-08  -0.00227069003 
21084.8252      28117.0663      3.15138854e-08  -0.0239369285  
21084.8252      28117.0663      5.60404936e-08  -0.093981777   
21084.8252      28117.0663      9.96556558e-08  -0.286175648   
21084.8252      28117.0663      1.77215601e-07  -0.752697389   
21084.8252      28117.0663      3.15138854e-07  -1.77907418    
21084.8252      28117.0663      5.60404936e-07  -3.87396974    
21084.8252      28117.0663      9.96556558e-07  -7.9302103     
21084.8252      28117.0663      1.77215601e-06  -15.5187873    
21084.8252      28117.0663      3.15138854e-06  -29.4181575    
21084.8252      28117.0663      5.60404936e-06  -54.5580076    
21084.8252      28117.0663      9.96556558e-06  -99.697426     
21084.8252      28117.0663      1.77215601e-05  -180.408254    
21084.8252      28117.0663      3.15138854e-05  -324.379652    
21084.8252      28117.0663      5.60404936e-05  -580.851321    
21084.8252      28117.0663      9.96556558e-05  -1037.39045    
28117.0663      37494.7105      0               2.12776285e-09 
28117.0663      37494.7105      1.77215601e-10  -0.00131009649 
28117.0663      37494.7105      3.15138854e-10  -0.00232972843 
28117.0663      37494.7105      5.60404936e-10  -0.00414293872 
28117.0663      37494.7105      9.96556558e-10  -0.00736739586 
28117.0663      37494.7105      1.77215601e-09  -0.0131015795  
28117.0663      37494.7105      3.15138854e-09  -0.0232991852  
28117.0663      37494.7105      5.60404936e-09  -0.0414353502  
28117.0663      37494.7105      9.96556558e-09  -0.0736927351  
28117.0663      37494.7105      1.77215601e-08  -0.131074913   
28117.0663      37494.7105      3.15138854e-08  -0.23317755    
28117.0663      37494.7105      5.60404936e-08  -0.414934018   
28117.0663      37494.7105      9.96556558e-08  -0.738726742   
28117.0663      37494.7105      1.77215601e-07  -1.31624611    
28117.0663      37494.7105      3.15138854e-07  -2.3481705     
28117.0663      37494.7105      5.60404936e-07  -4.19643352    
28117.0663      37494.7105      9.96556558e-07  -7.51530023    
28117.0663      37494.7105      1.77215601e-06  -13.485919     
28117.0663      37494.7105      3.15138854e-06  -24.2297001    
28117.0663      37494.7105      5.60404936e-06  -43.5338198    
28117.0663      37494.7105      9.96556558e-06  -78.1337174    
28117.0663      37494.7105      1.77215601e-05  -139.995588    
28117.0663      37494.7105      3.15138854e-05  -250.383739    
28117.0663      37494.7105      5.60404936e-05  -447.101658    
28117.0663      37494.7105      9.96556558e-05  -797.374587    
37494.7105      50000           0               1.71928605e-09 
37494.7105      50000           1.77215601e-10  -0.00105858437 
37494.7105      50000           3.15138854e-10  -0.0018824605  
37494.7105      50000           5.60404936e-10  -0.00334754328 
37494.7105      50000           9.96556558e-10  -0.00595287241 
37494.7105      50000           1.77215601e-09  -0.0105858837  
37494.7105      50000           3.15138854e-09  -0.0188246983  
37494.7105      50000           5.60404936e-09  -0.0334756944  
37494.7105      50000           9.96556558e-09  -0.0595295176  
37494.7105      50000           1.77215601e-08  -0.105861311   
37494.7105      50000           3.15138854e-08  -0.188254763   
37494.7105      50000           5.60404936e-08  -0.334781454   
37494.7105      50000           9.96556558e-08  -0.595372327   
37494.7105      50000           1.77215601e-07  -1.05885526    
37494.7105      50000           3.15138854e-07  -1.88330344    
37494.7105      50000           5.60404936e-07  -3.35015101    
37494.7105      50000           9.96556558e-07  -5.96082897    
37494.7105      50000           1.77215601e-06  -10.6095933    
37494.7105      50000           3.15138854e-06  -18.892818     
37494.7105      50000           5.60404936e-06  -33.6616172    
37494.7105      50000           9.96556558e-06  -60.0052768    
37494.7105      50000           1.77215601e-05  -106.994976    
37494.7105      50000           3.15138854e-05  -190.775146    
37494.7105      50000           5.60404936e-05  -340.056515    
37494.7105      50000           9.96556558e-05  -605.891559    
50000           66676.0716      0               0.000373762928 
50000           66676.0716      1.77215601e-10  -0.000439106011
50000           66676.0716      3.15138854e-10  -0.00107174517 
50000           66676.0716      5.60404936e-10  -0.00219675436 
50000           66676.0716      9.96556558e-10  -0.00419733503 
50000           66676.0716      1.77215601e-09  -0.00775492646 
50000           66676.0716      3.15138854e-09  -0.014081318   
50000           66676.0716      5.60404936e-09  -0.0253314099  
50000           66676.0716      9.96556558e-09  -0.0453372167  
50000           66676.0716      1.77215601e-08  -0.080913131   
50000           66676.0716      3.15138854e-08  -0.144177047   
50000           66676.0716      5.60404936e-08  -0.256677966   
50000           66676.0716      9.96556558e-08  -0.456736035   
50000           66676.0716      1.77215601e-07  -0.812495182   
50000           66676.0716      3.15138854e-07  -1.44513435    
50000           66676.0716      5.60404936e-07  -2.57014359    
50000           66676.0716      9.96556558e-07  -4.57072441    
50000           66676.0716      1.77215601e-06  -8.12831628    
50000           66676.0716      3.15138854e-06  -14.4547093    
50000           66676.0716      5.60404936e-06  -25.7048056    
50000           66676.0716      9.96556558e-06  -45.7106265    
50000           66676.0716      1.77215601e-05  -81.2865853    
50000           66676.0716      3.15138854e-05  -144.550641    
50000           66676.0716      5.60404936e-05  -257.051998    
50000           66676.0716      9.96556558e-05  -457.111422    
66676.0716      88913.9705      0               9.71226655e-10 
66676.0716      88913.9705      1.77215601e-10  -0.000597987817
66676.0716      88913.9705      3.15138854e-10  -0.00106339023 
66676.0716      88913.9705      5.60404936e-10  -0.00189100588 
66676.0716      88913.9705      9.96556558e-10  -0.00336273812 
66676.0716      88913.9705      1.77215601e-09  -0.00597989043 
66676.0716      88913.9705      3.15138854e-09  -0.0106339222  
66676.0716      88913.9705      5.60404936e-09  -0.0189101027  
66676.0716      88913.9705      9.96556558e-09  -0.033627501   
66676.0716      88913.9705      1.77215601e-08  -0.059799264   
66676.0716      88913.9705      3.15138854e-08  -0.10634034    
66676.0716      88913.9705      5.60404936e-08  -0.18910454    
66676.0716      88913.9705      9.96556558e-08  -0.336286084   
66676.0716      88913.9705      1.77215601e-07  -0.598027541   
66676.0716      88913.9705      3.15138854e-07  -1.0635132     
66676.0716      88913.9705      5.60404936e-07  -1.89138956    
66676.0716      88913.9705      9.96556558e-07  -3.36393243    
66676.0716      88913.9705      1.77215601e-06  -5.98357417    
66676.0716      88913.9705      3.15138854e-06  -10.6450943    
66676.0716      88913.9705      5.60404936e-06  -18.9430696    
66676.0716      88913.9705      9.96556558e-06  -33.7208669    
66676.0716      88913.9705      1.77215601e-05  -60.049313     
66676.0716      88913.9705      3.15138854e-05  -106.96624     
66676.0716      88913.9705      5.60404936e-05  -190.562641    
66676.0716      88913.9705      9.96556558e-05  -339.461175    
88913.9705      118568.685      0               7.36577022e-10 
88913.9705      118568.685      1.77215601e-10  -0.000453519677
88913.9705      118568.685      3.15138854e-10  -0.000806485277
88913.9705      118568.685      5.60404936e-10  -0.00143415674 
88913.9705      118568.685      9.96556558e-10  -0.00255033197 
88913.9705      118568.685      1.77215601e-09  -0.0045352034  
88913.9705      118568.685      3.15138854e-09  -0.00806485941 
88913.9705      118568.685      5.60404936e-09  -0.014341574   
88913.9705      118568.685      9.96556558e-09  -0.0255033264  
88913.9705      118568.685      1.77215601e-08  -0.045352041   
88913.9705      118568.685      3.15138854e-08  -0.0806486019  
88913.9705      118568.685      5.60404936e-08  -0.143415751   
88913.9705      118568.685      9.96556558e-08  -0.255033283   
88913.9705      118568.685      1.77215601e-07  -0.453520455   
88913.9705      118568.685      3.15138854e-07  -0.806486146   
88913.9705      118568.685      5.60404936e-07  -1.43415789    
88913.9705      118568.685      9.96556558e-07  -2.55033403    
88913.9705      118568.685      1.77215601e-06  -4.53520834    
88913.9705      118568.685      3.15138854e-06  -8.06487343    
88913.9705      118568.685      5.60404936e-06  -14.3416167    
88913.9705      118568.685      9.96556558e-06  -25.5034591    
88913.9705      118568.685      1.77215601e-05  -45.3524561    
88913.9705      118568.685      3.15138854e-05  -80.6498967    
88913.9705      118568.685      5.60404936e-05  -143.419756    
88913.9705      118568.685      9.96556558e-05  -255.045487    
118568.685      158113.883      0               1.21816655e-05 
118568.685      158113.883      1.77215601e-10  -0.000325589937
118568.685      158113.883      3.15138854e-10  -0.000588470621
118568.685      158113.883      5.60404936e-10  -0.00105594593 
118568.685      158113.883      9.96556558e-10  -0.00188724764 
118568.685      158113.883      1.77215601e-09  -0.00336553436 
118568.685      158113.883      3.15138854e-09  -0.0059943412  
118568.685      158113.883      5.60404936e-09  -0.0106690943  
118568.685      158113.883      9.96556558e-09  -0.0189821114  
118568.685      158113.883      1.77215601e-08  -0.0337649786  
118568.685      158113.883      3.15138854e-08  -0.060053047   
118568.685      158113.883      5.60404936e-08  -0.106800578   
118568.685      158113.883      9.96556558e-08  -0.189930749   
118568.685      158113.883      1.77215601e-07  -0.337759421   
118568.685      158113.883      3.15138854e-07  -0.600640105   
118568.685      158113.883      5.60404936e-07  -1.06811541    
118568.685      158113.883      9.96556558e-07  -1.89941713    
118568.685      158113.883      1.77215601e-06  -3.37770385    
118568.685      158113.883      3.15138854e-06  -6.00651069    
118568.685      158113.883      5.60404936e-06  -10.6812638    
118568.685      158113.883      9.96556558e-06  -18.9942809    
118568.685      158113.883      1.77215601e-05  -33.7771482    
118568.685      158113.883      3.15138854e-05  -60.0652168    
118568.685      158113.883      5.60404936e-05  -106.812748    
118568.685      158113.883      9.96556558e-05  -189.942922    
158113.883      210848.252      0               0.00409824581  
158113.883      210848.252      1.77215601e-10  0.00393812371  
158113.883      210848.252      3.15138854e-10  0.00381349809  
158113.883      210848.252      5.60404936e-10  0.00359186616  
158113.883      210848.252      9.96556558e-10  0.00319770239  
158113.883      210848.252      1.77215601e-09  0.00249664175  
158113.883      210848.252      3.15138854e-09  0.00124955778  
158113.883      210848.252      5.60404936e-09  -0.000969375997
158113.883      210848.252      9.96556558e-09  -0.00491926509 
158113.883      210848.252      1.77215601e-08  -0.0119558724  
158113.883      210848.252      3.15138854e-08  -0.02450842    
158113.883      210848.252      5.60404936e-08  -0.0469532967  
158113.883      210848.252      9.96556558e-08  -0.0872447294  
158113.883      210848.252      1.77215601e-07  -0.160033871   
158113.883      210848.252      3.15138854e-07  -0.292792251   
158113.883      210848.252      5.60404936e-07  -0.538018586   
158113.883      210848.252      9.96556558e-07  -0.997268853   
158113.883      210848.252      1.77215601e-06  -1.86618518    
158113.883      210848.252      3.15138854e-06  -3.51328656    
158113.883      210848.252      5.60404936e-06  -6.61223662    
158113.883      210848.252      9.96556558e-06  -12.3673346    
158113.883      210848.252      1.77215601e-05  -22.9122737    
158113.883      210848.252      3.15138854e-05  -42.0255515    
158113.883      210848.252      5.60404936e-05  -76.4102688    
158113.883      210848.252      9.96556558e-05  -137.974031    
210848.252      281170.663      0               6.63403908e-05 
210848.252      281170.663      1.77215601e-10  -0.000122331598
210848.252      281170.663      3.15138854e-10  -0.000269171123
210848.252      281170.663      5.60404936e-10  -0.000530292825
210848.252      281170.663      9.96556558e-10  -0.000994640173
210848.252      281170.663      1.77215601e-09  -0.0018203795  
210848.252      281170.663      3.15138854e-09  -0.00328877474 
210848.252      281170.663      5.60404936e-09  -0.00589999177 
210848.252      281170.663      9.96556558e-09  -0.0105434652  
210848.252      281170.663      1.77215601e-08  -0.0188008585  
210848.252      281170.663      3.15138854e-08  -0.0334848109  
210848.252      281170.663      5.60404936e-08  -0.0595969812  
210848.252      281170.663      9.96556558e-08  -0.106031716   
210848.252      281170.663      1.77215601e-07  -0.188605649   
210848.252      281170.663      3.15138854e-07  -0.335445173   
210848.252      281170.663      5.60404936e-07  -0.596566877   
210848.252      281170.663      9.96556558e-07  -1.06091423    
210848.252      281170.663      1.77215601e-06  -1.88665357    
210848.252      281170.663      3.15138854e-06  -3.35504884    
210848.252      281170.663      5.60404936e-06  -5.96626597    
210848.252      281170.663      9.96556558e-06  -10.6097398    
210848.252      281170.663      1.77215601e-05  -18.8671341    
210848.252      281170.663      3.15138854e-05  -33.5510898    
210848.252      281170.663      5.60404936e-05  -59.6632706    
210848.252      281170.663      9.96556558e-05  -106.098038    
281170.663      374947.105      0               0.000650728998 
281170.663      374947.105      1.77215601e-10  0.000510580388 
281170.663      374947.105      3.15138854e-10  0.00040150561  
281170.663      374947.105      5.60404936e-10  0.000207540179 
281170.663      374947.105      9.96556558e-10  -0.000137384553
281170.663      374947.105      1.77215601e-09  -0.000750757104
281170.663      374947.105      3.15138854e-09  -0.00184150488 
281170.663      374947.105      5.60404936e-09  -0.0037811592  
281170.663      374947.105      9.96556558e-09  -0.00723040656 
281170.663      374947.105      1.77215601e-08  -0.0133641322  
281170.663      374947.105      3.15138854e-08  -0.0242716103  
281170.663      374947.105      5.60404936e-08  -0.0436681545  
281170.663      374947.105      9.96556558e-08  -0.0781606312  
281170.663      374947.105      1.77215601e-07  -0.139497897   
281170.663      374947.105      3.15138854e-07  -0.248572709   
281170.663      374947.105      5.60404936e-07  -0.442538251   
281170.663      374947.105      9.96556558e-07  -0.787463331   
281170.663      374947.105      1.77215601e-06  -1.40083698    
281170.663      374947.105      3.15138854e-06  -2.49158823    
281170.663      374947.105      5.60404936e-06  -4.43125349    
281170.663      374947.105      9.96556558e-06  -7.88053533    
281170.663      374947.105      1.77215601e-05  -14.0143693    
281170.663      374947.105      3.15138854e-05  -24.9221864    
281170.663      374947.105      5.60404936e-05  -44.3197821    
281170.663      374947.105      9.96556558e-05  -78.8154752    
374947.105      500000          0               0.00138608576  
374947.105      500000          1.77215601e-10  0.0012840687   
374947.105      500000          3.15138854e-10  0.00120467092  
374947.105      500000          5.60404936e-10  0.00106347948  
374947.105      500000          9.96556558e-10  0.00081240166  
374947.105      500000          1.77215601e-09  0.000365915137 
374947.105      500000          3.15138854e-09  -0.000428062653
374947.105      500000          5.60404936e-09  -0.00183997701 
374947.105      500000          9.96556558e-09  -0.00435075524 
374947.105      500000          1.77215601e-08  -0.00881562047 
374947.105      500000          3.15138854e-08  -0.0167553984  
374947.105      500000          5.60404936e-08  -0.030874542   
374947.105      500000          9.96556558e-08  -0.0559823243  
374947.105      500000          1.77215601e-07  -0.100630977   
374947.105      500000          3.15138854e-07  -0.180028756   
374947.105      500000          5.60404936e-07  -0.321220193   
374947.105      500000          9.96556558e-07  -0.572298021   
374947.105      500000          1.77215601e-06  -1.01878456    
374947.105      500000          3.15138854e-06  -1.8127624     
374947.105      500000          5.60404936e-06  -3.2246769     
374947.105      500000          9.96556558e-06  -5.73545559    
374947.105      500000          1.77215601e-05  -10.2003223    
374947.105      500000          3.15138854e-05  -18.1401047    
374947.105      500000          5.60404936e-05  -32.2592627    
374947.105      500000          9.96556558e-05  -57.3670905    
