### /nfs/slac/g/ki/ki20/cta/mdwood/fermi/dsph_pipeline/des_dwarfs/v6/p302_6yr_source_psf0123_point_gs_jsigma0.6/results/like_carina.txt
#[0]emin(MeV) [1]emax(MeV) [2]eflux(MeV/cm^2/s) [3]deltaLogLike
500             666.760716      0               0.00258298887  
500             666.760716      1.77215601e-10  -0.0011881315  
500             666.760716      3.15138854e-10  -0.00412946853 
500             666.760716      5.60404936e-10  -0.00937370844 
500             666.760716      9.96556558e-10  -0.0187427604  
500             666.760716      1.77215601e-09  -0.0355402259  
500             666.760716      3.15138854e-09  -0.0658411039  
500             666.760716      5.60404936e-09  -0.121074645   
500             666.760716      9.96556558e-09  -0.223506612   
500             666.760716      1.77215601e-08  -0.41866293    
500             666.760716      3.15138854e-08  -0.805183919   
500             666.760716      5.60404936e-08  -1.60916823    
500             666.760716      9.96556558e-08  -3.3696866     
500             666.760716      1.77215601e-07  -7.38717583    
500             666.760716      3.15138854e-07  -16.7489454    
500             666.760716      5.60404936e-07  -38.5337983    
500             666.760716      9.96556558e-07  -88.2965947    
500             666.760716      1.77215601e-06  -198.797685    
500             666.760716      3.15138854e-06  -436.453003    
500             666.760716      5.60404936e-06  -931.643524    
500             666.760716      9.96556558e-06  -1933.71102    
500             666.760716      1.77215601e-05  -3909.79859    
500             666.760716      3.15138854e-05  -7721.47545    
500             666.760716      5.60404936e-05  -14939.0859    
500             666.760716      9.96556558e-05  -28399.8033    
666.760716      889.139705      0               0.000628486661 
666.760716      889.139705      1.77215601e-10  -0.00712111695 
666.760716      889.139705      3.15138854e-10  -0.0131588808  
666.760716      889.139705      5.60404936e-10  -0.0239095475  
666.760716      889.139705      9.96556558e-10  -0.0430709047  
666.760716      889.139705      1.77215601e-09  -0.0772827758  
666.760716      889.139705      3.15138854e-09  -0.13855365    
666.760716      889.139705      5.60404936e-09  -0.248864087   
666.760716      889.139705      9.96556558e-09  -0.449229715   
666.760716      889.139705      1.77215601e-08  -0.818412458   
666.760716      889.139705      3.15138854e-08  -1.51352829    
666.760716      889.139705      5.60404936e-08  -2.86156064    
666.760716      889.139705      9.96556558e-08  -5.56790958    
666.760716      889.139705      1.77215601e-07  -11.1822261    
666.760716      889.139705      3.15138854e-07  -23.0950877    
666.760716      889.139705      5.60404936e-07  -48.5653316    
666.760716      889.139705      9.96556558e-07  -102.665011    
666.760716      889.139705      1.77215601e-06  -215.710931    
666.760716      889.139705      3.15138854e-06  -446.963866    
666.760716      889.139705      5.60404936e-06  -909.538153    
666.760716      889.139705      9.96556558e-06  -1815.3225     
666.760716      889.139705      1.77215601e-05  -3555.51813    
666.760716      889.139705      3.15138854e-05  -6844.33029    
666.760716      889.139705      5.60404936e-05  -12974.4361    
666.760716      889.139705      9.96556558e-05  -24270.4736    
889.139705      1185.68685      0               0.00403097344  
889.139705      1185.68685      1.77215601e-10  0.00130871606  
889.139705      1185.68685      3.15138854e-10  -0.000821429523
889.139705      1185.68685      5.60404936e-10  -0.00463413897 
889.139705      1185.68685      9.96556558e-10  -0.0114919782  
889.139705      1185.68685      1.77215601e-09  -0.0239309761  
889.139705      1185.68685      3.15138854e-09  -0.0468105585  
889.139705      1185.68685      5.60404936e-09  -0.0898369485  
889.139705      1185.68685      9.96556558e-09  -0.173429019   
889.139705      1185.68685      1.77215601e-08  -0.342888025   
889.139705      1185.68685      3.15138854e-08  -0.702890627   
889.139705      1185.68685      5.60404936e-08  -1.49958941    
889.139705      1185.68685      9.96556558e-08  -3.30845046    
889.139705      1185.68685      1.77215601e-07  -7.44662097    
889.139705      1185.68685      3.15138854e-07  -16.8433294    
889.139705      1185.68685      5.60404936e-07  -37.7987769    
889.139705      1185.68685      9.96556558e-07  -83.3701338    
889.139705      1185.68685      1.77215601e-06  -179.622314    
889.139705      1185.68685      3.15138854e-06  -376.899986    
889.139705      1185.68685      5.60404936e-06  -769.996416    
889.139705      1185.68685      9.96556558e-06  -1534.1635     
889.139705      1185.68685      1.77215601e-05  -2989.34096    
889.139705      1185.68685      3.15138854e-05  -5714.642      
889.139705      1185.68685      5.60404936e-05  -10752.2416    
889.139705      1185.68685      9.96556558e-05  -19970.105     
1185.68685      1581.13883      0               -0.957525618   
1185.68685      1581.13883      1.77215601e-10  -0.94923067    
1185.68685      1581.13883      3.15138854e-10  -0.942809906   
1185.68685      1581.13883      5.60404936e-10  -0.93146728    
1185.68685      1581.13883      9.96556558e-10  -0.911532952   
1185.68685      1581.13883      1.77215601e-09  -0.876819335   
1185.68685      1581.13883      3.15138854e-09  -0.817353115   
1185.68685      1581.13883      5.60404936e-09  -0.718447924   
1185.68685      1581.13883      9.96556558e-09  -0.562612844   
1185.68685      1581.13883      1.77215601e-08  -0.341487202   
1185.68685      1581.13883      3.15138854e-08  -0.094423736   
1185.68685      1581.13883      5.60404936e-08  -0.00507629124 
1185.68685      1581.13883      9.96556558e-08  -0.607290428   
1185.68685      1581.13883      1.77215601e-07  -3.18544297    
1185.68685      1581.13883      3.15138854e-07  -10.5275986    
1185.68685      1581.13883      5.60404936e-07  -28.3371549    
1185.68685      1581.13883      9.96556558e-07  -67.8790736    
1185.68685      1581.13883      1.77215601e-06  -150.901002    
1185.68685      1581.13883      3.15138854e-06  -318.621404    
1185.68685      1581.13883      5.60404936e-06  -647.853399    
1185.68685      1581.13883      9.96556558e-06  -1279.66022    
1185.68685      1581.13883      1.77215601e-05  -2470.17849    
1185.68685      1581.13883      3.15138854e-05  -4680.86364    
1185.68685      1581.13883      5.60404936e-05  -8739.0217     
1185.68685      1581.13883      9.96556558e-05  -16123.5813    
1581.13883      2108.48252      0               -0.0314369375  
1581.13883      2108.48252      1.77215601e-10  -0.0298908912  
1581.13883      2108.48252      3.15138854e-10  -0.0287166558  
1581.13883      2108.48252      5.60404936e-10  -0.0266908877  
1581.13883      2108.48252      9.96556558e-10  -0.023283851   
1581.13883      2108.48252      1.77215601e-09  -0.0178328902  
1581.13883      2108.48252      3.15138854e-09  -0.010007044   
1581.13883      2108.48252      5.60404936e-09  -0.00171110917 
1581.13883      2108.48252      9.96556558e-09  -0.00330602357 
1581.13883      2108.48252      1.77215601e-08  -0.0512171836  
1581.13883      2108.48252      3.15138854e-08  -0.251508676   
1581.13883      2108.48252      5.60404936e-08  -0.873923425   
1581.13883      2108.48252      9.96556558e-08  -2.53306148    
1581.13883      2108.48252      1.77215601e-07  -6.52087277    
1581.13883      2108.48252      3.15138854e-07  -15.4236327    
1581.13883      2108.48252      5.60404936e-07  -34.2767437    
1581.13883      2108.48252      9.96556558e-07  -72.6918933    
1581.13883      2108.48252      1.77215601e-06  -148.712799    
1581.13883      2108.48252      3.15138854e-06  -295.753574    
1581.13883      2108.48252      5.60404936e-06  -575.012216    
1581.13883      2108.48252      9.96556558e-06  -1097.55754    
1581.13883      2108.48252      1.77215601e-05  -2063.54831    
1581.13883      2108.48252      3.15138854e-05  -3831.93005    
1581.13883      2108.48252      5.60404936e-05  -7044.41293    
1581.13883      2108.48252      9.96556558e-05  -12846.0517    
2108.48252      2811.70663      0               -0.269449836   
2108.48252      2811.70663      1.77215601e-10  -0.262129508   
2108.48252      2811.70663      3.15138854e-10  -0.256530687   
2108.48252      2811.70663      5.60404936e-10  -0.246783342   
2108.48252      2811.70663      9.96556558e-10  -0.230093096   
2108.48252      2811.70663      1.77215601e-09  -0.202355378   
2108.48252      2811.70663      3.15138854e-09  -0.158707824   
2108.48252      2811.70663      5.60404936e-09  -0.0968665948  
2108.48252      2811.70663      9.96556558e-09  -0.027594487   
2108.48252      2811.70663      1.77215601e-08  0.000376838391 
2108.48252      2811.70663      3.15138854e-08  -0.148812238   
2108.48252      2811.70663      5.60404936e-08  -0.785017713   
2108.48252      2811.70663      9.96556558e-08  -2.54139616    
2108.48252      2811.70663      1.77215601e-07  -6.63581047    
2108.48252      2811.70663      3.15138854e-07  -15.3415614    
2108.48252      2811.70663      5.60404936e-07  -32.8531192    
2108.48252      2811.70663      9.96556558e-07  -66.8821423    
2108.48252      2811.70663      1.77215601e-06  -131.56926     
2108.48252      2811.70663      3.15138854e-06  -252.750856    
2108.48252      2811.70663      5.60404936e-06  -477.436265    
2108.48252      2811.70663      9.96556558e-06  -890.752536    
2108.48252      2811.70663      1.77215601e-05  -1646.0519     
2108.48252      2811.70663      3.15138854e-05  -3018.27955    
2108.48252      2811.70663      5.60404936e-05  -5498.69113    
2108.48252      2811.70663      9.96556558e-05  -9963.26697    
2811.70663      3749.47105      0               -0.00466182277 
2811.70663      3749.47105      1.77215601e-10  -0.00390658861 
2811.70663      3749.47105      3.15138854e-10  -0.00336512597 
2811.70663      3749.47105      5.60404936e-10  -0.00250121001 
2811.70663      3749.47105      9.96556558e-10  -0.00127242804 
2811.70663      3749.47105      1.77215601e-09  -3.03590459e-05
2811.70663      3749.47105      3.15138854e-09  -0.000649318605
2811.70663      3749.47105      5.60404936e-09  -0.00991669343 
2811.70663      3749.47105      9.96556558e-09  -0.048615815   
2811.70663      3749.47105      1.77215601e-08  -0.172747502   
2811.70663      3749.47105      3.15138854e-08  -0.515620782   
2811.70663      3749.47105      5.60404936e-08  -1.35914302    
2811.70663      3749.47105      9.96556558e-08  -3.24647465    
2811.70663      3749.47105      1.77215601e-07  -7.17290797    
2811.70663      3749.47105      3.15138854e-07  -14.9414815    
2811.70663      3749.47105      5.60404936e-07  -29.8365678    
2811.70663      3749.47105      9.96556558e-07  -57.867343     
2811.70663      3749.47105      1.77215601e-06  -110.011084    
2811.70663      3749.47105      3.15138854e-06  -206.222245    
2811.70663      3749.47105      5.60404936e-06  -382.58553     
2811.70663      3749.47105      9.96556558e-06  -704.062714    
2811.70663      3749.47105      1.77215601e-05  -1287.16077    
2811.70663      3749.47105      3.15138854e-05  -2340.20258    
2811.70663      3749.47105      5.60404936e-05  -4234.90127    
2811.70663      3749.47105      9.96556558e-05  -7633.65246    
3749.47105      5000            0               -0.167443755   
3749.47105      5000            1.77215601e-10  -0.163255273   
3749.47105      5000            3.15138854e-10  -0.160042926   
3749.47105      5000            5.60404936e-10  -0.154431914   
3749.47105      5000            9.96556558e-10  -0.144769388   
3749.47105      5000            1.77215601e-09  -0.128555139   
3749.47105      5000            3.15138854e-09  -0.102631133   
3749.47105      5000            5.60404936e-09  -0.0649618369  
3749.47105      5000            9.96556558e-09  -0.0210406008  
3749.47105      5000            1.77215601e-08  -0.000870048852
3749.47105      5000            3.15138854e-08  -0.0946623556  
3749.47105      5000            5.60404936e-08  -0.514368315   
3749.47105      5000            9.96556558e-08  -1.68877515    
3749.47105      5000            1.77215601e-07  -4.41595394    
3749.47105      5000            3.15138854e-07  -10.1331295    
3749.47105      5000            5.60404936e-07  -21.418806     
3749.47105      5000            9.96556558e-07  -42.9275647    
3749.47105      5000            1.77215601e-06  -83.0955897    
3749.47105      5000            3.15138854e-06  -157.186475    
3749.47105      5000            5.60404936e-06  -292.677307    
3749.47105      5000            9.96556558e-06  -538.793065    
3749.47105      5000            1.77215601e-05  -983.44415     
3749.47105      5000            3.15138854e-05  -1783.37048    
3749.47105      5000            5.60404936e-05  -3217.7975     
3749.47105      5000            9.96556558e-05  -5783.90046    
5000            6667.60716      0               4.96574003e-05 
5000            6667.60716      1.77215601e-10  -0.00545798775 
5000            6667.60716      3.15138854e-10  -0.00974560954 
5000            6667.60716      5.60404936e-10  -0.0173726471  
5000            6667.60716      9.96556558e-10  -0.0309433643  
5000            6667.60716      1.77215601e-09  -0.0551001262  
5000            6667.60716      3.15138854e-09  -0.0981333686  
5000            6667.60716      5.60404936e-09  -0.174893349   
5000            6667.60716      9.96556558e-09  -0.312111162   
5000            6667.60716      1.77215601e-08  -0.55825771    
5000            6667.60716      3.15138854e-08  -1.00207298    
5000            6667.60716      5.60404936e-08  -1.80763736    
5000            6667.60716      9.96556558e-08  -3.28012797    
5000            6667.60716      1.77215601e-07  -5.98598789    
5000            6667.60716      3.15138854e-07  -10.9677148    
5000            6667.60716      5.60404936e-07  -20.1288109    
5000            6667.60716      9.96556558e-07  -36.9349973    
5000            6667.60716      1.77215601e-06  -67.6931756    
5000            6667.60716      3.15138854e-06  -123.849095    
5000            6667.60716      5.60404936e-06  -226.056972    
5000            6667.60716      9.96556558e-06  -411.359366    
5000            6667.60716      1.77215601e-05  -745.89587     
5000            6667.60716      3.15138854e-05  -1347.49452    
5000            6667.60716      5.60404936e-05  -2425.91221    
5000            6667.60716      9.96556558e-05  -4354.48941    
6667.60716      8891.39705      0               5.1754796e-09  
6667.60716      8891.39705      1.77215601e-10  -0.0031881703  
6667.60716      8891.39705      3.15138854e-10  -0.00567154358 
6667.60716      8891.39705      5.60404936e-10  -0.0100921623  
6667.60716      8891.39705      9.96556558e-10  -0.01796738    
6667.60716      8891.39705      1.77215601e-09  -0.0320160036  
6667.60716      8891.39705      3.15138854e-09  -0.0571363693  
6667.60716      8891.39705      5.60404936e-09  -0.102232569   
6667.60716      8891.39705      9.96556558e-09  -0.183711438   
6667.60716      8891.39705      1.77215601e-08  -0.332366731   
6667.60716      8891.39705      3.15138854e-08  -0.607189019   
6667.60716      8891.39705      5.60404936e-08  -1.1229144     
6667.60716      8891.39705      9.96556558e-08  -2.10296564    
6667.60716      8891.39705      1.77215601e-07  -3.9759749     
6667.60716      8891.39705      3.15138854e-07  -7.54616268    
6667.60716      8891.39705      5.60404936e-07  -14.2946217    
6667.60716      8891.39705      9.96556558e-07  -26.9171964    
6667.60716      8891.39705      1.77215601e-06  -50.2859507    
6667.60716      8891.39705      3.15138854e-06  -93.1670105    
6667.60716      8891.39705      5.60404936e-06  -171.285157    
6667.60716      8891.39705      9.96556558e-06  -312.772846    
6667.60716      8891.39705      1.77215601e-05  -567.840655    
6667.60716      8891.39705      3.15138854e-05  -1025.94924    
6667.60716      8891.39705      5.60404936e-05  -1846.34182    
6667.60716      8891.39705      9.96556558e-05  -3312.36514    
8891.39705      11856.8685      0               5.9053491e-09  
8891.39705      11856.8685      1.77215601e-10  -0.00363581514 
8891.39705      11856.8685      3.15138854e-10  -0.00646562751 
8891.39705      11856.8685      5.60404936e-10  -0.0114981006  
8891.39705      11856.8685      9.96556558e-10  -0.0204481158  
8891.39705      11856.8685      1.77215601e-09  -0.0363664967  
8891.39705      11856.8685      3.15138854e-09  -0.0646825076  
8891.39705      11856.8685      5.60404936e-09  -0.115063606   
8891.39705      11856.8685      9.96556558e-09  -0.204740917   
8891.39705      11856.8685      1.77215601e-08  -0.364478908   
8891.39705      11856.8685      3.15138854e-08  -0.649358506   
8891.39705      11856.8685      5.60404936e-08  -1.15843081    
8891.39705      11856.8685      9.96556558e-08  -2.07093441    
8891.39705      11856.8685      1.77215601e-07  -3.71365118    
8891.39705      11856.8685      3.15138854e-07  -6.6861929     
8891.39705      11856.8685      5.60404936e-07  -12.0907127    
8891.39705      11856.8685      9.96556558e-07  -21.9435306    
8891.39705      11856.8685      1.77215601e-06  -39.9025298    
8891.39705      11856.8685      3.15138854e-06  -72.5562616    
8891.39705      11856.8685      5.60404936e-06  -131.723467    
8891.39705      11856.8685      9.96556558e-06  -238.553013    
8891.39705      11856.8685      1.77215601e-05  -430.810574    
8891.39705      11856.8685      3.15138854e-05  -775.819236    
8891.39705      11856.8685      5.60404936e-05  -1393.45977    
8891.39705      11856.8685      9.96556558e-05  -2497.0733     
11856.8685      15811.3883      0               5.03450792e-09 
11856.8685      15811.3883      1.77215601e-10  -0.00309977679 
11856.8685      15811.3883      3.15138854e-10  -0.00551229577 
11856.8685      15811.3883      5.60404936e-10  -0.00980247745 
11856.8685      15811.3883      9.96556558e-10  -0.0174317736  
11856.8685      15811.3883      1.77215601e-09  -0.0309992819  
11856.8685      15811.3883      3.15138854e-09  -0.055127643   
11856.8685      15811.3883      5.60404936e-09  -0.0980394695  
11856.8685      15811.3883      9.96556558e-09  -0.174363977   
11856.8685      15811.3883      1.77215601e-08  -0.310138219   
11856.8685      15811.3883      3.15138854e-08  -0.55173209    
11856.8685      15811.3883      5.60404936e-08  -0.98181341    
11856.8685      15811.3883      9.96556558e-08  -1.74800733    
11856.8685      15811.3883      1.77215601e-07  -3.11457661    
11856.8685      15811.3883      3.15138854e-07  -5.55600314    
11856.8685      15811.3883      5.60404936e-07  -9.92658904    
11856.8685      15811.3883      9.96556558e-07  -17.7662505    
11856.8685      15811.3883      1.77215601e-06  -31.8468648    
11856.8685      15811.3883      3.15138854e-06  -57.1425269    
11856.8685      15811.3883      5.60404936e-06  -102.552553    
11856.8685      15811.3883      9.96556558e-06  -183.965482    
11856.8685      15811.3883      1.77215601e-05  -329.708391    
11856.8685      15811.3883      3.15138854e-05  -590.239735    
11856.8685      15811.3883      5.60404936e-05  -1055.39965    
11856.8685      15811.3883      9.96556558e-05  -1885.11474    
15811.3883      21084.8252      0               3.80509846e-09 
15811.3883      21084.8252      1.77215601e-10  -0.00234295381 
15811.3883      21084.8252      3.15138854e-10  -0.00416645327 
15811.3883      21084.8252      5.60404936e-10  -0.00740919626 
15811.3883      21084.8252      9.96556558e-10  -0.0131758619  
15811.3883      21084.8252      1.77215601e-09  -0.0234311181  
15811.3883      21084.8252      3.15138854e-09  -0.0416694501  
15811.3883      21084.8252      5.60404936e-09  -0.0741074098  
15811.3883      21084.8252      9.96556558e-09  -0.131807232   
15811.3883      21084.8252      1.77215601e-08  -0.23446394    
15811.3883      21084.8252      3.15138854e-08  -0.417172535   
15811.3883      21084.8252      5.60404936e-08  -0.742558631   
15811.3883      21084.8252      9.96556558e-08  -1.32262207    
15811.3883      21084.8252      1.77215601e-07  -2.35828078    
15811.3883      21084.8252      3.15138854e-07  -4.21122832    
15811.3883      21084.8252      5.60404936e-07  -7.53423736    
15811.3883      21084.8252      9.96556558e-07  -13.5049162    
15811.3883      21084.8252      1.77215601e-06  -24.2391708    
15811.3883      21084.8252      3.15138854e-06  -43.518394     
15811.3883      21084.8252      5.60404936e-06  -78.0757141    
15811.3883      21084.8252      9.96556558e-06  -139.886422    
15811.3883      21084.8252      1.77215601e-05  -250.251569    
15811.3883      21084.8252      3.15138854e-05  -447.067785    
15811.3883      21084.8252      5.60404936e-05  -797.758719    
15811.3883      21084.8252      9.96556558e-05  -1422.2799     
21084.8252      28117.0663      0               1.41588001e-05 
21084.8252      28117.0663      1.77215601e-10  -0.00155602726 
21084.8252      28117.0663      3.15138854e-10  -0.00277810549 
21084.8252      28117.0663      5.60404936e-10  -0.00495137713 
21084.8252      28117.0663      9.96556558e-10  -0.0088162987  
21084.8252      28117.0663      1.77215601e-09  -0.0156899591  
21084.8252      28117.0663      3.15138854e-09  -0.0279156157  
21084.8252      28117.0663      5.60404936e-09  -0.0496637162  
21084.8252      28117.0663      9.96556558e-09  -0.0883614141  
21084.8252      28117.0663      1.77215601e-08  -0.157250403   
21084.8252      28117.0663      3.15138854e-08  -0.27998371    
21084.8252      28117.0663      5.60404936e-08  -0.498944188   
21084.8252      28117.0663      9.96556558e-08  -0.890449074   
21084.8252      28117.0663      1.77215601e-07  -1.59287847    
21084.8252      28117.0663      3.15138854e-07  -2.85921745    
21084.8252      28117.0663      5.60404936e-07  -5.15505874    
21084.8252      28117.0663      9.96556558e-07  -9.33782137    
21084.8252      28117.0663      1.77215601e-06  -16.9743313    
21084.8252      28117.0663      3.15138854e-06  -30.892588     
21084.8252      28117.0663      5.60404936e-06  -56.1469849    
21084.8252      28117.0663      9.96556558e-06  -101.735011    
21084.8252      28117.0663      1.77215601e-05  -183.668781    
21084.8252      28117.0663      3.15138854e-05  -330.45554     
21084.8252      28117.0663      5.60404936e-05  -592.846367    
21084.8252      28117.0663      9.96556558e-05  -1061.15991    
28117.0663      37494.7105      0               1.26751112e-05 
28117.0663      37494.7105      1.77215601e-10  -0.00139295058 
28117.0663      37494.7105      3.15138854e-10  -0.00248692067 
28117.0663      37494.7105      5.60404936e-10  -0.00443230633 
28117.0663      37494.7105      9.96556558e-10  -0.00789174933 
28117.0663      37494.7105      1.77215601e-09  -0.0140436174  
28117.0663      37494.7105      3.15138854e-09  -0.0249833953  
28117.0663      37494.7105      5.60404936e-09  -0.0444374952  
28117.0663      37494.7105      9.96556558e-09  -0.0790326945  
28117.0663      37494.7105      1.77215601e-08  -0.140553806   
28117.0663      37494.7105      3.15138854e-08  -0.249959261   
28117.0663      37494.7105      5.60404936e-08  -0.444524474   
28117.0663      37494.7105      9.96556558e-08  -0.790552707   
28117.0663      37494.7105      1.77215601e-07  -1.40600307    
28117.0663      37494.7105      3.15138854e-07  -2.50080401    
28117.0663      37494.7105      5.60404936e-07  -4.44876152    
28117.0663      37494.7105      9.96556558e-07  -7.91604519    
28117.0663      37494.7105      1.77215601e-06  -14.0912374    
28117.0663      37494.7105      3.15138854e-06  -25.0978727    
28117.0663      37494.7105      5.60404936e-06  -44.7340365    
28117.0663      37494.7105      9.96556558e-06  -79.7946328    
28117.0663      37494.7105      1.77215601e-05  -142.4261      
28117.0663      37494.7105      3.15138854e-05  -254.308067    
28117.0663      37494.7105      5.60404936e-05  -454.072338    
28117.0663      37494.7105      9.96556558e-05  -810.471426    
37494.7105      50000           0               9.71058728e-06 
37494.7105      50000           1.77215601e-10  -0.00106715956 
37494.7105      50000           3.15138854e-10  -0.00190526561 
37494.7105      50000           5.60404936e-10  -0.00339565276 
37494.7105      50000           9.96556558e-10  -0.00604597883 
37494.7105      50000           1.77215601e-09  -0.0107590032  
37494.7105      50000           3.15138854e-09  -0.0191400904  
37494.7105      50000           5.60404936e-09  -0.034044046   
37494.7105      50000           9.96556558e-09  -0.0605475729  
37494.7105      50000           1.77215601e-08  -0.107678658   
37494.7105      50000           3.15138854e-08  -0.191492187   
37494.7105      50000           5.60404936e-08  -0.340540131   
37494.7105      50000           9.96556558e-08  -0.605601841   
37494.7105      50000           1.77215601e-07  -1.07699584    
37494.7105      50000           3.15138854e-07  -1.9153915     
37494.7105      50000           5.60404936e-07  -3.40668021    
37494.7105      50000           9.96556558e-07  -6.05978083    
37494.7105      50000           1.77215601e-06  -10.7811821    
37494.7105      50000           3.15138854e-06  -19.1868055    
37494.7105      50000           5.60404936e-06  -34.1594808    
37494.7105      50000           9.96556558e-06  -60.8443216    
37494.7105      50000           1.77215601e-05  -108.421511    
37494.7105      50000           3.15138854e-05  -193.257486    
37494.7105      50000           5.60404936e-05  -344.504694    
37494.7105      50000           9.96556558e-05  -614.055709    
50000           66676.0716      0               0.000112364319 
50000           66676.0716      1.77215601e-10  -0.000170974519
50000           66676.0716      3.15138854e-10  -0.000391694899
50000           66676.0716      5.60404936e-10  -0.000784637136
50000           66676.0716      9.96556558e-10  -0.00148478645 
50000           66676.0716      1.77215601e-09  -0.00273422453 
50000           66676.0716      3.15138854e-09  -0.00496984309 
50000           66676.0716      5.60404936e-09  -0.00898853375 
50000           66676.0716      9.96556558e-09  -0.0162690724  
50000           66676.0716      1.77215601e-08  -0.0296281576  
50000           66676.0716      3.15138854e-08  -0.0546241941  
50000           66676.0716      5.60404936e-08  -0.102672307   
50000           66676.0716      9.96556558e-08  -0.197976199   
50000           66676.0716      1.77215601e-07  -0.392241295   
50000           66676.0716      3.15138854e-07  -0.793015311   
50000           66676.0716      5.60404936e-07  -1.61234326    
50000           66676.0716      9.96556558e-07  -3.24500766    
50000           66676.0716      1.77215601e-06  -6.39821971    
50000           66676.0716      3.15138854e-06  -12.3208011    
50000           66676.0716      5.60404936e-06  -23.2174238    
50000           66676.0716      9.96556558e-06  -42.9926432    
50000           66676.0716      1.77215601e-05  -78.5777105    
50000           66676.0716      3.15138854e-05  -142.290738    
50000           66676.0716      5.60404936e-05  -256.033645    
50000           66676.0716      9.96556558e-05  -458.756166    
66676.0716      88913.9705      0               -0.535314502   
66676.0716      88913.9705      1.77215601e-10  -0.533794112   
66676.0716      88913.9705      3.15138854e-10  -0.532613967   
66676.0716      88913.9705      5.60404936e-10  -0.530522106   
66676.0716      88913.9705      9.96556558e-10  -0.52682345    
66676.0716      88913.9705      1.77215601e-09  -0.520312658   
66676.0716      88913.9705      3.15138854e-09  -0.508940547   
66676.0716      88913.9705      5.60404936e-09  -0.489346047   
66676.0716      88913.9705      9.96556558e-09  -0.456369533   
66676.0716      88913.9705      1.77215601e-08  -0.403048293   
66676.0716      88913.9705      3.15138854e-08  -0.322391131   
66676.0716      88913.9705      5.60404936e-08  -0.213117783   
66676.0716      88913.9705      9.96556558e-08  -0.0910868203  
66676.0716      88913.9705      1.77215601e-07  -0.00537765069 
66676.0716      88913.9705      3.15138854e-07  -0.0570451955  
66676.0716      88913.9705      5.60404936e-07  -0.425262408   
66676.0716      88913.9705      9.96556558e-07  -1.416082      
66676.0716      88913.9705      1.77215601e-06  -3.55698933    
66676.0716      88913.9705      3.15138854e-06  -7.77119113    
66676.0716      88913.9705      5.60404936e-06  -15.6898057    
66676.0716      88913.9705      9.96556558e-06  -30.2070066    
66676.0716      88913.9705      1.77215601e-05  -56.4669681    
66676.0716      88913.9705      3.15138854e-05  -103.620043    
66676.0716      88913.9705      5.60404936e-05  -187.949886    
66676.0716      88913.9705      9.96556558e-05  -338.442892    
88913.9705      118568.685      0               7.84571876e-06 
88913.9705      118568.685      1.77215601e-10  -0.000427225083
88913.9705      118568.685      3.15138854e-10  -0.000765832152
88913.9705      118568.685      5.60404936e-10  -0.00136797104 
88913.9705      118568.685      9.96556558e-10  -0.0024387451  
88913.9705      118568.685      1.77215601e-09  -0.00434288968 
88913.9705      118568.685      3.15138854e-09  -0.00772901954 
88913.9705      118568.685      5.60404936e-09  -0.0137505955  
88913.9705      118568.685      9.96556558e-09  -0.0244589274  
88913.9705      118568.685      1.77215601e-08  -0.0435022412  
88913.9705      118568.685      3.15138854e-08  -0.0773694372  
88913.9705      118568.685      5.60404936e-08  -0.13760379    
88913.9705      118568.685      9.96556558e-08  -0.244745596   
88913.9705      118568.685      1.77215601e-07  -0.43536196    
88913.9705      118568.685      3.15138854e-07  -0.774603863   
88913.9705      118568.685      5.60404936e-07  -1.37869868    
88913.9705      118568.685      9.96556558e-07  -2.45538795    
88913.9705      118568.685      1.77215601e-06  -4.37689361    
88913.9705      118568.685      3.15138854e-06  -7.81172011    
88913.9705      118568.685      5.60404936e-06  -13.9616056    
88913.9705      118568.685      9.96556558e-06  -24.9831576    
88913.9705      118568.685      1.77215601e-05  -44.7317784    
88913.9705      118568.685      3.15138854e-05  -80.0747003    
88913.9705      118568.685      5.60404936e-05  -143.221617    
88913.9705      118568.685      9.96556558e-05  -255.87532     
118568.685      158113.883      0               5.26597432e-10 
118568.685      158113.883      1.77215601e-10  -0.000324235391
118568.685      158113.883      3.15138854e-10  -0.00057658177 
118568.685      158113.883      5.60404936e-10  -0.00102532466 
118568.685      158113.883      9.96556558e-10  -0.00182331656 
118568.685      158113.883      1.77215601e-09  -0.00324237433 
118568.685      158113.883      3.15138854e-09  -0.00576587204 
118568.685      158113.883      5.60404936e-09  -0.0102534082  
118568.685      158113.883      9.96556558e-09  -0.0182336661  
118568.685      158113.883      1.77215601e-08  -0.0324253149  
118568.685      158113.883      3.15138854e-08  -0.0576636746  
118568.685      158113.883      5.60404936e-08  -0.102549708   
118568.685      158113.883      9.96556558e-08  -0.182385901   
118568.685      158113.883      1.77215601e-07  -0.324407929   
118568.685      158113.883      3.15138854e-07  -0.577121108   
118568.685      158113.883      5.60404936e-07  -1.02700099    
118568.685      158113.883      9.96556558e-07  -1.82846642    
118568.685      158113.883      1.77215601e-06  -3.25788465    
118568.685      158113.883      3.15138854e-06  -5.81114715    
118568.685      158113.883      5.60404936e-06  -10.3796747    
118568.685      158113.883      9.96556558e-06  -18.5652863    
118568.685      158113.883      1.77215601e-05  -33.237459     
118568.685      158113.883      3.15138854e-05  -59.5152781    
118568.685      158113.883      5.60404936e-05  -106.504878    
118568.685      158113.883      9.96556558e-05  -190.389132    
158113.883      210848.252      0               0.000226526314 
158113.883      210848.252      1.77215601e-10  -2.98558447e-05
158113.883      210848.252      3.15138854e-10  -0.0002293928  
158113.883      210848.252      5.60404936e-10  -0.000584225258
158113.883      210848.252      9.96556558e-10  -0.00121521651 
158113.883      210848.252      1.77215601e-09  -0.00233729527 
158113.883      210848.252      3.15138854e-09  -0.00433266482 
158113.883      210848.252      5.60404936e-09  -0.00788098941 
158113.883      210848.252      9.96556558e-09  -0.014190902   
158113.883      210848.252      1.77215601e-08  -0.0254116895  
158113.883      210848.252      3.15138854e-08  -0.045365385   
158113.883      210848.252      5.60404936e-08  -0.0808486309  
158113.883      210848.252      9.96556558e-08  -0.143947757   
158113.883      210848.252      1.77215601e-07  -0.256155633   
158113.883      210848.252      3.15138854e-07  -0.455692589   
158113.883      210848.252      5.60404936e-07  -0.810525051   
158113.883      210848.252      9.96556558e-07  -1.44151632    
158113.883      210848.252      1.77215601e-06  -2.56359511    
158113.883      210848.252      3.15138854e-06  -4.55896477    
158113.883      210848.252      5.60404936e-06  -8.10728972    
158113.883      210848.252      9.96556558e-06  -14.4172034    
158113.883      210848.252      1.77215601e-05  -25.6379946    
158113.883      210848.252      3.15138854e-05  -45.5917015    
158113.883      210848.252      5.60404936e-05  -81.0749834    
158113.883      210848.252      9.96556558e-05  -144.174222    
210848.252      281170.663      0               1.72704999e-06 
210848.252      281170.663      1.77215601e-10  -0.000189796727
210848.252      281170.663      3.15138854e-10  -0.000338855738
210848.252      281170.663      5.60404936e-10  -0.00060392431 
210848.252      281170.663      9.96556558e-10  -0.00107529029 
210848.252      281170.663      1.77215601e-09  -0.00191351072 
210848.252      281170.663      3.15138854e-09  -0.00340410083 
210848.252      281170.663      5.60404936e-09  -0.00605478655 
210848.252      281170.663      9.96556558e-09  -0.0107684464  
210848.252      281170.663      1.77215601e-08  -0.0191506506  
210848.252      281170.663      3.15138854e-08  -0.0340565518  
210848.252      281170.663      5.60404936e-08  -0.060563409   
210848.252      281170.663      9.96556558e-08  -0.107700007   
210848.252      281170.663      1.77215601e-07  -0.19152205    
210848.252      281170.663      3.15138854e-07  -0.340581061   
210848.252      281170.663      5.60404936e-07  -0.605649633   
210848.252      281170.663      9.96556558e-07  -1.07701562    
210848.252      281170.663      1.77215601e-06  -1.91523604    
210848.252      281170.663      3.15138854e-06  -3.40582616    
210848.252      281170.663      5.60404936e-06  -6.05651188    
210848.252      281170.663      9.96556558e-06  -10.7701717    
210848.252      281170.663      1.77215601e-05  -19.152376     
210848.252      281170.663      3.15138854e-05  -34.0582772    
210848.252      281170.663      5.60404936e-05  -60.5651345    
210848.252      281170.663      9.96556558e-05  -107.701733    
281170.663      374947.105      0               1.28334592e-06 
281170.663      374947.105      1.77215601e-10  -0.000141035208
281170.663      374947.105      3.15138854e-10  -0.000251798808
281170.663      374947.105      5.60404936e-10  -0.000448767438
281170.663      374947.105      9.96556558e-10  -0.000799032697
281170.663      374947.105      1.77215601e-09  -0.00142190219 
281170.663      374947.105      3.15138854e-09  -0.0025295382  
281170.663      374947.105      5.60404936e-09  -0.00449922449 
281170.663      374947.105      9.96556558e-09  -0.00800187708 
281170.663      374947.105      1.77215601e-08  -0.0142305721  
281170.663      374947.105      3.15138854e-08  -0.0253069321  
281170.663      374947.105      5.60404936e-08  -0.045003795   
281170.663      374947.105      9.96556558e-08  -0.0800303209  
281170.663      374947.105      1.77215601e-07  -0.142317271   
281170.663      374947.105      3.15138854e-07  -0.253080871   
281170.663      374947.105      5.60404936e-07  -0.450049501   
281170.663      374947.105      9.96556558e-07  -0.800314759   
281170.663      374947.105      1.77215601e-06  -1.42318426    
281170.663      374947.105      3.15138854e-06  -2.53082026    
281170.663      374947.105      5.60404936e-06  -4.50050656    
281170.663      374947.105      9.96556558e-06  -8.00315914    
281170.663      374947.105      1.77215601e-05  -14.2318541    
281170.663      374947.105      3.15138854e-05  -25.3082142    
281170.663      374947.105      5.60404936e-05  -45.0050772    
281170.663      374947.105      9.96556558e-05  -80.0316032    
374947.105      500000          0               1.67791114e-10 
374947.105      500000          1.77215601e-10  -0.000103309067
374947.105      500000          3.15138854e-10  -0.000183712517
374947.105      500000          5.60404936e-10  -0.000326692317
374947.105      500000          9.96556558e-10  -0.000580950351
374947.105      500000          1.77215601e-09  -0.00103309218 
374947.105      500000          3.15138854e-09  -0.00183712668 
374947.105      500000          5.60404936e-09  -0.00326692468 
374947.105      500000          9.96556558e-09  -0.00580950502 
374947.105      500000          1.77215601e-08  -0.0103309233  
374947.105      500000          3.15138854e-08  -0.0183712684  
374947.105      500000          5.60404936e-08  -0.0326692485  
374947.105      500000          9.96556558e-08  -0.0580950523  
374947.105      500000          1.77215601e-07  -0.103309236   
374947.105      500000          3.15138854e-07  -0.18371269    
374947.105      500000          5.60404936e-07  -0.326692503   
374947.105      500000          9.96556558e-07  -0.580950577   
374947.105      500000          1.77215601e-06  -1.03309253    
374947.105      500000          3.15138854e-06  -1.83712743    
374947.105      500000          5.60404936e-06  -3.26692669    
374947.105      500000          9.96556558e-06  -5.80951103    
374947.105      500000          1.77215601e-05  -10.3309419    
374947.105      500000          3.15138854e-05  -18.3713266    
374947.105      500000          5.60404936e-05  -32.6694314    
374947.105      500000          9.96556558e-05  -58.0956254    
