### /nfs/slac/g/ki/ki20/cta/mdwood/fermi/dsph_pipeline/des_dwarfs/v6/p302_6yr_source_psf0123_point_gs_jsigma0.6/results/like_horologium_II.txt
#[0]emin(MeV) [1]emax(MeV) [2]eflux(MeV/cm^2/s) [3]deltaLogLike
500             666.760716      0               -1.09651243    
500             666.760716      1.77215601e-10  -1.09059042    
500             666.760716      3.15138854e-10  -1.08599431    
500             666.760716      5.60404936e-10  -1.07784896    
500             666.760716      9.96556558e-10  -1.06345198    
500             666.760716      1.77215601e-09  -1.03812655    
500             666.760716      3.15138854e-09  -0.993959254   
500             666.760716      5.60404936e-09  -0.918132004   
500             666.760716      9.96556558e-09  -0.791702403   
500             666.760716      1.77215601e-08  -0.592565978   
500             666.760716      3.15138854e-08  -0.315035022   
500             666.760716      5.60404936e-08  -0.0414064939  
500             666.760716      9.96556558e-08  -0.152666117   
500             666.760716      1.77215601e-07  -1.86336195    
500             666.760716      3.15138854e-07  -8.42450225    
500             666.760716      5.60404936e-07  -27.5892079    
500             666.760716      9.96556558e-07  -76.379277     
500             666.760716      1.77215601e-06  -190.03706     
500             666.760716      3.15138854e-06  -438.620464    
500             666.760716      5.60404936e-06  -957.424724    
500             666.760716      9.96556558e-06  -2001.93966    
500             666.760716      1.77215601e-05  -4045.85254    
500             666.760716      3.15138854e-05  -7954.79527    
500             666.760716      5.60404936e-05  -15294.2457    
500             666.760716      9.96556558e-05  -28875.5156    
666.760716      889.139705      0               -0.161130222   
666.760716      889.139705      1.77215601e-10  -0.158329186   
666.760716      889.139705      3.15138854e-10  -0.156167829   
666.760716      889.139705      5.60404936e-10  -0.152364509   
666.760716      889.139705      9.96556558e-10  -0.145727687   
666.760716      889.139705      1.77215601e-09  -0.134322902   
666.760716      889.139705      3.15138854e-09  -0.11528293    
666.760716      889.139705      5.60404936e-09  -0.0852640915  
666.760716      889.139705      9.96556558e-09  -0.0435760167  
666.760716      889.139705      1.77215601e-08  -0.00414771324 
666.760716      889.139705      3.15138854e-08  -0.0329694147  
666.760716      889.139705      5.60404936e-08  -0.35044538    
666.760716      889.139705      9.96556558e-08  -1.57985987    
666.760716      889.139705      1.77215601e-07  -5.29065131    
666.760716      889.139705      3.15138854e-07  -15.0958123    
666.760716      889.139705      5.60404936e-07  -38.7644646    
666.760716      889.139705      9.96556558e-07  -92.1992559    
666.760716      889.139705      1.77215601e-06  -206.858162    
666.760716      889.139705      3.15138854e-06  -443.474494    
666.760716      889.139705      5.60404936e-06  -917.042263    
666.760716      889.139705      9.96556558e-06  -1841.62027    
666.760716      889.139705      1.77215601e-05  -3609.9315     
666.760716      889.139705      3.15138854e-05  -6934.43272    
666.760716      889.139705      5.60404936e-05  -13097.507     
666.760716      889.139705      9.96556558e-05  -24395.6017    
889.139705      1185.68685      0               -0.00653175914 
889.139705      1185.68685      1.77215601e-10  -0.00577365364 
889.139705      1185.68685      3.15138854e-10  -0.00521211792 
889.139705      1185.68685      5.60404936e-10  -0.00427476445 
889.139705      1185.68685      9.96556558e-10  -0.00279976698 
889.139705      1185.68685      1.77215601e-09  -0.000774267051
889.139705      1185.68685      3.15138854e-09  0.00098857738  
889.139705      1185.68685      5.60404936e-09  -0.00142903583 
889.139705      1185.68685      9.96556558e-09  -0.0219750305  
889.139705      1185.68685      1.77215601e-08  -0.103835946   
889.139705      1185.68685      3.15138854e-08  -0.367740896   
889.139705      1185.68685      5.60404936e-08  -1.1219027     
889.139705      1185.68685      9.96556558e-08  -3.09298724    
889.139705      1185.68685      1.77215601e-07  -7.89079509    
889.139705      1185.68685      3.15138854e-07  -18.9259615    
889.139705      1185.68685      5.60404936e-07  -43.1876162    
889.139705      1185.68685      9.96556558e-07  -94.5947165    
889.139705      1185.68685      1.77215601e-06  -200.150964    
889.139705      1185.68685      3.15138854e-06  -411.070596    
889.139705      1185.68685      5.60404936e-06  -822.761048    
889.139705      1185.68685      9.96556558e-06  -1610.53598    
889.139705      1185.68685      1.77215601e-05  -3093.11057    
889.139705      1185.68685      3.15138854e-05  -5845.25946    
889.139705      1185.68685      5.60404936e-05  -10897.8539    
889.139705      1185.68685      9.96556558e-05  -20093.3666    
1185.68685      1581.13883      0               -1.30311009    
1185.68685      1581.13883      1.77215601e-10  -1.2913792     
1185.68685      1581.13883      3.15138854e-10  -1.28231005    
1185.68685      1581.13883      5.60404936e-10  -1.26631265    
1185.68685      1581.13883      9.96556558e-10  -1.23827015    
1185.68685      1581.13883      1.77215601e-09  -1.18965226    
1185.68685      1581.13883      3.15138854e-09  -1.10697737    
1185.68685      1581.13883      5.60404936e-09  -0.97106213    
1185.68685      1581.13883      9.96556558e-09  -0.76049595    
1185.68685      1581.13883      1.77215601e-08  -0.467784857   
1185.68685      1581.13883      3.15138854e-08  -0.144951165   
1185.68685      1581.13883      5.60404936e-08  -0.00841264749 
1185.68685      1581.13883      9.96556558e-08  -0.657446988   
1185.68685      1581.13883      1.77215601e-07  -3.50730446    
1185.68685      1581.13883      3.15138854e-07  -11.6114271    
1185.68685      1581.13883      5.60404936e-07  -31.1590939    
1185.68685      1581.13883      9.96556558e-07  -74.1506289    
1185.68685      1581.13883      1.77215601e-06  -163.205212    
1185.68685      1581.13883      3.15138854e-06  -340.28477     
1185.68685      1581.13883      5.60404936e-06  -682.470164    
1185.68685      1581.13883      9.96556558e-06  -1330.17413    
1185.68685      1581.13883      1.77215601e-05  -2537.20286    
1185.68685      1581.13883      3.15138854e-05  -4759.49869    
1185.68685      1581.13883      5.60404936e-05  -8812.77748    
1185.68685      1581.13883      9.96556558e-05  -16152.8921    
1581.13883      2108.48252      0               -0.252236223   
1581.13883      2108.48252      1.77215601e-10  -0.244630099   
1581.13883      2108.48252      3.15138854e-10  -0.238822874   
1581.13883      2108.48252      5.60404936e-10  -0.228734534   
1581.13883      2108.48252      9.96556558e-10  -0.211528304   
1581.13883      2108.48252      1.77215601e-09  -0.183142104   
1581.13883      2108.48252      3.15138854e-09  -0.13910877    
1581.13883      2108.48252      5.60404936e-09  -0.0786251853  
1581.13883      2108.48252      9.96556558e-09  -0.016672203   
1581.13883      2108.48252      1.77215601e-08  -0.0118690702  
1581.13883      2108.48252      3.15138854e-08  -0.21954788    
1581.13883      2108.48252      5.60404936e-08  -0.983331723   
1581.13883      2108.48252      9.96556558e-08  -2.9954968     
1581.13883      2108.48252      1.77215601e-07  -7.59742752    
1581.13883      2108.48252      3.15138854e-07  -17.3617976    
1581.13883      2108.48252      5.60404936e-07  -37.2112622    
1581.13883      2108.48252      9.96556558e-07  -76.5206282    
1581.13883      2108.48252      1.77215601e-06  -152.9739      
1581.13883      2108.48252      3.15138854e-06  -299.487558    
1581.13883      2108.48252      5.60404936e-06  -576.480948    
1581.13883      2108.48252      9.96556558e-06  -1093.59802    
1581.13883      2108.48252      1.77215601e-05  -2048.2768     
1581.13883      2108.48252      3.15138854e-05  -3794.31483    
1581.13883      2108.48252      5.60404936e-05  -6963.7096     
1581.13883      2108.48252      9.96556558e-05  -12683.1474    
2108.48252      2811.70663      0               1.74586603e-08 
2108.48252      2811.70663      1.77215601e-10  -0.0107501821  
2108.48252      2811.70663      3.15138854e-10  -0.0191190303  
2108.48252      2811.70663      5.60404936e-10  -0.0340059038  
2108.48252      2811.70663      9.96556558e-10  -0.0604938108  
2108.48252      2811.70663      1.77215601e-09  -0.107643513   
2108.48252      2811.70663      3.15138854e-09  -0.191635352   
2108.48252      2811.70663      5.60404936e-09  -0.341451309   
2108.48252      2811.70663      9.96556558e-09  -0.609260587   
2108.48252      2811.70663      1.77215601e-08  -1.08968209    
2108.48252      2811.70663      3.15138854e-08  -1.95611413    
2108.48252      2811.70663      5.60404936e-08  -3.53017164    
2108.48252      2811.70663      9.96556558e-08  -6.41483694    
2108.48252      2811.70663      1.77215601e-07  -11.7479469    
2108.48252      2811.70663      3.15138854e-07  -21.6798734    
2108.48252      2811.70663      5.60404936e-07  -40.26481      
2108.48252      2811.70663      9.96556558e-07  -75.0985783    
2108.48252      2811.70663      1.77215601e-06  -140.270078    
2108.48252      2811.70663      3.15138854e-06  -261.610246    
2108.48252      2811.70663      5.60404936e-06  -485.999414    
2108.48252      2811.70663      9.96556558e-06  -897.894137    
2108.48252      2811.70663      1.77215601e-05  -1648.7112     
2108.48252      2811.70663      3.15138854e-05  -3009.10916    
2108.48252      2811.70663      5.60404936e-05  -5462.00356    
2108.48252      2811.70663      9.96556558e-05  -9867.96048    
2811.70663      3749.47105      0               0.000102179759 
2811.70663      3749.47105      1.77215601e-10  -0.00556937334 
2811.70663      3749.47105      3.15138854e-10  -0.00999095419 
2811.70663      3749.47105      5.60404936e-10  -0.0178699637  
2811.70663      3749.47105      9.96556558e-10  -0.031931945   
2811.70663      3749.47105      1.77215601e-09  -0.0570971639  
2811.70663      3749.47105      3.15138854e-09  -0.102340772   
2811.70663      3749.47105      5.60404936e-09  -0.184299964   
2811.70663      3749.47105      9.96556558e-09  -0.33451567    
2811.70663      3749.47105      1.77215601e-08  -0.614381216   
2811.70663      3749.47105      3.15138854e-08  -1.14611428    
2811.70663      3749.47105      5.60404936e-08  -2.17487299    
2811.70663      3749.47105      9.96556558e-08  -4.1861756     
2811.70663      3749.47105      1.77215601e-07  -8.11730546    
2811.70663      3749.47105      3.15138854e-07  -15.7358097    
2811.70663      3749.47105      5.60404936e-07  -30.3276729    
2811.70663      3749.47105      9.96556558e-07  -57.9432818    
2811.70663      3749.47105      1.77215601e-06  -109.617104    
2811.70663      3749.47105      3.15138854e-06  -205.298418    
2811.70663      3749.47105      5.60404936e-06  -380.834231    
2811.70663      3749.47105      9.96556558e-06  -700.413262    
2811.70663      3749.47105      1.77215601e-05  -1278.74892    
2811.70663      3749.47105      3.15138854e-05  -2320.57727    
2811.70663      3749.47105      5.60404936e-05  -4190.90643    
2811.70663      3749.47105      9.96556558e-05  -7539.89722    
3749.47105      5000            0               -2.97542562    
3749.47105      5000            1.77215601e-10  -2.93092591    
3749.47105      5000            3.15138854e-10  -2.89718737    
3749.47105      5000            5.60404936e-10  -2.83900241    
3749.47105      5000            9.96556558e-10  -2.74076543    
3749.47105      5000            1.77215601e-09  -2.58032992    
3749.47105      5000            3.15138854e-09  -2.330749      
3749.47105      5000            5.60404936e-09  -1.96721451    
3749.47105      5000            9.96556558e-09  -1.48075205    
3749.47105      5000            1.77215601e-08  -0.900444418   
3749.47105      5000            3.15138854e-08  -0.329791288   
3749.47105      5000            5.60404936e-08  -0.00409999736 
3749.47105      5000            9.96556558e-08  -0.375693291   
3749.47105      5000            1.77215601e-07  -2.25210211    
3749.47105      5000            3.15138854e-07  -7.05322294    
3749.47105      5000            5.60404936e-07  -17.3032288    
3749.47105      5000            9.96556558e-07  -37.5465911    
3749.47105      5000            1.77215601e-06  -76.0175695    
3749.47105      5000            3.15138854e-06  -147.641059    
3749.47105      5000            5.60404936e-06  -279.361479    
3749.47105      5000            9.96556558e-06  -519.54646     
3749.47105      5000            1.77215601e-05  -954.608914    
3749.47105      5000            3.15138854e-05  -1738.51972    
3749.47105      5000            5.60404936e-05  -3145.34489    
3749.47105      5000            9.96556558e-05  -5662.80379    
5000            6667.60716      0               9.86256055e-09 
5000            6667.60716      1.77215601e-10  -0.00607259694 
5000            6667.60716      3.15138854e-10  -0.0107990293  
5000            6667.60716      5.60404936e-10  -0.0192044816  
5000            6667.60716      9.96556558e-10  -0.0341534139  
5000            6667.60716      1.77215601e-09  -0.0607421241  
5000            6667.60716      3.15138854e-09  -0.10804108    
5000            6667.60716      5.60404936e-09  -0.19220463    
5000            6667.60716      9.96556558e-09  -0.342036008   
5000            6667.60716      1.77215601e-08  -0.608989882   
5000            6667.60716      3.15138854e-08  -1.08527256    
5000            6667.60716      5.60404936e-08  -1.93690197    
5000            6667.60716      9.96556558e-08  -3.4647297     
5000            6667.60716      1.77215601e-07  -6.21794037    
5000            6667.60716      3.15138854e-07  -11.2050458    
5000            6667.60716      5.60404936e-07  -20.2821922    
5000            6667.60716      9.96556558e-07  -36.8576775    
5000            6667.60716      1.77215601e-06  -67.1541488    
5000            6667.60716      3.15138854e-06  -122.449712    
5000            6667.60716      5.60404936e-06  -223.042654    
5000            6667.60716      9.96556558e-06  -405.274629    
5000            6667.60716      1.77215601e-05  -734.005063    
5000            6667.60716      3.15138854e-05  -1324.80145    
5000            6667.60716      5.60404936e-05  -2383.41937    
5000            6667.60716      9.96556558e-05  -4276.02308    
6667.60716      8891.39705      0               7.28095984e-09 
6667.60716      8891.39705      1.77215601e-10  -0.00448348169 
6667.60716      8891.39705      3.15138854e-10  -0.00797317343 
6667.60716      8891.39705      5.60404936e-10  -0.0141794352  
6667.60716      8891.39705      9.96556558e-10  -0.0252178443  
6667.60716      8891.39705      1.77215601e-09  -0.0448533448  
6667.60716      8891.39705      3.15138854e-09  -0.0797900375  
6667.60716      8891.39705      5.60404936e-09  -0.141977769   
6667.60716      8891.39705      9.96556558e-09  -0.252753817   
6667.60716      8891.39705      1.77215601e-08  -0.450328101   
6667.60716      8891.39705      3.15138854e-08  -0.803442341   
6667.60716      8891.39705      5.60404936e-08  -1.43660702    
6667.60716      8891.39705      9.96556558e-08  -2.57729181    
6667.60716      8891.39705      1.77215601e-07  -4.64457238    
6667.60716      8891.39705      3.15138854e-07  -8.41406102    
6667.60716      8891.39705      5.60404936e-07  -15.3183279    
6667.60716      8891.39705      9.96556558e-07  -27.9841822    
6667.60716      8891.39705      1.77215601e-06  -51.1882464    
6667.60716      8891.39705      3.15138854e-06  -93.5556213    
6667.60716      8891.39705      5.60404936e-06  -170.569358    
6667.60716      8891.39705      9.96556558e-06  -309.893675    
6667.60716      8891.39705      1.77215601e-05  -560.81693     
6667.60716      8891.39705      3.15138854e-05  -1011.05419    
6667.60716      8891.39705      5.60404936e-05  -1816.66858    
6667.60716      8891.39705      9.96556558e-05  -3255.32627    
8891.39705      11856.8685      0               5.80735104e-09 
8891.39705      11856.8685      1.77215601e-10  -0.00357580139 
8891.39705      11856.8685      3.15138854e-10  -0.00635892601 
8891.39705      11856.8685      5.60404936e-10  -0.0113084179  
8891.39705      11856.8685      9.96556558e-10  -0.0201110045  
8891.39705      11856.8685      1.77215601e-09  -0.0357676418  
8891.39705      11856.8685      3.15138854e-09  -0.0636195388  
8891.39705      11856.8685      5.60404936e-09  -0.113179513   
8891.39705      11856.8685      9.96556558e-09  -0.201409711   
8891.39705      11856.8685      1.77215601e-08  -0.358614587   
8891.39705      11856.8685      3.15138854e-08  -0.639111032   
8891.39705      11856.8685      5.60404936e-08  -1.14074287    
8891.39705      11856.8685      9.96556558e-08  -2.04099082    
8891.39705      11856.8685      1.77215601e-07  -3.66437525    
8891.39705      11856.8685      3.15138854e-07  -6.60799408    
8891.39705      11856.8685      5.60404936e-07  -11.9711437    
8891.39705      11856.8685      9.96556558e-07  -21.7643363    
8891.39705      11856.8685      1.77215601e-06  -39.6259506    
8891.39705      11856.8685      3.15138854e-06  -72.0817916    
8891.39705      11856.8685      5.60404936e-06  -130.784754    
8891.39705      11856.8685      9.96556558e-06  -236.519403    
8891.39705      11856.8685      1.77215601e-05  -426.347031    
8891.39705      11856.8685      3.15138854e-05  -766.308172    
8891.39705      11856.8685      5.60404936e-05  -1373.97979    
8891.39705      11856.8685      9.96556558e-05  -2458.56111    
11856.8685      15811.3883      0               4.88807927e-09 
11856.8685      15811.3883      1.77215601e-10  -0.00300953218 
11856.8685      15811.3883      3.15138854e-10  -0.0053518045  
11856.8685      15811.3883      5.60404936e-10  -0.00951704419 
11856.8685      15811.3883      9.96556558e-10  -0.0169240834  
11856.8685      15811.3883      1.77215601e-09  -0.0300961191  
11856.8685      15811.3883      3.15138854e-09  -0.0535204704  
11856.8685      15811.3883      5.60404936e-09  -0.0951780111  
11856.8685      15811.3883      9.96556558e-09  -0.169264644   
11856.8685      15811.3883      1.77215601e-08  -0.301036215   
11856.8685      15811.3883      3.15138854e-08  -0.535440887   
11856.8685      15811.3883      5.60404936e-08  -0.952521518   
11856.8685      15811.3883      9.96556558e-08  -1.69496132    
11856.8685      15811.3883      1.77215601e-07  -3.0175226     
11856.8685      15811.3883      3.15138854e-07  -5.37621244    
11856.8685      15811.3883      5.60404936e-07  -9.58994756    
11856.8685      15811.3883      9.96556558e-07  -17.1345564    
11856.8685      15811.3883      1.77215601e-06  -30.6760073    
11856.8685      15811.3883      3.15138854e-06  -55.0289721    
11856.8685      15811.3883      5.60404936e-06  -98.8635018    
11856.8685      15811.3883      9.96556558e-06  -177.72995     
11856.8685      15811.3883      1.77215601e-05  -319.420777    
11856.8685      15811.3883      3.15138854e-05  -573.487904    
11856.8685      15811.3883      5.60404936e-05  -1028.15607    
11856.8685      15811.3883      9.96556558e-05  -1840.39611    
15811.3883      21084.8252      0               3.58977559e-09 
15811.3883      21084.8252      1.77215601e-10  -0.00221023178 
15811.3883      21084.8252      3.15138854e-10  -0.00393043368 
15811.3883      21084.8252      5.60404936e-10  -0.00698947914 
15811.3883      21084.8252      9.96556558e-10  -0.0124294617  
15811.3883      21084.8252      1.77215601e-09  -0.0221037285  
15811.3883      21084.8252      3.15138854e-09  -0.0393087243  
15811.3883      21084.8252      5.60404936e-09  -0.0699085754  
15811.3883      21084.8252      9.96556558e-09  -0.124338019   
15811.3883      21084.8252      1.77215601e-08  -0.221173818   
15811.3883      21084.8252      3.15138854e-08  -0.393515336   
15811.3883      21084.8252      5.60404936e-08  -0.700419743   
15811.3883      21084.8252      9.96556558e-08  -1.24749263    
15811.3883      21084.8252      1.77215601e-07  -2.22419049    
15811.3883      21084.8252      3.15138854e-07  -3.97179342    
15811.3883      21084.8252      5.60404936e-07  -7.1074871     
15811.3883      21084.8252      9.96556558e-07  -12.7495219    
15811.3883      21084.8252      1.77215601e-06  -22.9209902    
15811.3883      21084.8252      3.15138854e-06  -41.2673554    
15811.3883      21084.8252      5.60404936e-06  -74.3290735    
15811.3883      21084.8252      9.96556558e-06  -133.800514    
15811.3883      21084.8252      1.77215601e-05  -240.541565    
15811.3883      21084.8252      3.15138854e-05  -431.706789    
15811.3883      21084.8252      5.60404936e-05  -773.420522    
15811.3883      21084.8252      9.96556558e-05  -1383.31339    
21084.8252      28117.0663      0               3.01025693e-09 
21084.8252      28117.0663      1.77215601e-10  -0.00185348323 
21084.8252      28117.0663      3.15138854e-10  -0.00329601362 
21084.8252      28117.0663      5.60404936e-10  -0.0058612362  
21084.8252      28117.0663      9.96556558e-10  -0.0104229202  
21084.8252      28117.0663      1.77215601e-09  -0.0185348737  
21084.8252      28117.0663      3.15138854e-09  -0.0329602087  
21084.8252      28117.0663      5.60404936e-09  -0.0586125327  
21084.8252      28117.0663      9.96556558e-09  -0.104229683   
21084.8252      28117.0663      1.77215601e-08  -0.185350199   
21084.8252      28117.0663      3.15138854e-08  -0.329606648   
21084.8252      28117.0663      5.60404936e-08  -0.586139667   
21084.8252      28117.0663      9.96556558e-08  -1.04234199    
21084.8252      28117.0663      1.77215601e-07  -1.85364401    
21084.8252      28117.0663      3.15138854e-07  -3.29651147    
21084.8252      28117.0663      5.60404936e-07  -5.86278164    
21084.8252      28117.0663      9.96556558e-07  -10.4276806    
21084.8252      28117.0663      1.77215601e-06  -18.5492964    
21084.8252      28117.0663      3.15138854e-06  -33.0027285    
21084.8252      28117.0663      5.60404936e-06  -58.7329176    
21084.8252      28117.0663      9.96556558e-06  -104.552619    
21084.8252      28117.0663      1.77215601e-05  -186.162969    
21084.8252      28117.0663      3.15138854e-05  -331.520736    
21084.8252      28117.0663      5.60404936e-05  -590.376365    
21084.8252      28117.0663      9.96556558e-05  -1051.23216    
28117.0663      37494.7105      0               2.31278818e-09 
28117.0663      37494.7105      1.77215601e-10  -0.00142399449 
28117.0663      37494.7105      3.15138854e-10  -0.00253226188 
28117.0663      37494.7105      5.60404936e-10  -0.00450307099 
28117.0663      37494.7105      9.96556558e-10  -0.00800772027 
28117.0663      37494.7105      1.77215601e-09  -0.014239966   
28117.0663      37494.7105      3.15138854e-09  -0.0253226407  
28117.0663      37494.7105      5.60404936e-09  -0.0450307339  
28117.0663      37494.7105      9.96556558e-09  -0.0800772337  
28117.0663      37494.7105      1.77215601e-08  -0.142399714   
28117.0663      37494.7105      3.15138854e-08  -0.25322653    
28117.0663      37494.7105      5.60404936e-08  -0.450307684   
28117.0663      37494.7105      9.96556558e-08  -0.800773383   
28117.0663      37494.7105      1.77215601e-07  -1.42400039    
28117.0663      37494.7105      3.15138854e-07  -2.53227555    
28117.0663      37494.7105      5.60404936e-07  -4.50310915    
28117.0663      37494.7105      9.96556558e-07  -8.0078356     
28117.0663      37494.7105      1.77215601e-06  -14.2403238    
28117.0663      37494.7105      3.15138854e-06  -25.3237563    
28117.0663      37494.7105      5.60404936e-06  -45.0341985    
28117.0663      37494.7105      9.96556558e-06  -80.087873     
28117.0663      37494.7105      1.77215601e-05  -142.431753    
28117.0663      37494.7105      3.15138854e-05  -253.320087    
28117.0663      37494.7105      5.60404936e-05  -450.569025    
28117.0663      37494.7105      9.96556558e-05  -801.462654    
37494.7105      50000           0               1.64146741e-09 
37494.7105      50000           1.77215601e-10  -0.0010106967  
37494.7105      50000           3.15138854e-10  -0.00179730493 
37494.7105      50000           5.60404936e-10  -0.00319611964 
37494.7105      50000           9.96556558e-10  -0.00568362032 
37494.7105      50000           1.77215601e-09  -0.0101071462  
37494.7105      50000           3.15138854e-09  -0.0179735841  
37494.7105      50000           5.60404936e-09  -0.0319628546  
37494.7105      50000           9.96556558e-09  -0.0568414094  
37494.7105      50000           1.77215601e-08  -0.101087863   
37494.7105      50000           3.15138854e-08  -0.1797875     
37494.7105      50000           5.60404936e-08  -0.319790911   
37494.7105      50000           9.96556558e-08  -0.568922181   
37494.7105      50000           1.77215601e-07  -1.01245625    
37494.7105      50000           3.15138854e-07  -1.80270867    
37494.7105      50000           5.60404936e-07  -3.21239561    
37494.7105      50000           9.96556558e-07  -5.73115014    
37494.7105      50000           1.77215601e-06  -10.2398367    
37494.7105      50000           3.15138854e-06  -18.322835     
37494.7105      50000           5.60404936e-06  -32.8216828    
37494.7105      50000           9.96556558e-06  -58.812687     
37494.7105      50000           1.77215601e-05  -105.339536    
37494.7105      50000           3.15138854e-05  -188.495145    
37494.7105      50000           5.60404936e-05  -336.904347    
37494.7105      50000           9.96556558e-05  -601.473027    
50000           66676.0716      0               1.31204558e-09 
50000           66676.0716      1.77215601e-10  -0.000807840315
50000           66676.0716      3.15138854e-10  -0.00143656682 
50000           66676.0716      5.60404936e-10  -0.00255461822 
50000           66676.0716      9.96556558e-10  -0.00454282601 
50000           66676.0716      1.77215601e-09  -0.008078415   
50000           66676.0716      3.15138854e-09  -0.0143656802  
50000           66676.0716      5.60404936e-09  -0.0255461945  
50000           66676.0716      9.96556558e-09  -0.0454282733  
50000           66676.0716      1.77215601e-08  -0.0807841662  
50000           66676.0716      3.15138854e-08  -0.143656827   
50000           66676.0716      5.60404936e-08  -0.255462      
50000           66676.0716      9.96556558e-08  -0.454282883   
50000           66676.0716      1.77215601e-07  -0.807842111   
50000           66676.0716      3.15138854e-07  -1.43656966    
50000           66676.0716      5.60404936e-07  -2.55462438    
50000           66676.0716      9.96556558e-07  -4.54284263    
50000           66676.0716      1.77215601e-06  -8.07846463    
50000           66676.0716      3.15138854e-06  -14.3658338    
50000           66676.0716      5.60404936e-06  -25.5466746    
50000           66676.0716      9.96556558e-06  -45.4297736    
50000           66676.0716      1.77215601e-05  -80.7888244    
50000           66676.0716      3.15138854e-05  -143.671113    
50000           66676.0716      5.60404936e-05  -255.504922    
50000           66676.0716      9.96556558e-05  -454.407824    
66676.0716      88913.9705      0               0.0005278397   
66676.0716      88913.9705      1.77215601e-10  -7.57273549e-05
66676.0716      88913.9705      3.15138854e-10  -0.000545471166
66676.0716      88913.9705      5.60404936e-10  -0.00138080691 
66676.0716      88913.9705      9.96556558e-10  -0.00286626728 
66676.0716      88913.9705      1.77215601e-09  -0.00550783086 
66676.0716      88913.9705      3.15138854e-09  -0.010205269   
66676.0716      88913.9705      5.60404936e-09  -0.0185586265  
66676.0716      88913.9705      9.96556558e-09  -0.0334132304  
66676.0716      88913.9705      1.77215601e-08  -0.0598288669  
66676.0716      88913.9705      3.15138854e-08  -0.106803251   
66676.0716      88913.9705      5.60404936e-08  -0.190336833   
66676.0716      88913.9705      9.96556558e-08  -0.338882895   
66676.0716      88913.9705      1.77215601e-07  -0.603039333   
66676.0716      88913.9705      3.15138854e-07  -1.0727834     
66676.0716      88913.9705      5.60404936e-07  -1.90811996    
66676.0716      88913.9705      9.96556558e-07  -3.39358287    
66676.0716      88913.9705      1.77215601e-06  -6.0351545     
66676.0716      88913.9705      3.15138854e-06  -10.732618     
66676.0716      88913.9705      5.60404936e-06  -19.0860554    
66676.0716      88913.9705      9.96556558e-06  -33.9409095    
66676.0716      88913.9705      1.77215601e-05  -60.3573242    
66676.0716      88913.9705      3.15138854e-05  -107.3341      
66676.0716      88913.9705      5.60404936e-05  -190.874888    
66676.0716      88913.9705      9.96556558e-05  -339.441965    
88913.9705      118568.685      0               0.000366072071 
88913.9705      118568.685      1.77215601e-10  -8.50761334e-05
88913.9705      118568.685      3.15138854e-10  -0.000436195492
88913.9705      118568.685      5.60404936e-10  -0.00106058382 
88913.9705      118568.685      9.96556558e-10  -0.00217092072 
88913.9705      118568.685      1.77215601e-09  -0.00414540997 
88913.9705      118568.685      3.15138854e-09  -0.00765660356 
88913.9705      118568.685      5.60404936e-09  -0.0139004868  
88913.9705      118568.685      9.96556558e-09  -0.0250038558  
88913.9705      118568.685      1.77215601e-08  -0.0447487484  
88913.9705      118568.685      3.15138854e-08  -0.0798606843  
88913.9705      118568.685      5.60404936e-08  -0.142299517   
88913.9705      118568.685      9.96556558e-08  -0.253333208   
88913.9705      118568.685      1.77215601e-07  -0.450782134   
88913.9705      118568.685      3.15138854e-07  -0.801901496   
88913.9705      118568.685      5.60404936e-07  -1.42628983    
88913.9705      118568.685      9.96556558e-07  -2.53662678    
88913.9705      118568.685      1.77215601e-06  -4.51111615    
88913.9705      118568.685      3.15138854e-06  -8.02231012    
88913.9705      118568.685      5.60404936e-06  -14.2661946    
88913.9705      118568.685      9.96556558e-06  -25.3695675    
88913.9705      118568.685      1.77215601e-05  -45.1144722    
88913.9705      118568.685      3.15138854e-05  -80.2264466    
88913.9705      118568.685      5.60404936e-05  -142.6654      
88913.9705      118568.685      9.96556558e-05  -253.69947     
118568.685      158113.883      0               5.45634649e-10 
118568.685      158113.883      1.77215601e-10  -0.00033595216 
118568.685      158113.883      3.15138854e-10  -0.000597417234
118568.685      158113.883      5.60404936e-10  -0.00106237519 
118568.685      158113.883      9.96556558e-10  -0.00188920035 
118568.685      158113.883      1.77215601e-09  -0.00335952651 
118568.685      158113.883      3.15138854e-09  -0.00597417725 
118568.685      158113.883      5.60404936e-09  -0.0106237568  
118568.685      158113.883      9.96556558e-09  -0.0188920084  
118568.685      158113.883      1.77215601e-08  -0.03359527    
118568.685      158113.883      3.15138854e-08  -0.0597417774  
118568.685      158113.883      5.60404936e-08  -0.106237573   
118568.685      158113.883      9.96556558e-08  -0.188920089   
118568.685      158113.883      1.77215601e-07  -0.335952705   
118568.685      158113.883      3.15138854e-07  -0.597417779   
118568.685      158113.883      5.60404936e-07  -1.06237574    
118568.685      158113.883      9.96556558e-07  -1.8892009     
118568.685      158113.883      1.77215601e-06  -3.35952706    
118568.685      158113.883      3.15138854e-06  -5.9741778     
118568.685      158113.883      5.60404936e-06  -10.6237574    
118568.685      158113.883      9.96556558e-06  -18.892009     
118568.685      158113.883      1.77215601e-05  -33.5952706    
118568.685      158113.883      3.15138854e-05  -59.741778     
118568.685      158113.883      5.60404936e-05  -106.237574    
118568.685      158113.883      9.96556558e-05  -188.92009     
158113.883      210848.252      0               0.0002422566   
158113.883      210848.252      1.77215601e-10  -8.86676639e-06
158113.883      210848.252      3.15138854e-10  -0.000204310912
158113.883      210848.252      5.60404936e-10  -0.000551865212
158113.883      210848.252      9.96556558e-10  -0.00116991387 
158113.883      210848.252      1.77215601e-09  -0.00226897707 
158113.883      210848.252      3.15138854e-09  -0.00422341852 
158113.883      210848.252      5.60404936e-09  -0.00769896153 
158113.883      210848.252      9.96556558e-09  -0.0138794481  
158113.883      210848.252      1.77215601e-08  -0.0248700801  
158113.883      210848.252      3.15138854e-08  -0.0444144946  
158113.883      210848.252      5.60404936e-08  -0.0791699247  
158113.883      210848.252      9.96556558e-08  -0.14097479    
158113.883      210848.252      1.77215601e-07  -0.25088111    
158113.883      210848.252      3.15138854e-07  -0.446325256   
158113.883      210848.252      5.60404936e-07  -0.793879556   
158113.883      210848.252      9.96556558e-07  -1.41192821    
158113.883      210848.252      1.77215601e-06  -2.51099142    
158113.883      210848.252      3.15138854e-06  -4.46543288    
158113.883      210848.252      5.60404936e-06  -7.94097592    
158113.883      210848.252      9.96556558e-06  -14.1214626    
158113.883      210848.252      1.77215601e-05  -25.1120949    
158113.883      210848.252      3.15138854e-05  -44.6565106    
158113.883      210848.252      5.60404936e-05  -79.4119441    
158113.883      210848.252      9.96556558e-05  -141.216821    
210848.252      281170.663      0               3.04613224e-10 
210848.252      281170.663      1.77215601e-10  -0.00018755345 
210848.252      281170.663      3.15138854e-10  -0.000333522676
210848.252      281170.663      5.60404936e-10  -0.000593096744
210848.252      281170.663      9.96556558e-10  -0.00105469196 
210848.252      281170.663      1.77215601e-09  -0.00187553724 
210848.252      281170.663      3.15138854e-09  -0.0033352295  
210848.252      281170.663      5.60404936e-09  -0.00593097018 
210848.252      281170.663      9.96556558e-09  -0.0105469224  
210848.252      281170.663      1.77215601e-08  -0.0187553752  
210848.252      281170.663      3.15138854e-08  -0.0333522977  
210848.252      281170.663      5.60404936e-08  -0.0593097045  
210848.252      281170.663      9.96556558e-08  -0.105469227   
210848.252      281170.663      1.77215601e-07  -0.187553754   
210848.252      281170.663      3.15138854e-07  -0.33352298    
210848.252      281170.663      5.60404936e-07  -0.593097048   
210848.252      281170.663      9.96556558e-07  -1.05469227    
210848.252      281170.663      1.77215601e-06  -1.87553755    
210848.252      281170.663      3.15138854e-06  -3.3352298     
210848.252      281170.663      5.60404936e-06  -5.93097048    
210848.252      281170.663      9.96556558e-06  -10.5469227    
210848.252      281170.663      1.77215601e-05  -18.7553755    
210848.252      281170.663      3.15138854e-05  -33.352298     
210848.252      281170.663      5.60404936e-05  -59.3097049    
210848.252      281170.663      9.96556558e-05  -105.469227    
281170.663      374947.105      0               2.26330954e-10 
281170.663      374947.105      1.77215601e-10  -0.000139354039
281170.663      374947.105      3.15138854e-10  -0.000247810594
281170.663      374947.105      5.60404936e-10  -0.000440676654
281170.663      374947.105      9.96556558e-10  -0.000783646396
281170.663      374947.105      1.77215601e-09  -0.00139354243 
281170.663      374947.105      3.15138854e-09  -0.00247810798 
281170.663      374947.105      5.60404936e-09  -0.00440676857 
281170.663      374947.105      9.96556558e-09  -0.007836466   
281170.663      374947.105      1.77215601e-08  -0.0139354263  
281170.663      374947.105      3.15138854e-08  -0.0247810818  
281170.663      374947.105      5.60404936e-08  -0.0440676878  
281170.663      374947.105      9.96556558e-08  -0.078364662   
281170.663      374947.105      1.77215601e-07  -0.139354265   
281170.663      374947.105      3.15138854e-07  -0.24781082    
281170.663      374947.105      5.60404936e-07  -0.44067688    
281170.663      374947.105      9.96556558e-07  -0.783646622   
281170.663      374947.105      1.77215601e-06  -1.39354265    
281170.663      374947.105      3.15138854e-06  -2.47810821    
281170.663      374947.105      5.60404936e-06  -4.4067688     
281170.663      374947.105      9.96556558e-06  -7.83646622    
281170.663      374947.105      1.77215601e-05  -13.9354265    
281170.663      374947.105      3.15138854e-05  -24.7810821    
281170.663      374947.105      5.60404936e-05  -44.067688     
281170.663      374947.105      9.96556558e-05  -78.3646622    
374947.105      500000          0               1.64372516e-10 
374947.105      500000          1.77215601e-10  -0.00010120565 
374947.105      500000          3.15138854e-10  -0.000179972051
374947.105      500000          5.60404936e-10  -0.000320040721
374947.105      500000          9.96556558e-10  -0.000569121953
374947.105      500000          1.77215601e-09  -0.00101205798 
374947.105      500000          3.15138854e-09  -0.00179972199 
374947.105      500000          5.60404936e-09  -0.00320040869 
374947.105      500000          9.96556558e-09  -0.00569122101 
374947.105      500000          1.77215601e-08  -0.0101205813  
374947.105      500000          3.15138854e-08  -0.0179972214  
374947.105      500000          5.60404936e-08  -0.0320040884  
374947.105      500000          9.96556558e-08  -0.0569122116  
374947.105      500000          1.77215601e-07  -0.101205814   
374947.105      500000          3.15138854e-07  -0.179972216   
374947.105      500000          5.60404936e-07  -0.320040885   
374947.105      500000          9.96556558e-07  -0.569122117   
374947.105      500000          1.77215601e-06  -1.01205814    
374947.105      500000          3.15138854e-06  -1.79972216    
374947.105      500000          5.60404936e-06  -3.20040886    
374947.105      500000          9.96556558e-06  -5.69122117    
374947.105      500000          1.77215601e-05  -10.1205814    
374947.105      500000          3.15138854e-05  -17.9972216    
374947.105      500000          5.60404936e-05  -32.0040886    
374947.105      500000          9.96556558e-05  -56.9122117    
