### /nfs/slac/g/ki/ki20/cta/mdwood/fermi/dsph_pipeline/des_dwarfs/v6/p302_6yr_source_psf0123_point_gs_jsigma0.6/results/like_leo_II.txt
#[0]emin(MeV) [1]emax(MeV) [2]eflux(MeV/cm^2/s) [3]deltaLogLike
500             666.760716      0               -0.24246327    
500             666.760716      1.77215601e-10  -0.239954007   
500             666.760716      3.15138854e-10  -0.238010966   
500             666.760716      5.60404936e-10  -0.234576997   
500             666.760716      9.96556558e-10  -0.228537642   
500             666.760716      1.77215601e-09  -0.218009629   
500             666.760716      3.15138854e-09  -0.199952363   
500             666.760716      5.60404936e-09  -0.169916349   
500             666.760716      9.96556558e-09  -0.122922218   
500             666.760716      1.77215601e-08  -0.0588977443  
500             666.760716      3.15138854e-08  -0.00306632915 
500             666.760716      5.60404936e-08  -0.0695273268  
500             666.760716      9.96556558e-08  -0.636515004   
500             666.760716      1.77215601e-07  -2.78207473    
500             666.760716      3.15138854e-07  -9.27809038    
500             666.760716      5.60404936e-07  -26.7146895    
500             666.760716      9.96556558e-07  -69.8156566    
500             666.760716      1.77215601e-06  -169.830236    
500             666.760716      3.15138854e-06  -390.268348    
500             666.760716      5.60404936e-06  -855.653343    
500             666.760716      9.96556558e-06  -1803.30514    
500             666.760716      1.77215601e-05  -3675.9771     
500             666.760716      3.15138854e-05  -7286.97047    
500             666.760716      5.60404936e-05  -14113.5209    
500             666.760716      9.96556558e-05  -26816.7873    
666.760716      889.139705      0               0.00945934962  
666.760716      889.139705      1.77215601e-10  0.00931237688  
666.760716      889.139705      3.15138854e-10  0.00918726507  
666.760716      889.139705      5.60404936e-10  0.00894162968  
666.760716      889.139705      9.96556558e-10  0.00843179714  
666.760716      889.139705      1.77215601e-09  0.00729529764  
666.760716      889.139705      3.15138854e-09  0.00455316798  
666.760716      889.139705      5.60404936e-09  -0.00257157134 
666.760716      889.139705      9.96556558e-09  -0.0221796181  
666.760716      889.139705      1.77215601e-08  -0.0780889834  
666.760716      889.139705      3.15138854e-08  -0.239562259   
666.760716      889.139705      5.60404936e-08  -0.702152847   
666.760716      889.139705      9.96556558e-08  -1.99272554    
666.760716      889.139705      1.77215601e-07  -5.44807459    
666.760716      889.139705      3.15138854e-07  -14.2425707    
666.760716      889.139705      5.60404936e-07  -35.4396712    
666.760716      889.139705      9.96556558e-07  -83.8729698    
666.760716      889.139705      1.77215601e-06  -189.264713    
666.760716      889.139705      3.15138854e-06  -409.131548    
666.760716      889.139705      5.60404936e-06  -852.132641    
666.760716      889.139705      9.96556558e-06  -1720.21175    
666.760716      889.139705      1.77215601e-05  -3384.22492    
666.760716      889.139705      3.15138854e-05  -6518.80308    
666.760716      889.139705      5.60404936e-05  -12341.9476    
666.760716      889.139705      9.96556558e-05  -23040.2516    
889.139705      1185.68685      0               0.00114860905  
889.139705      1185.68685      1.77215601e-10  0.000585525142 
889.139705      1185.68685      3.15138854e-10  0.000124758455 
889.139705      1185.68685      5.60404936e-10  -0.000743094251
889.139705      1185.68685      9.96556558e-10  -0.00243861223 
889.139705      1185.68685      1.77215601e-09  -0.00592917835 
889.139705      1185.68685      3.15138854e-09  -0.0136075597  
889.139705      1185.68685      5.60404936e-09  -0.0317420617  
889.139705      1185.68685      9.96556558e-09  -0.0772785825  
889.139705      1185.68685      1.77215601e-08  -0.196062615   
889.139705      1185.68685      3.15138854e-08  -0.508523648   
889.139705      1185.68685      5.60404936e-08  -1.31457646    
889.139705      1185.68685      9.96556558e-08  -3.31488404    
889.139705      1185.68685      1.77215601e-07  -8.0540918     
889.139705      1185.68685      3.15138854e-07  -18.7941754    
889.139705      1185.68685      5.60404936e-07  -42.2114215    
889.139705      1185.68685      9.96556558e-07  -91.602024     
889.139705      1185.68685      1.77215601e-06  -192.766207    
889.139705      1185.68685      3.15138854e-06  -394.639308    
889.139705      1185.68685      5.60404936e-06  -788.389715    
889.139705      1185.68685      9.96556558e-06  -1541.60196    
889.139705      1185.68685      1.77215601e-05  -2959.23994    
889.139705      1185.68685      3.15138854e-05  -5592.10622    
889.139705      1185.68685      5.60404936e-05  -10429.5952    
889.139705      1185.68685      9.96556558e-05  -19242.2121    
1185.68685      1581.13883      0               0.00256275395  
1185.68685      1581.13883      1.77215601e-10  -0.00209978967 
1185.68685      1581.13883      3.15138854e-10  -0.00573683099 
1185.68685      1581.13883      5.60404936e-10  -0.0122223635  
1185.68685      1581.13883      9.96556558e-10  -0.0238117098  
1185.68685      1581.13883      1.77215601e-09  -0.0445975327  
1185.68685      1581.13883      3.15138854e-09  -0.0821129234  
1185.68685      1581.13883      5.60404936e-09  -0.150537443   
1185.68685      1581.13883      9.96556558e-09  -0.277442113   
1185.68685      1581.13883      1.77215601e-08  -0.518697915   
1185.68685      1581.13883      3.15138854e-08  -0.992504957   
1185.68685      1581.13883      5.60404936e-08  -1.95724157    
1185.68685      1581.13883      9.96556558e-08  -3.98466267    
1185.68685      1581.13883      1.77215601e-07  -8.32797971    
1185.68685      1581.13883      3.15138854e-07  -17.6659233    
1185.68685      1581.13883      5.60404936e-07  -37.5365138    
1185.68685      1581.13883      9.96556558e-07  -78.9904059    
1185.68685      1581.13883      1.77215601e-06  -163.37632     
1185.68685      1581.13883      3.15138854e-06  -330.873945    
1185.68685      1581.13883      5.60404936e-06  -655.664628    
1185.68685      1581.13883      9.96556558e-06  -1272.94059    
1185.68685      1581.13883      1.77215601e-05  -2427.0681     
1185.68685      1581.13883      3.15138854e-05  -4557.44011    
1185.68685      1581.13883      5.60404936e-05  -8451.32042    
1185.68685      1581.13883      9.96556558e-05  -15515.6998    
1581.13883      2108.48252      0               4.12566833e-05 
1581.13883      2108.48252      1.77215601e-10  -0.00455545992 
1581.13883      2108.48252      3.15138854e-10  -0.00816281189 
1581.13883      2108.48252      5.60404936e-10  -0.0146414205  
1581.13883      2108.48252      9.96556558e-10  -0.0263603243  
1581.13883      2108.48252      1.77215601e-09  -0.0478079723  
1581.13883      2108.48252      3.15138854e-09  -0.0877747322  
1581.13883      2108.48252      5.60404936e-09  -0.164143016   
1581.13883      2108.48252      9.96556558e-09  -0.314477428   
1581.13883      2108.48252      1.77215601e-08  -0.618667356   
1581.13883      2108.48252      3.15138854e-08  -1.24435699    
1581.13883      2108.48252      5.60404936e-08  -2.53333461    
1581.13883      2108.48252      9.96556558e-08  -5.16520525    
1581.13883      2108.48252      1.77215601e-07  -10.4746915    
1581.13883      2108.48252      3.15138854e-07  -21.063028     
1581.13883      2108.48252      5.60404936e-07  -41.939149     
1581.13883      2108.48252      9.96556558e-07  -82.5943643    
1581.13883      2108.48252      1.77215601e-06  -160.718078    
1581.13883      2108.48252      3.15138854e-06  -308.79743     
1581.13883      2108.48252      5.60404936e-06  -585.832189    
1581.13883      2108.48252      9.96556558e-06  -1098.21065    
1581.13883      2108.48252      1.77215601e-05  -2036.96948    
1581.13883      2108.48252      3.15138854e-05  -3744.18207    
1581.13883      2108.48252      5.60404936e-05  -6831.03394    
1581.13883      2108.48252      9.96556558e-05  -12387.7406    
2108.48252      2811.70663      0               6.57846349e-05 
2108.48252      2811.70663      1.77215601e-10  -0.00723276499 
2108.48252      2811.70663      3.15138854e-10  -0.0129176289  
2108.48252      2811.70663      5.60404936e-10  -0.0230367254  
2108.48252      2811.70663      9.96556558e-10  -0.0410622448  
2108.48252      2811.70663      1.77215601e-09  -0.0732138515  
2108.48252      2811.70663      3.15138854e-09  -0.130692222   
2108.48252      2811.70663      5.60404936e-09  -0.233846355   
2108.48252      2811.70663      9.96556558e-09  -0.420157929   
2108.48252      2811.70663      1.77215601e-08  -0.760035723   
2108.48252      2811.70663      3.15138854e-08  -1.38896992    
2108.48252      2811.70663      5.60404936e-08  -2.57375924    
2108.48252      2811.70663      9.96556558e-08  -4.84679734    
2108.48252      2811.70663      1.77215601e-07  -9.26792511    
2108.48252      2811.70663      3.15138854e-07  -17.9127232    
2108.48252      2811.70663      5.60404936e-07  -34.7545861    
2108.48252      2811.70663      9.96556558e-07  -67.2385216    
2108.48252      2811.70663      1.77215601e-06  -129.089584    
2108.48252      2811.70663      3.15138854e-06  -245.333864    
2108.48252      2811.70663      5.60404936e-06  -461.265515    
2108.48252      2811.70663      9.96556558e-06  -858.41809     
2108.48252      2811.70663      1.77215601e-05  -1582.95721    
2108.48252      2811.70663      3.15138854e-05  -2896.13894    
2108.48252      2811.70663      5.60404936e-05  -5264.01805    
2108.48252      2811.70663      9.96556558e-05  -9516.98357    
2811.70663      3749.47105      0               1.67055987e-08 
2811.70663      3749.47105      1.77215601e-10  -0.0102862644  
2811.70663      3749.47105      3.15138854e-10  -0.018292363   
2811.70663      3749.47105      5.60404936e-10  -0.0325305188  
2811.70663      3749.47105      9.96556558e-10  -0.0578533319  
2811.70663      3749.47105      1.77215601e-09  -0.102895066   
2811.70663      3749.47105      3.15138854e-09  -0.183025485   
2811.70663      3749.47105      5.60404936e-09  -0.325625008   
2811.70663      3749.47105      9.96556558e-09  -0.579533628   
2811.70663      3749.47105      1.77215601e-08  -1.0320554     
2811.70663      3749.47105      3.15138854e-08  -1.83976488    
2811.70663      3749.47105      5.60404936e-08  -3.28476372    
2811.70663      3749.47105      9.96556558e-08  -5.87809738    
2811.70663      3749.47105      1.77215601e-07  -10.5501841    
2811.70663      3749.47105      3.15138854e-07  -19.0001656    
2811.70663      3749.47105      5.60404936e-07  -34.3345607    
2811.70663      3749.47105      9.96556558e-07  -62.2343524    
2811.70663      3749.47105      1.77215601e-06  -113.078046    
2811.70663      3749.47105      3.15138854e-06  -205.756391    
2811.70663      3749.47105      5.60404936e-06  -374.452312    
2811.70663      3749.47105      9.96556558e-06  -680.660307    
2811.70663      3749.47105      1.77215601e-05  -1234.53231    
2811.70663      3749.47105      3.15138854e-05  -2232.82787    
2811.70663      3749.47105      5.60404936e-05  -4026.40044    
2811.70663      3749.47105      9.96556558e-05  -7240.22546    
3749.47105      5000            0               0.000171922544 
3749.47105      5000            1.77215601e-10  -0.00301107798 
3749.47105      5000            3.15138854e-10  -0.00549552602 
3749.47105      5000            5.60404936e-10  -0.00992903168 
3749.47105      5000            9.96556558e-10  -0.0178616141  
3749.47105      5000            1.77215601e-09  -0.0321197425  
3749.47105      5000            3.15138854e-09  -0.0579447267  
3749.47105      5000            5.60404936e-09  -0.105301943   
3749.47105      5000            9.96556558e-09  -0.193772407   
3749.47105      5000            1.77215601e-08  -0.363204321   
3749.47105      5000            3.15138854e-08  -0.696723623   
3749.47105      5000            5.60404936e-08  -1.36783445    
3749.47105      5000            9.96556558e-08  -2.72886303    
3749.47105      5000            1.77215601e-07  -5.46537013    
3749.47105      5000            3.15138854e-07  -10.8631385    
3749.47105      5000            5.60404936e-07  -21.2868836    
3749.47105      5000            9.96556558e-07  -41.054718     
3749.47105      5000            1.77215601e-06  -78.0216242    
3749.47105      5000            3.15138854e-06  -146.413918    
3749.47105      5000            5.60404936e-06  -271.874168    
3749.47105      5000            9.96556558e-06  -500.41785     
3749.47105      5000            1.77215601e-05  -914.333481    
3749.47105      5000            3.15138854e-05  -1660.45608    
3749.47105      5000            5.60404936e-05  -3000.49205    
3749.47105      5000            9.96556558e-05  -5400.55423    
5000            6667.60716      0               1.01024398e-08 
5000            6667.60716      1.77215601e-10  -0.00622021155 
5000            6667.60716      3.15138854e-10  -0.0110615425  
5000            6667.60716      5.60404936e-10  -0.0196713442  
5000            6667.60716      9.96556558e-10  -0.0349837534  
5000            6667.60716      1.77215601e-09  -0.0622190951  
5000            6667.60716      3.15138854e-09  -0.110668756   
5000            6667.60716      5.60404936e-09  -0.19688097    
5000            6667.60716      9.96556558e-09  -0.35036199    
5000            6667.60716      1.77215601e-08  -0.623821287   
5000            6667.60716      3.15138854e-08  -1.11169355    
5000            6667.60716      5.60404936e-08  -1.98386915    
5000            6667.60716      9.96556558e-08  -3.5474844     
5000            6667.60716      1.77215601e-07  -6.36007669    
5000            6667.60716      3.15138854e-07  -11.43484      
5000            6667.60716      5.60404936e-07  -20.6082267    
5000            6667.60716      9.96556558e-07  -37.1955012    
5000            6667.60716      1.77215601e-06  -67.1651288    
5000            6667.60716      3.15138854e-06  -121.245951    
5000            6667.60716      5.60404936e-06  -218.690329    
5000            6667.60716      9.96556558e-06  -393.963573    
5000            6667.60716      1.77215601e-05  -708.62302     
5000            6667.60716      3.15138854e-05  -1272.43673    
5000            6667.60716      5.60404936e-05  -2280.95331    
5000            6667.60716      9.96556558e-05  -4082.31894    
6667.60716      8891.39705      0               4.44318746e-05 
6667.60716      8891.39705      1.77215601e-10  -0.00488299887 
6667.60716      8891.39705      3.15138854e-10  -0.0087180451  
6667.60716      8891.39705      5.60404936e-10  -0.0155381061  
6667.60716      8891.39705      9.96556558e-10  -0.0276669561  
6667.60716      8891.39705      1.77215601e-09  -0.0492382039  
6667.60716      8891.39705      3.15138854e-09  -0.0876066166  
6667.60716      8891.39705      5.60404936e-09  -0.155863726   
6667.60716      8891.39705      9.96556558e-09  -0.277329417   
6667.60716      8891.39705      1.77215601e-08  -0.493594128   
6667.60716      8891.39705      3.15138854e-08  -0.878980781   
6667.60716      8891.39705      5.60404936e-08  -1.56670565    
6667.60716      8891.39705      9.96556558e-08  -2.79650642    
6667.60716      8891.39705      1.77215601e-07  -5.00166171    
6667.60716      8891.39705      3.15138854e-07  -8.96734768    
6667.60716      8891.39705      5.60404936e-07  -16.1153067    
6667.60716      8891.39705      9.96556558e-07  -29.0093757    
6667.60716      8891.39705      1.77215601e-06  -52.2508613    
6667.60716      8891.39705      3.15138854e-06  -94.0712028    
6667.60716      8891.39705      5.60404936e-06  -169.17272     
6667.60716      8891.39705      9.96556558e-06  -303.792659    
6667.60716      8891.39705      1.77215601e-05  -544.717735    
6667.60716      8891.39705      3.15138854e-05  -975.319332    
6667.60716      8891.39705      5.60404936e-05  -1744.06853    
6667.60716      8891.39705      9.96556558e-05  -3115.23029    
8891.39705      11856.8685      0               5.01586328e-09 
8891.39705      11856.8685      1.77215601e-10  -0.00308865452 
8891.39705      11856.8685      3.15138854e-10  -0.00549287114 
8891.39705      11856.8685      5.60404936e-10  -0.00976905309 
8891.39705      11856.8685      9.96556558e-10  -0.0173758654  
8891.39705      11856.8685      1.77215601e-09  -0.0309109893  
8891.39705      11856.8685      3.15138854e-09  -0.0550056356  
8891.39705      11856.8685      5.60404936e-09  -0.097932147   
8891.39705      11856.8685      9.96556558e-09  -0.174514107   
8891.39705      11856.8685      1.77215601e-08  -0.311452483   
8891.39705      11856.8685      3.15138854e-08  -0.557218593   
8891.39705      11856.8685      5.60404936e-08  -1.00071765    
8891.39705      11856.8685      9.96556558e-08  -1.80679714    
8891.39705      11856.8685      1.77215601e-07  -3.28319633    
8891.39705      11856.8685      3.15138854e-07  -6.00319042    
8891.39705      11856.8685      5.60404936e-07  -11.0230179    
8891.39705      11856.8685      9.96556558e-07  -20.2621894    
8891.39705      11856.8685      1.77215601e-06  -37.1745903    
8891.39705      11856.8685      3.15138854e-06  -67.9480257    
8891.39705      11856.8685      5.60404936e-06  -123.655228    
8891.39705      11856.8685      9.96556558e-06  -224.090068    
8891.39705      11856.8685      1.77215601e-05  -404.574069    
8891.39705      11856.8685      3.15138854e-05  -728.033268    
8891.39705      11856.8685      5.60404936e-05  -1306.47031    
8891.39705      11856.8685      9.96556558e-05  -2339.1703     
11856.8685      15811.3883      0               4.96265784e-09 
11856.8685      15811.3883      1.77215601e-10  -0.00305556412 
11856.8685      15811.3883      3.15138854e-10  -0.00543365286 
11856.8685      15811.3883      5.60404936e-10  -0.00966256393 
11856.8685      15811.3883      9.96556558e-10  -0.0171827647  
11856.8685      15811.3883      1.77215601e-09  -0.0305558312  
11856.8685      15811.3883      3.15138854e-09  -0.0543370326  
11856.8685      15811.3883      5.60404936e-09  -0.0966271358  
11856.8685      15811.3883      9.96556558e-09  -0.171832279   
11856.8685      15811.3883      1.77215601e-08  -0.305572847   
11856.8685      15811.3883      3.15138854e-08  -0.543416096   
11856.8685      15811.3883      5.60404936e-08  -0.966415457   
11856.8685      15811.3883      9.96556558e-08  -1.71877536    
11856.8685      15811.3883      1.77215601e-07  -3.05714286    
11856.8685      15811.3883      3.15138854e-07  -5.43854348    
11856.8685      15811.3883      5.60404936e-07  -9.6775382     
11856.8685      15811.3883      9.96556558e-07  -17.2276783    
11856.8685      15811.3883      1.77215601e-06  -30.6863487    
11856.8685      15811.3883      3.15138854e-06  -54.6999946    
11856.8685      15811.3883      5.60404936e-06  -97.5825311    
11856.8685      15811.3883      9.96556558e-06  -174.196661    
11856.8685      15811.3883      1.77215601e-05  -311.06763     
11856.8685      15811.3883      3.15138854e-05  -555.452778    
11856.8685      15811.3883      5.60404936e-05  -991.446125    
11856.8685      15811.3883      9.96556558e-05  -1768.61318    
15811.3883      21084.8252      0               3.63218078e-09 
15811.3883      21084.8252      1.77215601e-10  -0.00223635085 
15811.3883      21084.8252      3.15138854e-10  -0.00397686927 
15811.3883      21084.8252      5.60404936e-10  -0.00707201851 
15811.3883      21084.8252      9.96556558e-10  -0.0125761255  
15811.3883      21084.8252      1.77215601e-09  -0.022364177   
15811.3883      21084.8252      3.15138854e-09  -0.0397707349  
15811.3883      21084.8252      5.60404936e-09  -0.0707265647  
15811.3883      21084.8252      9.96556558e-09  -0.125781316   
15811.3883      21084.8252      1.77215601e-08  -0.223704899   
15811.3883      21084.8252      3.15138854e-08  -0.397905585   
15811.3883      21084.8252      5.60404936e-08  -0.707885143   
15811.3883      21084.8252      9.96556558e-08  -1.25973235    
15811.3883      21084.8252      1.77215601e-07  -2.24290682    
15811.3883      21084.8252      3.15138854e-07  -3.99650298    
15811.3883      21084.8252      5.60404936e-07  -7.12886474    
15811.3883      21084.8252      9.96556558e-07  -12.7329276    
15811.3883      21084.8252      1.77215601e-06  -22.770608     
15811.3883      21084.8252      3.15138854e-06  -40.752711     
15811.3883      21084.8252      5.60404936e-06  -72.9393899    
15811.3883      21084.8252      9.96556558e-06  -130.470199    
15811.3883      21084.8252      1.77215601e-05  -233.158737    
15811.3883      21084.8252      3.15138854e-05  -416.253876    
15811.3883      21084.8252      5.60404936e-05  -742.471501    
15811.3883      21084.8252      9.96556558e-05  -1323.39026    
21084.8252      28117.0663      0               -0.229460599   
21084.8252      28117.0663      1.77215601e-10  -0.228027101   
21084.8252      28117.0663      3.15138854e-10  -0.226916352   
21084.8252      28117.0663      5.60404936e-10  -0.224951694   
21084.8252      28117.0663      9.96556558e-10  -0.221491127   
21084.8252      28117.0663      1.77215601e-09  -0.21544061    
21084.8252      28117.0663      3.15138854e-09  -0.204999881   
21084.8252      28117.0663      5.60404936e-09  -0.187398785   
21084.8252      28117.0663      9.96556558e-09  -0.158933712   
21084.8252      28117.0663      1.77215601e-08  -0.116229469   
21084.8252      28117.0663      3.15138854e-08  -0.0607553438  
21084.8252      28117.0663      5.60404936e-08  -0.00964029827 
21084.8252      28117.0663      9.96556558e-08  -0.0153833931  
21084.8252      28117.0663      1.77215601e-07  -0.196262431   
21084.8252      28117.0663      3.15138854e-07  -0.784987852   
21084.8252      28117.0663      5.60404936e-07  -2.21874054    
21084.8252      28117.0663      9.96556558e-07  -5.30991296    
21084.8252      28117.0663      1.77215601e-06  -11.5492733    
21084.8252      28117.0663      3.15138854e-06  -23.6231465    
21084.8252      28117.0663      5.60404936e-06  -46.3094069    
21084.8252      28117.0663      9.96556558e-06  -88.0723337    
21084.8252      28117.0663      1.77215601e-05  -163.923167    
21084.8252      28117.0663      3.15138854e-05  -300.533339    
21084.8252      28117.0663      5.60404936e-05  -545.34263     
21084.8252      28117.0663      9.96556558e-05  -982.756842    
28117.0663      37494.7105      0               2.36925892e-05 
28117.0663      37494.7105      1.77215601e-10  -0.00129013982 
28117.0663      37494.7105      3.15138854e-10  -0.00231267083 
28117.0663      37494.7105      5.60404936e-10  -0.00413102167 
28117.0663      37494.7105      9.96556558e-10  -0.00736457327 
28117.0663      37494.7105      1.77215601e-09  -0.0131147813  
28117.0663      37494.7105      3.15138854e-09  -0.0233404153  
28117.0663      37494.7105      5.60404936e-09  -0.041524947   
28117.0663      37494.7105      9.96556558e-09  -0.0738636951  
28117.0663      37494.7105      1.77215601e-08  -0.131375974   
28117.0663      37494.7105      3.15138854e-08  -0.233664437   
28117.0663      37494.7105      5.60404936e-08  -0.415610633   
28117.0663      37494.7105      9.96556558e-08  -0.73931324    
28117.0663      37494.7105      1.77215601e-07  -1.31541139    
28117.0663      37494.7105      3.15138854e-07  -2.34126778    
28117.0663      37494.7105      5.60404936e-07  -4.16955076    
28117.0663      37494.7105      9.96556558e-07  -7.43169679    
28117.0663      37494.7105      1.77215601e-06  -13.2599459    
28117.0663      37494.7105      3.15138854e-06  -23.684225     
28117.0663      37494.7105      5.60404936e-06  -42.3357191    
28117.0663      37494.7105      9.96556558e-06  -75.6897497    
28117.0663      37494.7105      1.77215601e-05  -135.268405    
28117.0663      37494.7105      3.15138854e-05  -241.560129    
28117.0663      37494.7105      5.60404936e-05  -431.002358    
28117.0663      37494.7105      9.96556558e-05  -768.412545    
37494.7105      50000           0               -0.069111343   
37494.7105      50000           1.77215601e-10  -0.068604224   
37494.7105      50000           3.15138854e-10  -0.0682112084  
37494.7105      50000           5.60404936e-10  -0.0675159048  
37494.7105      50000           9.96556558e-10  -0.0662907525  
37494.7105      50000           1.77215601e-09  -0.0641474972  
37494.7105      50000           3.15138854e-09  -0.0604465033  
37494.7105      50000           5.60404936e-09  -0.0542049208  
37494.7105      50000           9.96556558e-09  -0.0441323     
37494.7105      50000           1.77215601e-08  -0.0292222814  
37494.7105      50000           3.15138854e-08  -0.0110327438  
37494.7105      50000           5.60404936e-08  2.20616611e-05 
37494.7105      50000           9.96556558e-08  -0.0289318774  
37494.7105      50000           1.77215601e-07  -0.176671912   
37494.7105      50000           3.15138854e-07  -0.602304801   
37494.7105      50000           5.60404936e-07  -1.59651395    
37494.7105      50000           9.96556558e-07  -3.66949683    
37494.7105      50000           1.77215601e-06  -7.71308396    
37494.7105      50000           3.15138854e-06  -15.2967686    
37494.7105      50000           5.60404936e-06  -29.1984455    
37494.7105      50000           9.96556558e-06  -54.3490597    
37494.7105      50000           1.77215601e-05  -99.5117777    
37494.7105      50000           3.15138854e-05  -180.267268    
37494.7105      50000           5.60404936e-05  -324.322372    
37494.7105      50000           9.96556558e-05  -580.952002    
50000           66676.0716      0               1.26397026e-09 
50000           66676.0716      1.77215601e-10  -0.000778224627
50000           66676.0716      3.15138854e-10  -0.00138390183 
50000           66676.0716      5.60404936e-10  -0.00246096518 
50000           66676.0716      9.96556558e-10  -0.0043762849  
50000           66676.0716      1.77215601e-09  -0.00778225895 
50000           66676.0716      3.15138854e-09  -0.0138390339  
50000           66676.0716      5.60404936e-09  -0.0246096763  
50000           66676.0716      9.96556558e-09  -0.0437629017  
50000           66676.0716      1.77215601e-08  -0.0778227315  
50000           66676.0716      3.15138854e-08  -0.138390763   
50000           66676.0716      5.60404936e-08  -0.246098079   
50000           66676.0716      9.96556558e-08  -0.437633152   
50000           66676.0716      1.77215601e-07  -0.778240347   
50000           66676.0716      3.15138854e-07  -1.3839487     
50000           66676.0716      5.60404936e-07  -2.46111003    
50000           66676.0716      9.96556558e-07  -4.37673672    
50000           66676.0716      1.77215601e-06  -7.78366582    
50000           66676.0716      3.15138854e-06  -13.8433767    
50000           66676.0716      5.60404936e-06  -24.6228675    
50000           66676.0716      9.96556558e-06  -43.8019332    
50000           66676.0716      1.77215601e-05  -77.933797     
50000           66676.0716      3.15138854e-05  -138.690541    
50000           66676.0716      5.60404936e-05  -246.857351    
50000           66676.0716      9.96556558e-05  -439.430216    
66676.0716      88913.9705      0               9.52098844e-10 
66676.0716      88913.9705      1.77215601e-10  -0.00058620994 
66676.0716      88913.9705      3.15138854e-10  -0.00104244581 
66676.0716      88913.9705      5.60404936e-10  -0.00185376066 
66676.0716      88913.9705      9.96556558e-10  -0.00329650515 
66676.0716      88913.9705      1.77215601e-09  -0.00586210797 
66676.0716      88913.9705      3.15138854e-09  -0.0104244667  
66676.0716      88913.9705      5.60404936e-09  -0.0185376152  
66676.0716      88913.9705      9.96556558e-09  -0.0329650601  
66676.0716      88913.9705      1.77215601e-08  -0.0586210884  
66676.0716      88913.9705      3.15138854e-08  -0.104244675   
66676.0716      88913.9705      5.60404936e-08  -0.185376161   
66676.0716      88913.9705      9.96556558e-08  -0.329650613   
66676.0716      88913.9705      1.77215601e-07  -0.586210905   
66676.0716      88913.9705      3.15138854e-07  -1.0424468     
66676.0716      88913.9705      5.60404936e-07  -1.85376175    
66676.0716      88913.9705      9.96556558e-07  -3.29650654    
66676.0716      88913.9705      1.77215601e-06  -5.8621103     
66676.0716      88913.9705      3.15138854e-06  -10.424472     
66676.0716      88913.9705      5.60404936e-06  -18.5376299    
66676.0716      88913.9705      9.96556558e-06  -32.9651045    
66676.0716      88913.9705      1.77215601e-05  -58.6212264    
66676.0716      88913.9705      3.15138854e-05  -104.245108    
66676.0716      88913.9705      5.60404936e-05  -185.377518    
66676.0716      88913.9705      9.96556558e-05  -329.654849    
88913.9705      118568.685      0               3.85199135e-06 
88913.9705      118568.685      1.77215601e-10  -0.000423320375
88913.9705      118568.685      3.15138854e-10  -0.000755779917
88913.9705      118568.685      5.60404936e-10  -0.00134698606 
88913.9705      118568.685      9.96556558e-10  -0.00239831633 
88913.9705      118568.685      1.77215601e-09  -0.00426787713 
88913.9705      118568.685      3.15138854e-09  -0.00759248433 
88913.9705      118568.685      5.60404936e-09  -0.013504583   
88913.9705      118568.685      9.96556558e-09  -0.0240180036  
88913.9705      118568.685      1.77215601e-08  -0.0427139839  
88913.9705      118568.685      3.15138854e-08  -0.0759612327  
88913.9705      118568.685      5.60404936e-08  -0.135085936   
88913.9705      118568.685      9.96556558e-08  -0.240231866   
88913.9705      118568.685      1.77215601e-07  -0.427228589   
88913.9705      118568.685      3.15138854e-07  -0.759816959   
88913.9705      118568.685      5.60404936e-07  -1.35142565    
88913.9705      118568.685      9.96556558e-07  -2.40400263    
88913.9705      118568.685      1.77215601e-06  -4.27736635    
88913.9705      118568.685      3.15138854e-06  -7.61328883    
88913.9705      118568.685      5.60404936e-06  -13.557776     
88913.9705      118568.685      9.96556558e-06  -24.1588842    
88913.9705      118568.685      1.77215601e-05  -43.0758549    
88913.9705      118568.685      3.15138854e-05  -76.837028     
88913.9705      118568.685      5.60404936e-05  -137.067634    
88913.9705      118568.685      9.96556558e-05  -244.443792    
118568.685      158113.883      0               0.00125309361  
118568.685      158113.883      1.77215601e-10  0.000926829165 
118568.685      158113.883      3.15138854e-10  0.000672904266 
118568.685      158113.883      5.60404936e-10  0.000221354845 
118568.685      158113.883      9.96556558e-10  -0.000581626192
118568.685      158113.883      1.77215601e-09  -0.00200955084 
118568.685      158113.883      3.15138854e-09  -0.00454879983 
118568.685      158113.883      5.60404936e-09  -0.00906429404 
118568.685      158113.883      9.96556558e-09  -0.0170941044  
118568.685      158113.883      1.77215601e-08  -0.0313733509  
118568.685      158113.883      3.15138854e-08  -0.056765841   
118568.685      158113.883      5.60404936e-08  -0.101920783   
118568.685      158113.883      9.96556558e-08  -0.182218888   
118568.685      158113.883      1.77215601e-07  -0.325011357   
118568.685      158113.883      3.15138854e-07  -0.578936268   
118568.685      158113.883      5.60404936e-07  -1.03048573    
118568.685      158113.883      9.96556558e-07  -1.83346688    
118568.685      158113.883      1.77215601e-06  -3.26139189    
118568.685      158113.883      3.15138854e-06  -5.80064206    
118568.685      158113.883      5.60404936e-06  -10.31614      
118568.685      158113.883      9.96556558e-06  -18.345962     
118568.685      158113.883      1.77215601e-05  -32.6252452    
118568.685      158113.883      3.15138854e-05  -58.0178508    
118568.685      158113.883      5.60404936e-05  -103.173156    
118568.685      158113.883      9.96556558e-05  -183.472391    
158113.883      210848.252      0               0.000626641139 
158113.883      210848.252      1.77215601e-10  0.000382764734 
158113.883      210848.252      3.15138854e-10  0.00019296075  
158113.883      210848.252      5.60404936e-10  -0.000144563768
158113.883      210848.252      9.96556558e-10  -0.000744776668
158113.883      210848.252      1.77215601e-09  -0.00181212291 
158113.883      210848.252      3.15138854e-09  -0.00371016276 
158113.883      210848.252      5.60404936e-09  -0.00708540794 
158113.883      210848.252      9.96556558e-09  -0.013087537   
158113.883      210848.252      1.77215601e-08  -0.0237609995  
158113.883      210848.252      3.15138854e-08  -0.0427413982  
158113.883      210848.252      5.60404936e-08  -0.076493851   
158113.883      210848.252      9.96556558e-08  -0.136515144   
158113.883      210848.252      1.77215601e-07  -0.243249779   
158113.883      210848.252      3.15138854e-07  -0.433053796   
158113.883      210848.252      5.60404936e-07  -0.770578416   
158113.883      210848.252      9.96556558e-07  -1.37079164    
158113.883      210848.252      1.77215601e-06  -2.43813891    
158113.883      210848.252      3.15138854e-06  -4.33618201    
158113.883      210848.252      5.60404936e-06  -7.71143746    
158113.883      210848.252      9.96556558e-06  -13.7135989    
158113.883      210848.252      1.77215601e-05  -24.3871632    
158113.883      210848.252      3.15138854e-05  -43.3678807    
158113.883      210848.252      5.60404936e-05  -77.1213248    
158113.883      210848.252      9.96556558e-05  -137.145662    
210848.252      281170.663      0               2.96235037e-10 
210848.252      281170.663      1.77215601e-10  -0.000182395292
210848.252      281170.663      3.15138854e-10  -0.000324350023
210848.252      281170.663      5.60404936e-10  -0.000576785198
210848.252      281170.663      9.96556558e-10  -0.00102568547 
210848.252      281170.663      1.77215601e-09  -0.00182395559 
210848.252      281170.663      3.15138854e-09  -0.0032435029  
210848.252      281170.663      5.60404936e-09  -0.00576785465 
210848.252      281170.663      9.96556558e-09  -0.0102568574  
210848.252      281170.663      1.77215601e-08  -0.0182395585  
210848.252      281170.663      3.15138854e-08  -0.0324350316  
210848.252      281170.663      5.60404936e-08  -0.0576785492  
210848.252      281170.663      9.96556558e-08  -0.102568577   
210848.252      281170.663      1.77215601e-07  -0.182395588   
210848.252      281170.663      3.15138854e-07  -0.324350319   
210848.252      281170.663      5.60404936e-07  -0.576785494   
210848.252      281170.663      9.96556558e-07  -1.02568577    
210848.252      281170.663      1.77215601e-06  -1.82395588    
210848.252      281170.663      3.15138854e-06  -3.24350319    
210848.252      281170.663      5.60404936e-06  -5.76785495    
210848.252      281170.663      9.96556558e-06  -10.2568577    
210848.252      281170.663      1.77215601e-05  -18.2395588    
210848.252      281170.663      3.15138854e-05  -32.4350319    
210848.252      281170.663      5.60404936e-05  -57.6785495    
210848.252      281170.663      9.96556558e-05  -102.568577    
281170.663      374947.105      0               2.20331309e-10 
281170.663      374947.105      1.77215601e-10  -0.000135659812
281170.663      374947.105      3.15138854e-10  -0.000241241222
281170.663      374947.105      5.60404936e-10  -0.00042899447 
281170.663      374947.105      9.96556558e-10  -0.000762872205
281170.663      374947.105      1.77215601e-09  -0.00135660011 
281170.663      374947.105      3.15138854e-09  -0.00241241421 
281170.663      374947.105      5.60404936e-09  -0.00428994668 
281170.663      374947.105      9.96556558e-09  -0.00762872403 
281170.663      374947.105      1.77215601e-08  -0.013566003   
281170.663      374947.105      3.15138854e-08  -0.0241241441  
281170.663      374947.105      5.60404936e-08  -0.0428994688  
281170.663      374947.105      9.96556558e-08  -0.0762872423  
281170.663      374947.105      1.77215601e-07  -0.135660032   
281170.663      374947.105      3.15138854e-07  -0.241241443   
281170.663      374947.105      5.60404936e-07  -0.42899469    
281170.663      374947.105      9.96556558e-07  -0.762872425   
281170.663      374947.105      1.77215601e-06  -1.35660033    
281170.663      374947.105      3.15138854e-06  -2.41241443    
281170.663      374947.105      5.60404936e-06  -4.2899469     
281170.663      374947.105      9.96556558e-06  -7.62872425    
281170.663      374947.105      1.77215601e-05  -13.5660033    
281170.663      374947.105      3.15138854e-05  -24.1241443    
281170.663      374947.105      5.60404936e-05  -42.899469     
281170.663      374947.105      9.96556558e-05  -76.2872425    
374947.105      500000          0               0.00117220159  
374947.105      500000          1.77215601e-10  0.00107362961  
374947.105      500000          3.15138854e-10  0.000996913072 
374947.105      500000          5.60404936e-10  0.000860489629 
374947.105      500000          9.96556558e-10  0.000617890628 
374947.105      500000          1.77215601e-09  0.00018648182  
374947.105      500000          3.15138854e-09  -0.000580683581
374947.105      500000          5.60404936e-09  -0.00194491802 
374947.105      500000          9.96556558e-09  -0.00437090803 
374947.105      500000          1.77215601e-08  -0.00868499612 
374947.105      500000          3.15138854e-08  -0.0163566502  
374947.105      500000          5.60404936e-08  -0.0299989947  
374947.105      500000          9.96556558e-08  -0.0542588953  
374947.105      500000          1.77215601e-07  -0.0973997777  
374947.105      500000          3.15138854e-07  -0.174116323   
374947.105      500000          5.60404936e-07  -0.310539783   
374947.105      500000          9.96556558e-07  -0.553138835   
374947.105      500000          1.77215601e-06  -0.984547807   
374947.105      500000          3.15138854e-06  -1.75171372    
374947.105      500000          5.60404936e-06  -3.1159498     
374947.105      500000          9.96556558e-06  -5.54194497    
374947.105      500000          1.77215601e-05  -9.85604934    
374947.105      500000          3.15138854e-05  -17.5277547    
374947.105      500000          5.60404936e-05  -31.17026      
374947.105      500000          9.96556558e-05  -55.4306627    
