### like_sagittarius.txt
#[0]emin(MeV) [1]emax(MeV) [2]eflux(MeV/cm^2/s) [3]deltaLogLike
500             666.760716      0               6.54836185e-09 
500             666.760716      1.77215601e-10  -0.00403474693 
500             666.760716      3.15138854e-10  -0.00717747468 
500             666.760716      5.60404936e-10  -0.0127716607  
500             666.760716      9.96556558e-10  -0.0227371887  
500             666.760716      1.77215601e-09  -0.0405139716  
500             666.760716      3.15138854e-09  -0.0723005781  
500             666.760716      5.60404936e-09  -0.129376126   
500             666.760716      9.96556558e-09  -0.232601882   
500             666.760716      1.77215601e-08  -0.421579854   
500             666.760716      3.15138854e-08  -0.774453084   
500             666.760716      5.60404936e-08  -1.45352991    
500             666.760716      9.96556558e-08  -2.81590301    
500             666.760716      1.77215601e-07  -5.68781736    
500             666.760716      3.15138854e-07  -12.0363896    
500             666.760716      5.60404936e-07  -26.5423278    
500             666.760716      9.96556558e-07  -60.0644876    
500             666.760716      1.77215601e-06  -136.84563     
500             666.760716      3.15138854e-06  -308.877642    
500             666.760716      5.60404936e-06  -683.695349    
500             666.760716      9.96556558e-06  -1476.78976    
500             666.760716      1.77215601e-05  -3108.15565    
500             666.760716      3.15138854e-05  -6376.92598    
500             666.760716      5.60404936e-05  -12773.6042    
500             666.760716      9.96556558e-05  -25034.9291    
666.760716      889.139705      0               0.00514266904  
666.760716      889.139705      1.77215601e-10  0.0052748625   
666.760716      889.139705      3.15138854e-10  0.00537402889  
666.760716      889.139705      5.60404936e-10  0.00554234187  
666.760716      889.139705      9.96556558e-10  0.00581626983  
666.760716      889.139705      1.77215601e-09  0.00622325524  
666.760716      889.139705      3.15138854e-09  0.00669426291  
666.760716      889.139705      5.60404936e-09  0.00673646745  
666.760716      889.139705      9.96556558e-09  0.0043174463   
666.760716      889.139705      1.77215601e-08  -0.00775523048 
666.760716      889.139705      3.15138854e-08  -0.0531729828  
666.760716      889.139705      5.60404936e-08  -0.206406876   
666.760716      889.139705      9.96556558e-08  -0.691819681   
666.760716      889.139705      1.77215601e-07  -2.15335338    
666.760716      889.139705      3.15138854e-07  -6.33299208    
666.760716      889.139705      5.60404936e-07  -17.6317105    
666.760716      889.139705      9.96556558e-07  -46.4108371    
666.760716      889.139705      1.77215601e-06  -115.553887    
666.760716      889.139705      3.15138854e-06  -273.050743    
666.760716      889.139705      5.60404936e-06  -615.644354    
666.760716      889.139705      9.96556558e-06  -1332.49807    
666.760716      889.139705      1.77215601e-05  -2784.486      
666.760716      889.139705      3.15138854e-05  -5646.36808    
666.760716      889.139705      5.60404936e-05  -11160.0562    
666.760716      889.139705      9.96556558e-05  -21584.7867    
889.139705      1185.68685      0               -0.433170317   
889.139705      1185.68685      1.77215601e-10  -0.430580092   
889.139705      1185.68685      3.15138854e-10  -0.428570178   
889.139705      1185.68685      5.60404936e-10  -0.425008961   
889.139705      1185.68685      9.96556558e-10  -0.41871707    
889.139705      1185.68685      1.77215601e-09  -0.407657436   
889.139705      1185.68685      3.15138854e-09  -0.388396447   
889.139705      1185.68685      5.60404936e-09  -0.355417475   
889.139705      1185.68685      9.96556558e-09  -0.300730588   
889.139705      1185.68685      1.77215601e-08  -0.215652837   
889.139705      1185.68685      3.15138854e-08  -0.101037849   
889.139705      1185.68685      5.60404936e-08  -0.00428342522 
889.139705      1185.68685      9.96556558e-08  -0.130247402   
889.139705      1185.68685      1.77215601e-07  -1.1319467     
889.139705      1185.68685      3.15138854e-07  -4.79039948    
889.139705      1185.68685      5.60404936e-07  -15.4655608    
889.139705      1185.68685      9.96556558e-07  -43.0030804    
889.139705      1185.68685      1.77215601e-06  -108.333236    
889.139705      1185.68685      3.15138854e-06  -253.99113     
889.139705      1185.68685      5.60404936e-06  -563.538742    
889.139705      1185.68685      9.96556558e-06  -1196.93203    
889.139705      1185.68685      1.77215601e-05  -2454.24695    
889.139705      1185.68685      3.15138854e-05  -4889.68945    
889.139705      1185.68685      5.60404936e-05  -9514.75735    
889.139705      1185.68685      9.96556558e-05  -18159.5474    
1185.68685      1581.13883      0               -0.0121701375  
1185.68685      1581.13883      1.77215601e-10  -0.0115414383  
1185.68685      1581.13883      3.15138854e-10  -0.011059187   
1185.68685      1581.13883      5.60404936e-10  -0.0102168317  
1185.68685      1581.13883      9.96556558e-10  -0.00876690232 
1185.68685      1581.13883      1.77215601e-09  -0.00633966428 
1185.68685      1581.13883      3.15138854e-09  -0.00249747649 
1185.68685      1581.13883      5.60404936e-09  0.00285676367  
1185.68685      1581.13883      9.96556558e-09  0.00781718127  
1185.68685      1581.13883      1.77215601e-08  0.00281163204  
1185.68685      1581.13883      3.15138854e-08  -0.0468305003  
1185.68685      1581.13883      5.60404936e-08  -0.250076405   
1185.68685      1581.13883      9.96556558e-08  -0.916954734   
1185.68685      1581.13883      1.77215601e-07  -2.85537881    
1185.68685      1581.13883      3.15138854e-07  -8.0071946     
1185.68685      1581.13883      5.60404936e-07  -20.7216907    
1185.68685      1581.13883      9.96556558e-07  -50.2013326    
1185.68685      1581.13883      1.77215601e-06  -115.096547    
1185.68685      1581.13883      3.15138854e-06  -252.018614    
1185.68685      1581.13883      5.60404936e-06  -531.121261    
1185.68685      1581.13883      9.96556558e-06  -1084.3001     
1185.68685      1581.13883      1.77215601e-05  -2155.74855    
1185.68685      1581.13883      3.15138854e-05  -4192.0901     
1185.68685      1581.13883      5.60404936e-05  -8002.75856    
1185.68685      1581.13883      9.96556558e-05  -15045.2322    
1581.13883      2108.48252      0               -0.2736325     
1581.13883      2108.48252      1.77215601e-10  -0.271007941   
1581.13883      2108.48252      3.15138854e-10  -0.268975461   
1581.13883      2108.48252      5.60404936e-10  -0.265383052   
1581.13883      2108.48252      9.96556558e-10  -0.259063776   
1581.13883      2108.48252      1.77215601e-09  -0.248043192   
1581.13883      2108.48252      3.15138854e-09  -0.229123364   
1581.13883      2108.48252      5.60404936e-09  -0.197579104   
1581.13883      2108.48252      9.96556558e-09  -0.147897876   
1581.13883      2108.48252      1.77215601e-08  -0.078660048   
1581.13883      2108.48252      3.15138854e-08  -0.0103320875  
1581.13883      2108.48252      5.60404936e-08  -0.037369925   
1581.13883      2108.48252      9.96556558e-08  -0.459032267   
1581.13883      2108.48252      1.77215601e-07  -2.06769661    
1581.13883      2108.48252      3.15138854e-07  -6.72170183    
1581.13883      2108.48252      5.60404936e-07  -18.4114106    
1581.13883      2108.48252      9.96556558e-07  -45.1973026    
1581.13883      2108.48252      1.77215601e-06  -102.756711    
1581.13883      2108.48252      3.15138854e-06  -220.942919    
1581.13883      2108.48252      5.60404936e-06  -455.865449    
1581.13883      2108.48252      9.96556558e-06  -911.816696    
1581.13883      2108.48252      1.77215601e-05  -1780.54879    
1581.13883      2108.48252      3.15138854e-05  -3411.14205    
1581.13883      2108.48252      5.60404936e-05  -6434.05137    
1581.13883      2108.48252      9.96556558e-05  -11981.4441    
2108.48252      2811.70663      0               -0.560805604   
2108.48252      2811.70663      1.77215601e-10  -0.556525359   
2108.48252      2811.70663      3.15138854e-10  -0.553209262   
2108.48252      2811.70663      5.60404936e-10  -0.547344892   
2108.48252      2811.70663      9.96556558e-10  -0.537018789   
2108.48252      2811.70663      1.77215601e-09  -0.518976373   
2108.48252      2811.70663      3.15138854e-09  -0.48788565    
2108.48252      2811.70663      5.60404936e-09  -0.435638136   
2108.48252      2811.70663      9.96556558e-09  -0.351816423   
2108.48252      2811.70663      1.77215601e-08  -0.228940418   
2108.48252      2811.70663      3.15138854e-08  -0.0818105599  
2108.48252      2811.70663      5.60404936e-08  -0.000722411462
2108.48252      2811.70663      9.96556558e-08  -0.273539153   
2108.48252      2811.70663      1.77215601e-07  -1.63221843    
2108.48252      2811.70663      3.15138854e-07  -5.71568261    
2108.48252      2811.70663      5.60404936e-07  -15.9188463    
2108.48252      2811.70663      9.96556558e-07  -38.9495491    
2108.48252      2811.70663      1.77215601e-06  -87.6756263    
2108.48252      2811.70663      3.15138854e-06  -186.2906      
2108.48252      2811.70663      5.60404936e-06  -379.621407    
2108.48252      2811.70663      9.96556558e-06  -749.815424    
2108.48252      2811.70663      1.77215601e-05  -1446.141      
2108.48252      2811.70663      3.15138854e-05  -2738.04628    
2108.48252      2811.70663      5.60404936e-05  -5109.49999    
2108.48252      2811.70663      9.96556558e-05  -9426.75917    
2811.70663      3749.47105      0               0.000411241243 
2811.70663      3749.47105      1.77215601e-10  -0.00415164688 
2811.70663      3749.47105      3.15138854e-10  -0.0077053224  
2811.70663      3749.47105      5.60404936e-10  -0.0140300889  
2811.70663      3749.47105      9.96556558e-10  -0.0252941253  
2811.70663      3749.47105      1.77215601e-09  -0.045377702   
2811.70663      3749.47105      3.15138854e-09  -0.0812579685  
2811.70663      3749.47105      5.60404936e-09  -0.14558022    
2811.70663      3749.47105      9.96556558e-09  -0.261555289   
2811.70663      3749.47105      1.77215601e-08  -0.472600855   
2811.70663      3749.47105      3.15138854e-08  -0.861988287   
2811.70663      3749.47105      5.60404936e-08  -1.59383373    
2811.70663      3749.47105      9.96556558e-08  -2.99864796    
2811.70663      3749.47105      1.77215601e-07  -5.74761057    
2811.70663      3749.47105      3.15138854e-07  -11.1950913    
2811.70663      3749.47105      5.60404936e-07  -22.0305316    
2811.70663      3749.47105      9.96556558e-07  -43.4905367    
2811.70663      3749.47105      1.77215601e-06  -85.5722858    
2811.70663      3749.47105      3.15138854e-06  -167.011015    
2811.70663      3749.47105      5.60404936e-06  -322.355498    
2811.70663      3749.47105      9.96556558e-06  -614.542348    
2811.70663      3749.47105      1.77215601e-05  -1157.2945     
2811.70663      3749.47105      3.15138854e-05  -2155.02966    
2811.70663      3749.47105      5.60404936e-05  -3973.91882    
2811.70663      3749.47105      9.96556558e-05  -7268.36728    
3749.47105      5000            0               -0.068080487   
3749.47105      5000            1.77215601e-10  -0.0668666716  
3749.47105      5000            3.15138854e-10  -0.0659306444  
3749.47105      5000            5.60404936e-10  -0.0642847728  
3749.47105      5000            9.96556558e-10  -0.0614165518  
3749.47105      5000            1.77215601e-09  -0.0564993352  
3749.47105      5000            3.15138854e-09  -0.0483236836  
3749.47105      5000            5.60404936e-09  -0.0355238239  
3749.47105      5000            9.96556558e-09  -0.017955355   
3749.47105      5000            1.77215601e-08  -0.00165059355 
3749.47105      5000            3.15138854e-08  -0.0132675949  
3749.47105      5000            5.60404936e-08  -0.136241053   
3749.47105      5000            9.96556558e-08  -0.5901236     
3749.47105      5000            1.77215601e-07  -1.88774876    
3749.47105      5000            3.15138854e-07  -5.12647655    
3749.47105      5000            5.60404936e-07  -12.5093472    
3749.47105      5000            9.96556558e-07  -28.2680275    
3749.47105      5000            1.77215601e-06  -60.3030936    
3749.47105      5000            3.15138854e-06  -123.115272    
3749.47105      5000            5.60404936e-06  -243.06176     
3749.47105      5000            9.96556558e-06  -467.776532    
3749.47105      5000            1.77215601e-05  -882.980673    
3749.47105      5000            3.15138854e-05  -1642.38795    
3749.47105      5000            5.60404936e-05  -3020.89332    
3749.47105      5000            9.96556558e-05  -5509.18185    
5000            6667.60716      0               -0.0727831495  
5000            6667.60716      1.77215601e-10  -0.0715652724  
5000            6667.60716      3.15138854e-10  -0.0706249321  
5000            6667.60716      5.60404936e-10  -0.0689689255  
5000            6667.60716      9.96556558e-10  -0.0660750041  
5000            6667.60716      1.77215601e-09  -0.0610884488  
5000            6667.60716      3.15138854e-09  -0.052718185   
5000            6667.60716      5.60404936e-09  -0.0393644614  
5000            6667.60716      9.96556558e-09  -0.0202394791  
5000            6667.60716      1.77215601e-08  0.000271201538 
5000            6667.60716      3.15138854e-08  -0.000646131721
5000            6667.60716      5.60404936e-08  -0.0979031815  
5000            6667.60716      9.96556558e-08  -0.490098103   
5000            6667.60716      1.77215601e-07  -1.62832379    
5000            6667.60716      3.15138854e-07  -4.42808419    
5000            6667.60716      5.60404936e-07  -10.632039     
5000            6667.60716      9.96556558e-07  -23.4798817    
5000            6667.60716      1.77215601e-06  -48.9559985    
5000            6667.60716      3.15138854e-06  -98.0471544    
5000            6667.60716      5.60404936e-06  -190.746925    
5000            6667.60716      9.96556558e-06  -363.133017    
5000            6667.60716      1.77215601e-05  -679.922514    
5000            6667.60716      3.15138854e-05  -1256.81849    
5000            6667.60716      5.60404936e-05  -2300.31456    
5000            6667.60716      9.96556558e-05  -4178.55077    
6667.60716      8891.39705      0               0.0003426013   
6667.60716      8891.39705      1.77215601e-10  -0.0038799515  
6667.60716      8891.39705      3.15138854e-10  -0.00716688116 
6667.60716      8891.39705      5.60404936e-10  -0.0130132637  
6667.60716      8891.39705      9.96556558e-10  -0.0234138755  
6667.60716      8891.39705      1.77215601e-09  -0.041922007   
6667.60716      8891.39705      3.15138854e-09  -0.0748752137  
6667.60716      8891.39705      5.60404936e-09  -0.133601695   
6667.60716      8891.39705      9.96556558e-09  -0.238423688   
6667.60716      8891.39705      1.77215601e-08  -0.42600615    
6667.60716      8891.39705      3.15138854e-08  -0.763039157   
6667.60716      8891.39705      5.60404936e-08  -1.37202363    
6667.60716      8891.39705      9.96556558e-08  -2.47991994    
6667.60716      8891.39705      1.77215601e-07  -4.50838788    
6667.60716      8891.39705      3.15138854e-07  -8.23660701    
6667.60716      8891.39705      5.60404936e-07  -15.0904104    
6667.60716      8891.39705      9.96556558e-07  -27.6588352    
6667.60716      8891.39705      1.77215601e-06  -50.6259585    
6667.60716      8891.39705      3.15138854e-06  -92.4510219    
6667.60716      8891.39705      5.60404936e-06  -168.383605    
6667.60716      8891.39705      9.96556558e-06  -305.8533      
6667.60716      8891.39705      1.77215601e-05  -554.063116    
6667.60716      8891.39705      3.15138854e-05  -1001.01212    
6667.60716      8891.39705      5.60404936e-05  -1803.70936    
6667.60716      8891.39705      9.96556558e-05  -3241.90363    
8891.39705      11856.8685      0               0.000395936409 
8891.39705      11856.8685      1.77215601e-10  -0.00274121065 
8891.39705      11856.8685      3.15138854e-10  -0.00518332534 
8891.39705      11856.8685      5.60404936e-10  -0.00952724824 
8891.39705      11856.8685      9.96556558e-10  -0.0172556175  
8891.39705      11856.8685      1.77215601e-09  -0.0310103395  
8891.39705      11856.8685      3.15138854e-09  -0.0555062147  
8891.39705      11856.8685      5.60404936e-09  -0.0991793438  
8891.39705      11856.8685      9.96556558e-09  -0.177189495   
8891.39705      11856.8685      1.77215601e-08  -0.316963164   
8891.39705      11856.8685      3.15138854e-08  -0.568595244   
8891.39705      11856.8685      5.60404936e-08  -1.02462526    
8891.39705      11856.8685      9.96556558e-08  -1.85760161    
8891.39705      11856.8685      1.77215601e-07  -3.38977252    
8891.39705      11856.8685      3.15138854e-07  -6.21761218    
8891.39705      11856.8685      5.60404936e-07  -11.4294586    
8891.39705      11856.8685      9.96556558e-07  -20.9904043    
8891.39705      11856.8685      1.77215601e-06  -38.4383595    
8891.39705      11856.8685      3.15138854e-06  -70.1493209    
8891.39705      11856.8685      5.60404936e-06  -127.617406    
8891.39705      11856.8685      9.96556558e-06  -231.524377    
8891.39705      11856.8685      1.77215601e-05  -418.965817    
8891.39705      11856.8685      3.15138854e-05  -756.271401    
8891.39705      11856.8685      5.60404936e-05  -1361.77706    
8891.39705      11856.8685      9.96556558e-05  -2446.31527    
11856.8685      15811.3883      0               5.11136022e-09 
11856.8685      15811.3883      1.77215601e-10  -0.00314697068 
11856.8685      15811.3883      3.15138854e-10  -0.00559620161 
11856.8685      15811.3883      5.60404936e-10  -0.00995162823 
11856.8685      15811.3883      9.96556558e-10  -0.0176968243  
11856.8685      15811.3883      1.77215601e-09  -0.0314700438  
11856.8685      15811.3883      3.15138854e-09  -0.0559629821  
11856.8685      15811.3883      5.60404936e-09  -0.0995192363  
11856.8685      15811.3883      9.96556558e-09  -0.176977478   
11856.8685      15811.3883      1.77215601e-08  -0.314729502   
11856.8685      15811.3883      3.15138854e-08  -0.559721416   
11856.8685      15811.3883      5.60404936e-08  -0.995480703   
11856.8685      15811.3883      9.96556558e-08  -1.77067978    
11856.8685      15811.3883      1.77215601e-07  -3.1501199     
11856.8685      15811.3883      3.15138854e-07  -5.60594744    
11856.8685      15811.3883      5.60404936e-07  -9.98137345    
11856.8685      15811.3883      9.96556558e-07  -17.7855244    
11856.8685      15811.3883      1.77215601e-06  -31.7253637    
11856.8685      15811.3883      3.15138854e-06  -56.6629407    
11856.8685      15811.3883      5.60404936e-06  -101.326778    
11856.8685      15811.3883      9.96556558e-06  -181.353828    
11856.8685      15811.3883      1.77215601e-05  -324.69224     
11856.8685      15811.3883      3.15138854e-05  -581.212071    
11856.8685      15811.3883      5.60404936e-05  -1039.80279    
11856.8685      15811.3883      9.96556558e-05  -1858.76673    
15811.3883      21084.8252      0               3.58613761e-09 
15811.3883      21084.8252      1.77215601e-10  -0.00220834394 
15811.3883      21084.8252      3.15138854e-10  -0.00392707325 
15811.3883      21084.8252      5.60404936e-10  -0.00698349286 
15811.3883      21084.8252      9.96556558e-10  -0.0124187832  
15811.3883      21084.8252      1.77215601e-09  -0.0220846345  
15811.3883      21084.8252      3.15138854e-09  -0.0392744389  
15811.3883      21084.8252      5.60404936e-09  -0.0698465639  
15811.3883      21084.8252      9.96556558e-09  -0.124224468   
15811.3883      21084.8252      1.77215601e-08  -0.220961637   
15811.3883      21084.8252      3.15138854e-08  -0.393106174   
15811.3883      21084.8252      5.60404936e-08  -0.699594633   
15811.3883      21084.8252      9.96556558e-08  -1.2457338     
15811.3883      21084.8252      1.77215601e-07  -2.22022491    
15811.3883      21084.8252      3.15138854e-07  -3.96248185    
15811.3883      21084.8252      5.60404936e-07  -7.08539304    
15811.3883      21084.8252      9.96556558e-07  -12.6983905    
15811.3883      21084.8252      1.77215601e-06  -22.8089687    
15811.3883      21084.8252      3.15138854e-06  -41.039528     
15811.3883      21084.8252      5.60404936e-06  -73.9044029    
15811.3883      21084.8252      9.96556558e-06  -133.084045    
15811.3883      21084.8252      1.77215601e-05  -239.469136    
15811.3883      21084.8252      3.15138854e-05  -430.350362    
15811.3883      21084.8252      5.60404936e-05  -772.211307    
15811.3883      21084.8252      9.96556558e-05  -1383.48957    
21084.8252      28117.0663      0               1.55190698e-05 
21084.8252      28117.0663      1.77215601e-10  -0.00170549558 
21084.8252      28117.0663      3.15138854e-10  -0.00304493188 
21084.8252      28117.0663      5.60404936e-10  -0.00542683692 
21084.8252      28117.0663      9.96556558e-10  -0.00966257081 
21084.8252      28117.0663      1.77215601e-09  -0.0171950195  
21084.8252      28117.0663      3.15138854e-09  -0.0305902297  
21084.8252      28117.0663      5.60404936e-09  -0.054411957   
21084.8252      28117.0663      9.96556558e-09  -0.0967777498  
21084.8252      28117.0663      1.77215601e-08  -0.172128906   
21084.8252      28117.0663      3.15138854e-08  -0.306164982   
21084.8252      28117.0663      5.60404936e-08  -0.544645803   
21084.8252      28117.0663      9.96556558e-08  -0.969126105   
21084.8252      28117.0663      1.77215601e-07  -1.72517831    
21084.8252      28117.0663      3.15138854e-07  -3.07325634    
21084.8252      28117.0663      5.60404936e-07  -5.48086198    
21084.8252      28117.0663      9.96556558e-07  -9.79014251    
21084.8252      28117.0663      1.77215601e-06  -17.5218707    
21084.8252      28117.0663      3.15138854e-06  -31.4210404    
21084.8252      28117.0663      5.60404936e-06  -56.4243906    
21084.8252      28117.0663      9.96556558e-06  -101.370316    
21084.8252      28117.0663      1.77215601e-05  -182.035907    
21084.8252      28117.0663      3.15138854e-05  -326.552296    
21084.8252      28117.0663      5.60404936e-05  -585.055278    
21084.8252      28117.0663      9.96556558e-05  -1046.85036    
28117.0663      37494.7105      0               9.11313691e-10 
28117.0663      37494.7105      1.77215601e-10  -0.000561164054
28117.0663      37494.7105      3.15138854e-10  -0.000998014586
28117.0663      37494.7105      5.60404936e-10  -0.00177508901 
28117.0663      37494.7105      9.96556558e-10  -0.00315767804 
28117.0663      37494.7105      1.77215601e-09  -0.00561862489 
28117.0663      37494.7105      3.15138854e-09  -0.0100021896  
28117.0663      37494.7105      5.60404936e-09  -0.0178204407  
28117.0663      37494.7105      9.96556558e-09  -0.0317959177  
28117.0663      37494.7105      1.77215601e-08  -0.056874847   
28117.0663      37494.7105      3.15138854e-08  -0.102175366   
28117.0663      37494.7105      5.60404936e-08  -0.184883332   
28117.0663      37494.7105      9.96556558e-08  -0.338383684   
28117.0663      37494.7105      1.77215601e-07  -0.629776663   
28117.0663      37494.7105      3.15138854e-07  -1.19761343    
28117.0663      37494.7105      5.60404936e-07  -2.32953913    
28117.0663      37494.7105      9.96556558e-07  -4.60882695    
28117.0663      37494.7105      1.77215601e-06  -9.16725391    
28117.0663      37494.7105      3.15138854e-06  -18.1063062    
28117.0663      37494.7105      5.60404936e-06  -35.2213539    
28117.0663      37494.7105      9.96556558e-06  -67.2948429    
28117.0663      37494.7105      1.77215601e-05  -126.420797    
28117.0663      37494.7105      3.15138854e-05  -234.151805    
28117.0663      37494.7105      5.60404936e-05  -428.864455    
28117.0663      37494.7105      9.96556558e-05  -778.841487    
37494.7105      50000           0               -1.84004864    
37494.7105      50000           1.77215601e-10  -1.82399761    
37494.7105      50000           3.15138854e-10  -1.81170544    
37494.7105      50000           5.60404936e-10  -1.79026394    
37494.7105      50000           9.96556558e-10  -1.75338997    
37494.7105      50000           1.77215601e-09  -1.69145804    
37494.7105      50000           3.15138854e-09  -1.59129423    
37494.7105      50000           5.60404936e-09  -1.43820462    
37494.7105      50000           9.96556558e-09  -1.22173971    
37494.7105      50000           1.77215601e-08  -0.944134573   
37494.7105      50000           3.15138854e-08  -0.62697518    
37494.7105      50000           5.60404936e-08  -0.313656522   
37494.7105      50000           9.96556558e-08  -0.0724210462  
37494.7105      50000           1.77215601e-07  -0.00850235191 
37494.7105      50000           3.15138854e-07  -0.293085675   
37494.7105      50000           5.60404936e-07  -1.21846085    
37494.7105      50000           9.96556558e-07  -3.29676369    
37494.7105      50000           1.77215601e-06  -7.43539674    
37494.7105      50000           3.15138854e-06  -15.2495518    
37494.7105      50000           5.60404936e-06  -29.6198224    
37494.7105      50000           9.96556558e-06  -55.6855239    
37494.7105      50000           1.77215601e-05  -102.609083    
37494.7105      50000           3.15138854e-05  -186.706996    
37494.7105      50000           5.60404936e-05  -337.014022    
37494.7105      50000           9.96556558e-05  -605.185596    
50000           66676.0716      0               9.45088618e-06 
50000           66676.0716      1.77215601e-10  -0.000514673957
50000           66676.0716      3.15138854e-10  -0.00092264956 
50000           66676.0716      5.60404936e-10  -0.0016482739  
50000           66676.0716      9.96556558e-10  -0.00293904655 
50000           66676.0716      1.77215601e-09  -0.00523569492 
50000           66676.0716      3.15138854e-09  -0.00932385752 
50000           66676.0716      5.60404936e-09  -0.0166065899  
50000           66676.0716      9.96556558e-09  -0.0295975536  
50000           66676.0716      1.77215601e-08  -0.0528243326  
50000           66676.0716      3.15138854e-08  -0.0945131104  
50000           66676.0716      5.60404936e-08  -0.169807437   
50000           66676.0716      9.96556558e-08  -0.307077523   
50000           66676.0716      1.77215601e-07  -0.56047315    
50000           66676.0716      3.15138854e-07  -1.03458334    
50000           66676.0716      5.60404936e-07  -1.93056301    
50000           66676.0716      9.96556558e-07  -3.62678593    
50000           66676.0716      1.77215601e-06  -6.81434328    
50000           66676.0716      3.15138854e-06  -12.7283734    
50000           66676.0716      5.60404936e-06  -23.5574899    
50000           66676.0716      9.96556558e-06  -43.1786144    
50000           66676.0716      1.77215601e-05  -78.4722753    
50000           66676.0716      3.15138854e-05  -141.668064    
50000           66676.0716      5.60404936e-05  -254.521683    
50000           66676.0716      9.96556558e-05  -455.75101     
66676.0716      88913.9705      0               8.97841801e-10 
66676.0716      88913.9705      1.77215601e-10  -0.00055284174 
66676.0716      88913.9705      3.15138854e-10  -0.000983110254
66676.0716      88913.9705      5.60404936e-10  -0.00174825324 
66676.0716      88913.9705      9.96556558e-10  -0.00310890814 
66676.0716      88913.9705      1.77215601e-09  -0.00552858616 
66676.0716      88913.9705      3.15138854e-09  -0.00983161855 
66676.0716      88913.9705      5.60404936e-09  -0.0174841457  
66676.0716      88913.9705      9.96556558e-09  -0.0310941603  
66676.0716      88913.9705      1.77215601e-08  -0.0553018743  
66676.0716      88913.9705      3.15138854e-08  -0.0983666334  
66676.0716      88913.9705      5.60404936e-08  -0.175000016   
66676.0716      88913.9705      9.96556558e-08  -0.311437725   
66676.0716      88913.9705      1.77215601e-07  -0.554558837   
66676.0716      88913.9705      3.15138854e-07  -0.988382945   
66676.0716      88913.9705      5.60404936e-07  -1.76412471    
66676.0716      88913.9705      9.96556558e-07  -3.15520108    
66676.0716      88913.9705      1.77215601e-06  -5.65755326    
66676.0716      88913.9705      3.15138854e-06  -10.169891     
66676.0716      88913.9705      5.60404936e-06  -18.311447     
66676.0716      88913.9705      9.96556558e-06  -32.9780246    
66676.0716      88913.9705      1.77215601e-05  -59.3224585    
66676.0716      88913.9705      3.15138854e-05  -106.499158    
66676.0716      88913.9705      5.60404936e-05  -190.775656    
66676.0716      88913.9705      9.96556558e-05  -341.076676    
88913.9705      118568.685      0               4.04247635e-06 
88913.9705      118568.685      1.77215601e-10  -0.000444254002
88913.9705      118568.685      3.15138854e-10  -0.000793153993
88913.9705      118568.685      5.60404936e-10  -0.00141359582 
88913.9705      118568.685      9.96556558e-10  -0.00251691523 
88913.9705      118568.685      1.77215601e-09  -0.00447892699 
88913.9705      118568.685      3.15138854e-09  -0.00796793703 
88913.9705      118568.685      5.60404936e-09  -0.0141723873  
88913.9705      118568.685      9.96556558e-09  -0.0252056828  
88913.9705      118568.685      1.77215601e-08  -0.0448261207  
88913.9705      118568.685      3.15138854e-08  -0.0797172331  
88913.9705      118568.685      5.60404936e-08  -0.141764932   
88913.9705      118568.685      9.96556558e-08  -0.252107973   
88913.9705      118568.685      1.77215601e-07  -0.44834412    
88913.9705      118568.685      3.15138854e-07  -0.797355013   
88913.9705      118568.685      5.60404936e-07  -1.41814368    
88913.9705      118568.685      9.96556558e-07  -2.52253884    
88913.9705      118568.685      1.77215601e-06  -4.48784017    
88913.9705      118568.685      3.15138854e-06  -7.98667737    
88913.9705      118568.685      5.60404936e-06  -14.2194281    
88913.9705      118568.685      9.96556558e-06  -25.3299906    
88913.9705      118568.685      1.77215601e-05  -45.1471748    
88913.9705      118568.685      3.15138854e-05  -80.5008729    
88913.9705      118568.685      5.60404936e-05  -143.554123    
88913.9705      118568.685      9.96556558e-05  -255.942011    
118568.685      158113.883      0               5.54308599e-10 
118568.685      158113.883      1.77215601e-10  -0.000341269536
118568.685      158113.883      3.15138854e-10  -0.000606873021
118568.685      158113.883      5.60404936e-10  -0.00107919023 
118568.685      158113.883      9.96556558e-10  -0.0019191022  
118568.685      158113.883      1.77215601e-09  -0.00341270035 
118568.685      158113.883      3.15138854e-09  -0.00606873521 
118568.685      158113.883      5.60404936e-09  -0.0107919073  
118568.685      158113.883      9.96556558e-09  -0.0191910271  
118568.685      158113.883      1.77215601e-08  -0.0341270091  
118568.685      158113.883      3.15138854e-08  -0.0606873588  
118568.685      158113.883      5.60404936e-08  -0.107919084   
118568.685      158113.883      9.96556558e-08  -0.191910293   
118568.685      158113.883      1.77215601e-07  -0.34127015    
118568.685      158113.883      3.15138854e-07  -0.606873764   
118568.685      158113.883      5.60404936e-07  -1.07919138    
118568.685      158113.883      9.96556558e-07  -1.91910465    
118568.685      158113.883      1.77215601e-06  -3.4127069     
118568.685      158113.883      3.15138854e-06  -6.06875469    
118568.685      158113.883      5.60404936e-06  -10.7919676    
118568.685      158113.883      9.96556558e-06  -19.1912153    
118568.685      158113.883      1.77215601e-05  -34.1275975    
118568.685      158113.883      3.15138854e-05  -60.6891877    
118568.685      158113.883      5.60404936e-05  -107.924702    
118568.685      158113.883      9.96556558e-05  -191.927218    
158113.883      210848.252      0               4.39643948e-06 
158113.883      210848.252      1.77215601e-10  -0.000239400424
158113.883      210848.252      3.15138854e-10  -0.000429142589
158113.883      210848.252      5.60404936e-10  -0.000766557363
158113.883      210848.252      9.96556558e-10  -0.0013665757  
158113.883      210848.252      1.77215601e-09  -0.00243357783 
158113.883      210848.252      3.15138854e-09  -0.00433101168 
158113.883      210848.252      5.60404936e-09  -0.00770519797 
158113.883      210848.252      9.96556558e-09  -0.0137055032  
158113.883      210848.252      1.77215601e-08  -0.0243759098  
158113.883      210848.252      3.15138854e-08  -0.0433514657  
158113.883      210848.252      5.60404936e-08  -0.0770971731  
158113.883      210848.252      9.96556558e-08  -0.137112354   
158113.883      210848.252      1.77215601e-07  -0.243854608   
158113.883      210848.252      3.15138854e-07  -0.433730015   
158113.883      210848.252      5.60404936e-07  -0.771561055   
158113.883      210848.252      9.96556558e-07  -1.37286811    
158113.883      210848.252      1.77215601e-06  -2.44379906    
158113.883      210848.252      3.15138854e-06  -4.35291201    
158113.883      210848.252      5.60404936e-06  -7.76048165    
158113.883      210848.252      9.96556558e-06  -13.850996     
158113.883      210848.252      1.77215601e-05  -24.7482254    
158113.883      210848.252      3.15138854e-05  -44.2500073    
158113.883      210848.252      5.60404936e-05  -79.1256548    
158113.883      210848.252      9.96556558e-05  -141.415626    
210848.252      281170.663      0               4.29857688e-05 
210848.252      281170.663      1.77215601e-10  -0.000147726036
210848.252      281170.663      3.15138854e-10  -0.000296153107
210848.252      281170.663      5.60404936e-10  -0.000560097911
210848.252      281170.663      9.96556558e-10  -0.00102946552 
210848.252      281170.663      1.77215601e-09  -0.00186413228 
210848.252      281170.663      3.15138854e-09  -0.00334840299 
210848.252      281170.663      5.60404936e-09  -0.00598785103 
210848.252      281170.663      9.96556558e-09  -0.0106815271  
210848.252      281170.663      1.77215601e-08  -0.0190281947  
210848.252      281170.663      3.15138854e-08  -0.0338709018  
210848.252      281170.663      5.60404936e-08  -0.0602653822  
210848.252      281170.663      9.96556558e-08  -0.107202143   
210848.252      281170.663      1.77215601e-07  -0.190668819   
210848.252      281170.663      3.15138854e-07  -0.33909589    
210848.252      281170.663      5.60404936e-07  -0.603040695   
210848.252      281170.663      9.96556558e-07  -1.07240831    
210848.252      281170.663      1.77215601e-06  -1.90707507    
210848.252      281170.663      3.15138854e-06  -3.39134579    
210848.252      281170.663      5.60404936e-06  -6.03079387    
210848.252      281170.663      9.96556558e-06  -10.7244701    
210848.252      281170.663      1.77215601e-05  -19.0711381    
210848.252      281170.663      3.15138854e-05  -33.9138465    
210848.252      281170.663      5.60404936e-05  -60.308331     
210848.252      281170.663      9.96556558e-05  -107.245105    
281170.663      374947.105      0               0.000566073008 
281170.663      374947.105      1.77215601e-10  0.000424342103 
281170.663      374947.105      3.15138854e-10  0.000314035858 
281170.663      374947.105      5.60404936e-10  0.000117880534 
281170.663      374947.105      9.96556558e-10  -0.000230938441
281170.663      374947.105      1.77215601e-09  -0.000851236041
281170.663      374947.105      3.15138854e-09  -0.00195429849 
281170.663      374947.105      5.60404936e-09  -0.00391585174 
281170.663      374947.105      9.96556558e-09  -0.00740404149 
281170.663      374947.105      1.77215601e-08  -0.0136070175  
281170.663      374947.105      3.15138854e-08  -0.0246376421  
281170.663      374947.105      5.60404936e-08  -0.0442531746  
281170.663      374947.105      9.96556558e-08  -0.0791350726  
281170.663      374947.105      1.77215601e-07  -0.141164834   
281170.663      374947.105      3.15138854e-07  -0.251471084   
281170.663      374947.105      5.60404936e-07  -0.447626422   
281170.663      374947.105      9.96556558e-07  -0.796445441   
281170.663      374947.105      1.77215601e-06  -1.41674318    
281170.663      374947.105      3.15138854e-06  -2.51980608    
281170.663      374947.105      5.60404936e-06  -4.48136073    
281170.663      374947.105      9.96556558e-06  -7.96955493    
281170.663      374947.105      1.77215601e-05  -14.172545     
281170.663      374947.105      3.15138854e-05  -25.2032137    
281170.663      374947.105      5.60404936e-05  -44.818885     
281170.663      374947.105      9.96556558e-05  -79.7012161    
374947.105      500000          0               5.66954969e-05 
374947.105      500000          1.77215601e-10  -4.6393773e-05 
374947.105      500000          3.15138854e-10  -0.000126626029
374947.105      500000          5.60404936e-10  -0.000269301398
374947.105      500000          9.96556558e-10  -0.00052301807 
374947.105      500000          1.77215601e-09  -0.000974197202
374947.105      500000          3.15138854e-09  -0.00177651976 
374947.105      500000          5.60404936e-09  -0.00320327346 
374947.105      500000          9.96556558e-09  -0.00574044017 
374947.105      500000          1.77215601e-08  -0.0102522315  
374947.105      500000          3.15138854e-08  -0.0182754571  
374947.105      500000          5.60404936e-08  -0.032542994   
374947.105      500000          9.96556558e-08  -0.0579146612  
374947.105      500000          1.77215601e-07  -0.103032574   
374947.105      500000          3.15138854e-07  -0.183264831   
374947.105      500000          5.60404936e-07  -0.3259402     
374947.105      500000          9.96556558e-07  -0.579656872   
374947.105      500000          1.77215601e-06  -1.03083601    
374947.105      500000          3.15138854e-06  -1.83315857    
374947.105      500000          5.60404936e-06  -3.25991227    
374947.105      500000          9.96556558e-06  -5.79707902    
374947.105      500000          1.77215601e-05  -10.3088705    
374947.105      500000          3.15138854e-05  -18.3320964    
374947.105      500000          5.60404936e-05  -32.5996345    
374947.105      500000          9.96556558e-05  -57.9713051    
