### /nfs/slac/g/ki/ki20/cta/mdwood/fermi/dsph_pipeline/des_dwarfs/v6/p302_6yr_source_psf0123_point_gs_jsigma0.6/results/like_eridanus_III.txt
#[0]emin(MeV) [1]emax(MeV) [2]eflux(MeV/cm^2/s) [3]deltaLogLike
500             666.760716      0               0.000687888463 
500             666.760716      1.77215601e-10  -0.005184494   
500             666.760716      3.15138854e-10  -0.00976013721 
500             666.760716      5.60404936e-10  -0.0179083367  
500             666.760716      9.96556558e-10  -0.0324342091  
500             666.760716      1.77215601e-09  -0.0583791967  
500             666.760716      3.15138854e-09  -0.104875668   
500             666.760716      5.60404936e-09  -0.188687874   
500             666.760716      9.96556558e-09  -0.341260055   
500             666.760716      1.77215601e-08  -0.62353473    
500             666.760716      3.15138854e-08  -1.15905821    
500             666.760716      5.60404936e-08  -2.21191309    
500             666.760716      9.96556558e-08  -4.37532382    
500             666.760716      1.77215601e-07  -9.0250053     
500             666.760716      3.15138854e-07  -19.3658794    
500             666.760716      5.60404936e-07  -42.7028943    
500             666.760716      9.96556558e-07  -95.0512112    
500             666.760716      1.77215601e-06  -210.010964    
500             666.760716      3.15138854e-06  -455.298095    
500             666.760716      5.60404936e-06  -962.9835      
500             666.760716      9.96556558e-06  -1984.17514    
500             666.760716      1.77215601e-05  -3987.06468    
500             666.760716      3.15138854e-05  -7831.65548    
500             666.760716      5.60404936e-05  -15079.9932    
500             666.760716      9.96556558e-05  -28546.1536    
666.760716      889.139705      0               8.71295924e-09 
666.760716      889.139705      1.77215601e-10  -0.00537114997 
666.760716      889.139705      3.15138854e-10  -0.0095587423  
666.760716      889.139705      5.60404936e-10  -0.0170212831  
666.760716      889.139705      9.96556558e-10  -0.0303417455  
666.760716      889.139705      1.77215601e-09  -0.0541868304  
666.760716      889.139705      3.15138854e-09  -0.0970857503  
666.760716      889.139705      5.60404936e-09  -0.17492505    
666.760716      889.139705      9.96556558e-09  -0.318176835   
666.760716      889.139705      1.77215601e-08  -0.587771846   
666.760716      889.139705      3.15138854e-08  -1.11194411    
666.760716      889.139705      5.60404936e-08  -2.17469299    
666.760716      889.139705      9.96556558e-08  -4.42792624    
666.760716      889.139705      1.77215601e-07  -9.38082849    
666.760716      889.139705      3.15138854e-07  -20.4562314    
666.760716      889.139705      5.60404936e-07  -45.1101506    
666.760716      889.139705      9.96556558e-07  -98.8520507    
666.760716      889.139705      1.77215601e-06  -212.66386     
666.760716      889.139705      3.15138854e-06  -446.574848    
666.760716      889.139705      5.60404936e-06  -914.334369    
666.760716      889.139705      9.96556558e-06  -1827.85498    
666.760716      889.139705      1.77215601e-05  -3576.71583    
666.760716      889.139705      3.15138854e-05  -6869.85215    
666.760716      889.139705      5.60404936e-05  -12987.5232    
666.760716      889.139705      9.96556558e-05  -24228.7849    
889.139705      1185.68685      0               -0.0153422961  
889.139705      1185.68685      1.77215601e-10  -0.0142870355  
889.139705      1185.68685      3.15138854e-10  -0.0134902021  
889.139705      1185.68685      5.60404936e-10  -0.0121258821  
889.139705      1185.68685      9.96556558e-10  -0.0098653674  
889.139705      1185.68685      1.77215601e-09  -0.00636410839 
889.139705      1185.68685      3.15138854e-09  -0.00174929997 
889.139705      1185.68685      5.60404936e-09  0.00151425926  
889.139705      1185.68685      9.96556558e-09  -0.00751791505 
889.139705      1185.68685      1.77215601e-08  -0.0665736444  
889.139705      1185.68685      3.15138854e-08  -0.289734063   
889.139705      1185.68685      5.60404936e-08  -0.988100337   
889.139705      1185.68685      9.96556558e-08  -2.93227906    
889.139705      1185.68685      1.77215601e-07  -7.87105884    
889.139705      1185.68685      3.15138854e-07  -19.5003122    
889.139705      1185.68685      5.60404936e-07  -45.2431619    
889.139705      1185.68685      9.96556558e-07  -99.5215755    
889.139705      1185.68685      1.77215601e-06  -209.764333    
889.139705      1185.68685      3.15138854e-06  -427.374974    
889.139705      1185.68685      5.60404936e-06  -847.569883    
889.139705      1185.68685      9.96556558e-06  -1644.9498     
889.139705      1185.68685      1.77215601e-05  -3136.9721     
889.139705      1185.68685      3.15138854e-05  -5897.03097    
889.139705      1185.68685      5.60404936e-05  -10955.7331    
889.139705      1185.68685      9.96556558e-05  -20158.6843    
1185.68685      1581.13883      0               -0.666075129   
1185.68685      1581.13883      1.77215601e-10  -0.659488947   
1185.68685      1581.13883      3.15138854e-10  -0.654391216   
1185.68685      1581.13883      5.60404936e-10  -0.645386678   
1185.68685      1581.13883      9.96556558e-10  -0.629564807   
1185.68685      1581.13883      1.77215601e-09  -0.602026176   
1185.68685      1581.13883      3.15138854e-09  -0.554909942   
1185.68685      1581.13883      5.60404936e-09  -0.476813215   
1185.68685      1581.13883      9.96556558e-09  -0.355001537   
1185.68685      1581.13883      1.77215601e-08  -0.187781616   
1185.68685      1581.13883      3.15138854e-08  -0.025754252   
1185.68685      1581.13883      5.60404936e-08  -0.0808010431  
1185.68685      1581.13883      9.96556558e-08  -0.967608083   
1185.68685      1581.13883      1.77215601e-07  -4.17074844    
1185.68685      1581.13883      3.15138854e-07  -12.8828709    
1185.68685      1581.13883      5.60404936e-07  -33.4895953    
1185.68685      1581.13883      9.96556558e-07  -78.2270996    
1185.68685      1581.13883      1.77215601e-06  -169.969107    
1185.68685      1581.13883      3.15138854e-06  -350.874518    
1185.68685      1581.13883      5.60404936e-06  -698.001101    
1185.68685      1581.13883      9.96556558e-06  -1351.35754    
1185.68685      1581.13883      1.77215601e-05  -2564.01556    
1185.68685      1581.13883      3.15138854e-05  -4791.3372     
1185.68685      1581.13883      5.60404936e-05  -8849.64206    
1185.68685      1581.13883      9.96556558e-05  -16198.1998    
1581.13883      2108.48252      0               6.96352699e-05 
1581.13883      2108.48252      1.77215601e-10  -0.00766240602 
1581.13883      2108.48252      3.15138854e-10  -0.0136936483  
1581.13883      2108.48252      5.60404936e-10  -0.0244480303  
1581.13883      2108.48252      9.96556558e-10  -0.0436637762  
1581.13883      2108.48252      1.77215601e-09  -0.0781199368  
1581.13883      2108.48252      3.15138854e-09  -0.140272804   
1581.13883      2108.48252      5.60404936e-09  -0.253466702   
1581.13883      2108.48252      9.96556558e-09  -0.462615601   
1581.13883      2108.48252      1.77215601e-08  -0.856645437   
1581.13883      2108.48252      3.15138854e-08  -1.61551688    
1581.13883      2108.48252      5.60404936e-08  -3.10537374    
1581.13883      2108.48252      9.96556558e-08  -6.06132938    
1581.13883      2108.48252      1.77215601e-07  -11.9241476    
1581.13883      2108.48252      3.15138854e-07  -23.4505794    
1581.13883      2108.48252      5.60404936e-07  -45.8263718    
1581.13883      2108.48252      9.96556558e-07  -88.7183866    
1581.13883      2108.48252      1.77215601e-06  -170.05016     
1581.13883      2108.48252      3.15138854e-06  -322.843       
1581.13883      2108.48252      5.60404936e-06  -607.446064    
1581.13883      2108.48252      9.96556558e-06  -1133.28815    
1581.13883      2108.48252      1.77215601e-05  -2097.54799    
1581.13883      2108.48252      3.15138854e-05  -3853.94332    
1581.13883      2108.48252      5.60404936e-05  -7035.11414    
1581.13883      2108.48252      9.96556558e-05  -12770.2765    
2108.48252      2811.70663      0               4.87034413e-09 
2108.48252      2811.70663      1.77215601e-10  -0.00301185177 
2108.48252      2811.70663      3.15138854e-10  -0.00537351    
2108.48252      2811.70663      5.60404936e-10  -0.00961101558 
2108.48252      2811.70663      9.96556558e-10  -0.0172650612  
2108.48252      2811.70663      1.77215601e-09  -0.0312454902  
2108.48252      2811.70663      3.15138854e-09  -0.0572445177  
2108.48252      2811.70663      5.60404936e-09  -0.106917023   
2108.48252      2811.70663      9.96556558e-09  -0.205319068   
2108.48252      2811.70663      1.77215601e-08  -0.408369248   
2108.48252      2811.70663      3.15138854e-08  -0.842193254   
2108.48252      2811.70663      5.60404936e-08  -1.78498855    
2108.48252      2811.70663      9.96556558e-08  -3.82238218    
2108.48252      2811.70663      1.77215601e-07  -8.12436634    
2108.48252      2811.70663      3.15138854e-07  -16.9351981    
2108.48252      2811.70663      5.60404936e-07  -34.4583147    
2108.48252      2811.70663      9.96556558e-07  -68.4671988    
2108.48252      2811.70663      1.77215601e-06  -133.216276    
2108.48252      2811.70663      3.15138854e-06  -254.661615    
2108.48252      2811.70663      5.60404936e-06  -479.785468    
2108.48252      2811.70663      9.96556558e-06  -893.208155    
2108.48252      2811.70663      1.77215601e-05  -1646.73708    
2108.48252      2811.70663      3.15138854e-05  -3011.89783    
2108.48252      2811.70663      5.60404936e-05  -5473.34215    
2108.48252      2811.70663      9.96556558e-05  -9895.00796    
2811.70663      3749.47105      0               5.32969798e-05 
2811.70663      3749.47105      1.77215601e-10  -0.00586040953 
2811.70663      3749.47105      3.15138854e-10  -0.0104674701  
2811.70663      3749.47105      5.60404936e-10  -0.0186699118  
2811.70663      3749.47105      9.96556558e-10  -0.0332870205  
2811.70663      3749.47105      1.77215601e-09  -0.059377304   
2811.70663      3749.47105      3.15138854e-09  -0.106076168   
2811.70663      3749.47105      5.60404936e-09  -0.19005832    
2811.70663      3749.47105      9.96556558e-09  -0.342264125   
2811.70663      3749.47105      1.77215601e-08  -0.621434531   
2811.70663      3749.47105      3.15138854e-08  -1.14213231    
2811.70663      3749.47105      5.60404936e-08  -2.13305512    
2811.70663      3749.47105      9.96556558e-08  -4.05483888    
2811.70663      3749.47105      1.77215601e-07  -7.82453955    
2811.70663      3749.47105      3.15138854e-07  -15.2185087    
2811.70663      3749.47105      5.60404936e-07  -29.574612     
2811.70663      3749.47105      9.96556558e-07  -57.0251875    
2811.70663      3749.47105      1.77215601e-06  -108.698237    
2811.70663      3749.47105      3.15138854e-06  -204.662882    
2811.70663      3749.47105      5.60404936e-06  -380.963582    
2811.70663      3749.47105      9.96556558e-06  -702.117671    
2811.70663      3749.47105      1.77215601e-05  -1283.34587    
2811.70663      3749.47105      3.15138854e-05  -2330.18333    
2811.70663      3749.47105      5.60404936e-05  -4209.05281    
2811.70663      3749.47105      9.96556558e-05  -7572.87781    
3749.47105      5000            0               0.000216176442 
3749.47105      5000            1.77215601e-10  -0.00577959261 
3749.47105      5000            3.15138854e-10  -0.0104483525  
3749.47105      5000            5.60404936e-10  -0.018755837   
3749.47105      5000            9.96556558e-10  -0.0335450118  
3749.47105      5000            1.77215601e-09  -0.0598950185  
3749.47105      5000            3.15138854e-09  -0.106911226   
3749.47105      5000            5.60404936e-09  -0.191010331   
3749.47105      5000            9.96556558e-09  -0.342060793   
3749.47105      5000            1.77215601e-08  -0.615129801   
3749.47105      5000            3.15138854e-08  -1.11346113    
3749.47105      5000            5.60404936e-08  -2.03386719    
3749.47105      5000            9.96556558e-08  -3.75522349    
3749.47105      5000            1.77215601e-07  -7.00516691    
3749.47105      5000            3.15138854e-07  -13.1624254    
3749.47105      5000            5.60404936e-07  -24.7918944    
3749.47105      5000            9.96556558e-07  -46.5836201    
3749.47105      5000            1.77215601e-06  -87.006538     
3749.47105      5000            3.15138854e-06  -161.24847     
3749.47105      5000            5.60404936e-06  -296.472165    
3749.47105      5000            9.96556558e-06  -541.2065      
3749.47105      5000            1.77215601e-05  -982.081644    
3749.47105      5000            3.15138854e-05  -1773.60266    
3749.47105      5000            5.60404936e-05  -3191.09975    
3749.47105      5000            9.96556558e-05  -5724.88794    
5000            6667.60716      0               9.24137566e-09 
5000            6667.60716      1.77215601e-10  -0.0056903084  
5000            6667.60716      3.15138854e-10  -0.0101197546  
5000            6667.60716      5.60404936e-10  -0.0179982508  
5000            6667.60716      9.96556558e-10  -0.0320137897  
5000            6667.60716      1.77215601e-09  -0.0569542382  
5000            6667.60716      3.15138854e-09  -0.101358326   
5000            6667.60716      5.60404936e-09  -0.180486308   
5000            6667.60716      9.96556558e-09  -0.321706512   
5000            6667.60716      1.77215601e-08  -0.574371893   
5000            6667.60716      3.15138854e-08  -1.02817697    
5000            6667.60716      5.60404936e-08  -1.84767288    
5000            6667.60716      9.96556558e-08  -3.33725014    
5000            6667.60716      1.77215601e-07  -6.06170558    
5000            6667.60716      3.15138854e-07  -11.0647175    
5000            6667.60716      5.60404936e-07  -20.258926     
5000            6667.60716      9.96556558e-07  -37.1227944    
5000            6667.60716      1.77215601e-06  -67.9503063    
5000            6667.60716      3.15138854e-06  -124.088903    
5000            6667.60716      5.60404936e-06  -225.929552    
5000            6667.60716      9.96556558e-06  -409.995552    
5000            6667.60716      1.77215601e-05  -741.522749    
5000            6667.60716      3.15138854e-05  -1336.79829    
5000            6667.60716      5.60404936e-05  -2402.8628     
5000            6667.60716      9.96556558e-05  -4308.12172    
6667.60716      8891.39705      0               7.50537765e-09 
6667.60716      8891.39705      1.77215601e-10  -0.00462094592 
6667.60716      8891.39705      3.15138854e-10  -0.00821754025 
6667.60716      8891.39705      5.60404936e-10  -0.0146137252  
6667.60716      8891.39705      9.96556558e-10  -0.0259893046  
6667.60716      8891.39705      1.77215601e-09  -0.0462226065  
6667.60716      8891.39705      3.15138854e-09  -0.0822167707  
6667.60716      8891.39705      5.60404936e-09  -0.146267581   
6667.60716      8891.39705      9.96556558e-09  -0.260303124   
6667.60716      8891.39705      1.77215601e-08  -0.463512096   
6667.60716      8891.39705      3.15138854e-08  -0.826176138   
6667.60716      8891.39705      5.60404936e-08  -1.4750376     
6667.60716      8891.39705      9.96556558e-08  -2.64048051    
6667.60716      8891.39705      1.77215601e-07  -4.74536075    
6667.60716      8891.39705      3.15138854e-07  -8.57245708    
6667.60716      8891.39705      5.60404936e-07  -15.5743692    
6667.60716      8891.39705      9.96556558e-07  -28.4279148    
6667.60716      8891.39705      1.77215601e-06  -51.9995146    
6667.60716      8891.39705      3.15138854e-06  -95.0261661    
6667.60716      8891.39705      5.60404936e-06  -173.092148    
6667.60716      8891.39705      9.96556558e-06  -313.953961    
6667.60716      8891.39705      1.77215601e-05  -567.057324    
6667.60716      8891.39705      3.15138854e-05  -1020.48783    
6667.60716      8891.39705      5.60404936e-05  -1831.11536    
6667.60716      8891.39705      9.96556558e-05  -3278.19083    
8891.39705      11856.8685      0               6.06655703e-09 
8891.39705      11856.8685      1.77215601e-10  -0.0037355681  
8891.39705      11856.8685      3.15138854e-10  -0.00664316439 
8891.39705      11856.8685      5.60404936e-10  -0.0118142787  
8891.39705      11856.8685      9.96556558e-10  -0.0210118448  
8891.39705      11856.8685      1.77215601e-09  -0.037373612   
8891.39705      11856.8685      3.15138854e-09  -0.0664880287  
8891.39705      11856.8685      5.60404936e-09  -0.118319859   
8891.39705      11856.8685      9.96556558e-09  -0.210672131   
8891.39705      11856.8685      1.77215601e-08  -0.37545338    
8891.39705      11856.8685      3.15138854e-08  -0.670132097   
8891.39705      11856.8685      5.60404936e-08  -1.19889088    
8891.39705      11856.8685      9.96556558e-08  -2.15192583    
8891.39705      11856.8685      1.77215601e-07  -3.87795805    
8891.39705      11856.8685      3.15138854e-07  -7.01501083    
8891.39705      11856.8685      5.60404936e-07  -12.7201935    
8891.39705      11856.8685      9.96556558e-07  -23.0703771    
8891.39705      11856.8685      1.77215601e-06  -41.7696751    
8891.39705      11856.8685      3.15138854e-06  -75.4131457    
8891.39705      11856.8685      5.60404936e-06  -135.745708    
8891.39705      11856.8685      9.96556558e-06  -243.688066    
8891.39705      11856.8685      1.77215601e-05  -436.5028      
8891.39705      11856.8685      3.15138854e-05  -780.547028    
8891.39705      11856.8685      5.60404936e-05  -1393.95784    
8891.39705      11856.8685      9.96556558e-05  -2486.9961     
11856.8685      15811.3883      0               5.13682608e-09 
11856.8685      15811.3883      1.77215601e-10  -0.00316280631 
11856.8685      15811.3883      3.15138854e-10  -0.00562436262 
11856.8685      15811.3883      5.60404936e-10  -0.010001709   
11856.8685      15811.3883      9.96556558e-10  -0.01778589    
11856.8685      15811.3883      1.77215601e-09  -0.031628453   
11856.8685      15811.3883      3.15138854e-09  -0.056244759   
11856.8685      15811.3883      5.60404936e-09  -0.10002057    
11856.8685      15811.3883      9.96556558e-09  -0.177869796   
11856.8685      15811.3883      1.77215601e-08  -0.316318831   
11856.8685      15811.3883      3.15138854e-08  -0.562555646   
11856.8685      15811.3883      5.60404936e-08  -1.00054556    
11856.8685      15811.3883      9.96556558e-08  -1.77976298    
11856.8685      15811.3883      1.77215601e-07  -3.1665034     
11856.8685      15811.3883      3.15138854e-07  -5.63575666    
11856.8685      15811.3883      5.60404936e-07  -10.0362416    
11856.8685      15811.3883      9.96556558e-07  -17.8877381    
11856.8685      15811.3883      1.77215601e-06  -31.9169615    
11856.8685      15811.3883      3.15138854e-06  -57.019097     
11856.8685      15811.3883      5.60404936e-06  -101.969845    
11856.8685      15811.3883      9.96556558e-06  -182.458161    
11856.8685      15811.3883      1.77215601e-05  -326.46191     
11856.8685      15811.3883      3.15138854e-05  -583.802132    
11856.8685      15811.3883      5.60404936e-05  -1043.14354    
11856.8685      15811.3883      9.96556558e-05  -1862.24723    
15811.3883      21084.8252      0               3.8349981e-09  
15811.3883      21084.8252      1.77215601e-10  -0.00236120599 
15811.3883      21084.8252      3.15138854e-10  -0.00419889121 
15811.3883      21084.8252      5.60404936e-10  -0.00746681812 
15811.3883      21084.8252      9.96556558e-10  -0.0132781341  
15811.3883      21084.8252      1.77215601e-09  -0.0236123691  
15811.3883      21084.8252      3.15138854e-09  -0.0419898147  
15811.3883      21084.8252      5.60404936e-09  -0.0746709594  
15811.3883      21084.8252      9.96556558e-09  -0.132790043   
15811.3883      21084.8252      1.77215601e-08  -0.23615108    
15811.3883      21084.8252      3.15138854e-08  -0.419984397   
15811.3883      21084.8252      5.60404936e-08  -0.746980654   
15811.3883      21084.8252      9.96556558e-08  -1.32874863    
15811.3883      21084.8252      1.77215601e-07  -2.36414458    
15811.3883      21084.8252      3.15138854e-07  -4.20791549    
15811.3883      21084.8252      5.60404936e-07  -7.49401706    
15811.3883      21084.8252      9.96556558e-07  -13.3577296    
15811.3883      21084.8252      1.77215601e-06  -23.8357454    
15811.3883      21084.8252      3.15138854e-06  -42.584152     
15811.3883      21084.8252      5.60404936e-06  -76.159669     
15811.3883      21084.8252      9.96556558e-06  -136.296699    
15811.3883      21084.8252      1.77215601e-05  -243.948124    
15811.3883      21084.8252      3.15138854e-05  -436.458626    
15811.3883      21084.8252      5.60404936e-05  -780.314998    
15811.3883      21084.8252      9.96556558e-05  -1393.82604    
21084.8252      28117.0663      0               1.86156512e-09 
21084.8252      28117.0663      1.77215601e-10  -0.00114640822 
21084.8252      28117.0663      3.15138854e-10  -0.00203895505 
21084.8252      28117.0663      5.60404936e-10  -0.00362684251 
21084.8252      28117.0663      9.96556558e-10  -0.00645272697 
21084.8252      28117.0663      1.77215601e-09  -0.0114847978  
21084.8252      28117.0663      3.15138854e-09  -0.0204547742  
21084.8252      28117.0663      5.60404936e-09  -0.0364732614  
21084.8252      28117.0663      9.96556558e-09  -0.0651673535  
21084.8252      28117.0663      1.77215601e-08  -0.116830584   
21084.8252      28117.0663      3.15138854e-08  -0.210597191   
21084.8252      28117.0663      5.60404936e-08  -0.382741327   
21084.8252      28117.0663      9.96556558e-08  -0.703259668   
21084.8252      28117.0663      1.77215601e-07  -1.30805358    
21084.8252      28117.0663      3.15138854e-07  -2.4576697     
21084.8252      28117.0663      5.60404936e-07  -4.6382595     
21084.8252      28117.0663      9.96556558e-07  -8.73291016    
21084.8252      28117.0663      1.77215601e-06  -16.321703     
21084.8252      28117.0663      3.15138854e-06  -30.2192924    
21084.8252      28117.0663      5.60404936e-06  -55.4355382    
21084.8252      28117.0663      9.96556558e-06  -100.88093     
21084.8252      28117.0663      1.77215601e-05  -182.394558    
21084.8252      28117.0663      3.15138854e-05  -328.132139    
21084.8252      28117.0663      5.60404936e-05  -588.158608    
21084.8252      28117.0663      9.96556558e-05  -1051.51747    
28117.0663      37494.7105      0               2.27333885e-09 
28117.0663      37494.7105      1.77215601e-10  -0.0013997173  
28117.0663      37494.7105      3.15138854e-10  -0.00248909103 
28117.0663      37494.7105      5.60404936e-10  -0.00442630365 
28117.0663      37494.7105      9.96556558e-10  -0.00787121449 
28117.0663      37494.7105      1.77215601e-09  -0.013997246   
28117.0663      37494.7105      3.15138854e-09  -0.0248910968  
28117.0663      37494.7105      5.60404936e-09  -0.044263582   
28117.0663      37494.7105      9.96556558e-09  -0.0787138247  
28117.0663      37494.7105      1.77215601e-08  -0.139977722   
28117.0663      37494.7105      3.15138854e-08  -0.248927532   
28117.0663      37494.7105      5.60404936e-08  -0.442687975   
28117.0663      37494.7105      9.96556558e-08  -0.787302133   
28117.0663      37494.7105      1.77215601e-07  -1.40028991    
28117.0663      37494.7105      3.15138854e-07  -2.49086644    
28117.0663      37494.7105      5.60404936e-07  -4.43175066    
28117.0663      37494.7105      9.96556558e-07  -7.88759858    
28117.0663      37494.7105      1.77215601e-06  -14.0449911    
28117.0663      37494.7105      3.15138854e-06  -25.023959     
28117.0663      37494.7105      5.60404936e-06  -44.6116408    
28117.0663      37494.7105      9.96556558e-06  -79.5641911    
28117.0663      37494.7105      1.77215601e-05  -141.913381    
28117.0663      37494.7105      3.15138854e-05  -253.061532    
28117.0663      37494.7105      5.60404936e-05  -451.06736     
28117.0663      37494.7105      9.96556558e-05  -803.615191    
37494.7105      50000           0               1.76009962e-09 
37494.7105      50000           1.77215601e-10  -0.00108370521 
37494.7105      50000           3.15138854e-10  -0.00192713204 
37494.7105      50000           5.60404936e-10  -0.00342698061 
37494.7105      50000           9.96556558e-10  -0.00609413046 
37494.7105      50000           1.77215601e-09  -0.0108370682  
37494.7105      50000           3.15138854e-09  -0.019271337   
37494.7105      50000           5.60404936e-09  -0.0342698243  
37494.7105      50000           9.96556558e-09  -0.0609413279  
37494.7105      50000           1.77215601e-08  -0.108370721   
37494.7105      50000           3.15138854e-08  -0.19271346    
37494.7105      50000           5.60404936e-08  -0.342698494   
37494.7105      50000           9.96556558e-08  -0.609414039   
37494.7105      50000           1.77215601e-07  -1.08370958    
37494.7105      50000           3.15138854e-07  -1.92714205    
37494.7105      50000           5.60404936e-07  -3.42700841    
37494.7105      50000           9.96556558e-07  -6.09421428    
37494.7105      50000           1.77215601e-06  -10.8373278    
37494.7105      50000           3.15138854e-06  -19.2721446    
37494.7105      50000           5.60404936e-06  -34.2723235    
37494.7105      50000           9.96556558e-06  -60.9489583    
37494.7105      50000           1.77215601e-05  -108.393483    
37494.7105      50000           3.15138854e-05  -192.77896     
37494.7105      50000           5.60404936e-05  -342.87764     
37494.7105      50000           9.96556558e-05  -609.873573    
50000           66676.0716      0               1.1049508e-09  
50000           66676.0716      1.77215601e-10  -0.000680320855
50000           66676.0716      3.15138854e-10  -0.00120980848 
50000           66676.0716      5.60404936e-10  -0.00215140068 
50000           66676.0716      9.96556558e-10  -0.0038258629  
50000           66676.0716      1.77215601e-09  -0.00680367697 
50000           66676.0716      3.15138854e-09  -0.0120995439  
50000           66676.0716      5.60404936e-09  -0.0215185951  
50000           66676.0716      9.96556558e-09  -0.0382730937  
50000           66676.0716      1.77215601e-08  -0.06808236    
50000           66676.0716      3.15138854e-08  -0.121138863   
50000           66676.0716      5.60404936e-08  -0.215635468   
50000           66676.0716      9.96556558e-08  -0.384130462   
50000           66676.0716      1.77215601e-07  -0.685131346   
50000           66676.0716      3.15138854e-07  -1.22439768    
50000           66676.0716      5.60404936e-07  -2.19446536    
50000           66676.0716      9.96556558e-07  -3.94799414    
50000           66676.0716      1.77215601e-06  -7.1319523     
50000           66676.0716      3.15138854e-06  -12.9272808    
50000           66676.0716      5.60404936e-06  -23.469625     
50000           66676.0716      9.96556558e-06  -42.587385     
50000           66676.0716      1.77215601e-05  -77.1064674    
50000           66676.0716      3.15138854e-05  -139.170054    
50000           66676.0716      5.60404936e-05  -250.368396    
50000           66676.0716      9.96556558e-05  -449.08568     
66676.0716      88913.9705      0               0.000312182879 
66676.0716      88913.9705      1.77215601e-10  -0.000295292763
66676.0716      88913.9705      3.15138854e-10  -0.000768078547
66676.0716      88913.9705      5.60404936e-10  -0.00160882377 
66676.0716      88913.9705      9.96556558e-10  -0.0031039037  
66676.0716      88913.9705      1.77215601e-09  -0.00576257354 
66676.0716      88913.9705      3.15138854e-09  -0.0104904314  
66676.0716      88913.9705      5.60404936e-09  -0.0188978836  
66676.0716      88913.9705      9.96556558e-09  -0.0338486829  
66676.0716      88913.9705      1.77215601e-08  -0.0604353814  
66676.0716      88913.9705      3.15138854e-08  -0.10771396    
66676.0716      88913.9705      5.60404936e-08  -0.191788483   
66676.0716      88913.9705      9.96556558e-08  -0.341296476   
66676.0716      88913.9705      1.77215601e-07  -0.607163465   
66676.0716      88913.9705      3.15138854e-07  -1.07994926    
66676.0716      88913.9705      5.60404936e-07  -1.92069452    
66676.0716      88913.9705      9.96556558e-07  -3.41577457    
66676.0716      88913.9705      1.77215601e-06  -6.07444479    
66676.0716      88913.9705      3.15138854e-06  -10.8023038    
66676.0716      88913.9705      5.60404936e-06  -19.2097599    
66676.0716      88913.9705      9.96556558e-06  -34.1605711    
66676.0716      88913.9705      1.77215601e-05  -60.7473073    
66676.0716      88913.9705      3.15138854e-05  -108.026004    
66676.0716      88913.9705      5.60404936e-05  -192.100899    
66676.0716      88913.9705      9.96556558e-05  -341.610046    
88913.9705      118568.685      0               0.000130939937 
88913.9705      118568.685      1.77215601e-10  -0.000322913597
88913.9705      118568.685      3.15138854e-10  -0.000676138457
88913.9705      118568.685      5.60404936e-10  -0.00130427095 
88913.9705      118568.685      9.96556558e-10  -0.00242126604 
88913.9705      118568.685      1.77215601e-09  -0.0044075954  
88913.9705      118568.685      3.15138854e-09  -0.00793984401 
88913.9705      118568.685      5.60404936e-09  -0.014221169   
88913.9705      118568.685      9.96556558e-09  -0.0253911198  
88913.9705      118568.685      1.77215601e-08  -0.0452544135  
88913.9705      118568.685      3.15138854e-08  -0.0805768996  
88913.9705      118568.685      5.60404936e-08  -0.143390149   
88913.9705      118568.685      9.96556558e-08  -0.255089658   
88913.9705      118568.685      1.77215601e-07  -0.453722595   
88913.9705      118568.685      3.15138854e-07  -0.806947459   
88913.9705      118568.685      5.60404936e-07  -1.43507996    
88913.9705      118568.685      9.96556558e-07  -2.55207508    
88913.9705      118568.685      1.77215601e-06  -4.53840452    
88913.9705      118568.685      3.15138854e-06  -8.0706534     
88913.9705      118568.685      5.60404936e-06  -14.3519792    
88913.9705      118568.685      9.96556558e-06  -25.5219327    
88913.9705      118568.685      1.77215601e-05  -45.3852348    
88913.9705      118568.685      3.15138854e-05  -80.7077474    
88913.9705      118568.685      5.60404936e-05  -143.521081    
88913.9705      118568.685      9.96556558e-05  -255.220851    
118568.685      158113.883      0               2.51750508e-06 
118568.685      158113.883      1.77215601e-10  -0.000276666666
118568.685      158113.883      3.15138854e-10  -0.000493952333
118568.685      158113.883      5.60404936e-10  -0.000880352095
118568.685      158113.883      9.96556558e-10  -0.00156749507 
118568.685      158113.883      1.77215601e-09  -0.0027894786  
118568.685      158113.883      3.15138854e-09  -0.00496266894 
118568.685      158113.883      5.60404936e-09  -0.00882772098 
118568.685      158113.883      9.96556558e-09  -0.0157024809  
118568.685      158113.883      1.77215601e-08  -0.0279328232  
118568.685      158113.883      3.15138854e-08  -0.0496978206  
118568.685      158113.883      5.60404936e-08  -0.0884522559  
118568.685      158113.883      9.96556558e-08  -0.157524392   
118568.685      158113.883      1.77215601e-07  -0.280831922   
118568.685      158113.883      3.15138854e-07  -0.501539252   
118568.685      158113.883      5.60404936e-07  -0.89814894    
118568.685      158113.883      9.96556558e-07  -1.61464235    
118568.685      158113.883      1.77215601e-06  -2.91655812    
118568.685      158113.883      3.15138854e-06  -5.29262926    
118568.685      158113.883      5.60404936e-06  -9.63294489    
118568.685      158113.883      9.96556558e-06  -17.5368219    
118568.685      158113.883      1.77215601e-05  -31.8514723    
118568.685      158113.883      3.15138854e-05  -57.6298124    
118568.685      158113.883      5.60404936e-05  -103.84099     
118568.685      158113.883      9.96556558e-05  -186.41931     
158113.883      210848.252      0               1.82309448e-05 
158113.883      210848.252      1.77215601e-10  -0.000234527355
158113.883      210848.252      3.15138854e-10  -0.000431243936
158113.883      210848.252      5.60404936e-10  -0.00078106098 
158113.883      210848.252      9.96556558e-10  -0.00140313343 
158113.883      210848.252      1.77215601e-09  -0.00250935205 
158113.883      210848.252      3.15138854e-09  -0.00447651786 
158113.883      210848.252      5.60404936e-09  -0.00797468831 
158113.883      210848.252      9.96556558e-09  -0.0141954128  
158113.883      210848.252      1.77215601e-08  -0.025257599   
158113.883      210848.252      3.15138854e-08  -0.0449292571  
158113.883      210848.252      5.60404936e-08  -0.0799109616  
158113.883      210848.252      9.96556558e-08  -0.142118206   
158113.883      210848.252      1.77215601e-07  -0.252740069   
158113.883      210848.252      3.15138854e-07  -0.44945665    
158113.883      210848.252      5.60404936e-07  -0.799273695   
158113.883      210848.252      9.96556558e-07  -1.42134614    
158113.883      210848.252      1.77215601e-06  -2.52756477    
158113.883      210848.252      3.15138854e-06  -4.49473058    
158113.883      210848.252      5.60404936e-06  -7.99290104    
158113.883      210848.252      9.96556558e-06  -14.2136256    
158113.883      210848.252      1.77215601e-05  -25.2758119    
158113.883      210848.252      3.15138854e-05  -44.9474704    
158113.883      210848.252      5.60404936e-05  -79.929176     
158113.883      210848.252      9.96556558e-05  -142.136425    
210848.252      281170.663      0               3.06499714e-10 
210848.252      281170.663      1.77215601e-10  -0.000188718953
210848.252      281170.663      3.15138854e-10  -0.000335595266
210848.252      281170.663      5.60404936e-10  -0.00059678239 
210848.252      281170.663      9.96556558e-10  -0.00106124608 
210848.252      281170.663      1.77215601e-09  -0.00188719228 
210848.252      281170.663      3.15138854e-09  -0.00335595542 
210848.252      281170.663      5.60404936e-09  -0.00596782666 
210848.252      281170.663      9.96556558e-09  -0.0106124635  
210848.252      281170.663      1.77215601e-08  -0.0188719256  
210848.252      281170.663      3.15138854e-08  -0.033559557   
210848.252      281170.663      5.60404936e-08  -0.0596782695  
210848.252      281170.663      9.96556558e-08  -0.106124638   
210848.252      281170.663      1.77215601e-07  -0.18871926    
210848.252      281170.663      3.15138854e-07  -0.335595575   
210848.252      281170.663      5.60404936e-07  -0.596782705   
210848.252      281170.663      9.96556558e-07  -1.06124641    
210848.252      281170.663      1.77215601e-06  -1.88719268    
210848.252      281170.663      3.15138854e-06  -3.355956      
210848.252      281170.663      5.60404936e-06  -5.96782785    
210848.252      281170.663      9.96556558e-06  -10.6124666    
210848.252      281170.663      1.77215601e-05  -18.8719347    
210848.252      281170.663      3.15138854e-05  -33.559585     
210848.252      281170.663      5.60404936e-05  -59.6783572    
210848.252      281170.663      9.96556558e-05  -106.124914    
281170.663      374947.105      0               2.27853292e-10 
281170.663      374947.105      1.77215601e-10  -0.000140291912
281170.663      374947.105      3.15138854e-10  -0.000249478396
281170.663      374947.105      5.60404936e-10  -0.000443642473
281170.663      374947.105      9.96556558e-10  -0.000788920452
281170.663      374947.105      1.77215601e-09  -0.00140292117 
281170.663      374947.105      3.15138854e-09  -0.00249478601 
281170.663      374947.105      5.60404936e-09  -0.00443642678 
281170.663      374947.105      9.96556558e-09  -0.00788920657 
281170.663      374947.105      1.77215601e-08  -0.0140292138  
281170.663      374947.105      3.15138854e-08  -0.0249478622  
281170.663      374947.105      5.60404936e-08  -0.0443642698  
281170.663      374947.105      9.96556558e-08  -0.0788920678  
281170.663      374947.105      1.77215601e-07  -0.14029214    
281170.663      374947.105      3.15138854e-07  -0.249478624   
281170.663      374947.105      5.60404936e-07  -0.4436427     
281170.663      374947.105      9.96556558e-07  -0.78892068    
281170.663      374947.105      1.77215601e-06  -1.4029214     
281170.663      374947.105      3.15138854e-06  -2.49478624    
281170.663      374947.105      5.60404936e-06  -4.43642701    
281170.663      374947.105      9.96556558e-06  -7.8892068     
281170.663      374947.105      1.77215601e-05  -14.029214     
281170.663      374947.105      3.15138854e-05  -24.9478624    
281170.663      374947.105      5.60404936e-05  -44.3642701    
281170.663      374947.105      9.96556558e-05  -78.892068     
374947.105      500000          0               1.65520486e-10 
374947.105      500000          1.77215601e-10  -0.000101912279
374947.105      500000          3.15138854e-10  -0.000181228637
374947.105      500000          5.60404936e-10  -0.000322275282
374947.105      500000          9.96556558e-10  -0.000573095627
374947.105      500000          1.77215601e-09  -0.00101912428 
374947.105      500000          3.15138854e-09  -0.00181228786 
374947.105      500000          5.60404936e-09  -0.00322275431 
374947.105      500000          9.96556558e-09  -0.00573095776 
374947.105      500000          1.77215601e-08  -0.0101912443  
374947.105      500000          3.15138854e-08  -0.0181228801  
374947.105      500000          5.60404936e-08  -0.0322275446  
374947.105      500000          9.96556558e-08  -0.0573095791  
374947.105      500000          1.77215601e-07  -0.101912445   
374947.105      500000          3.15138854e-07  -0.181228802   
374947.105      500000          5.60404936e-07  -0.322275447   
374947.105      500000          9.96556558e-07  -0.573095793   
374947.105      500000          1.77215601e-06  -1.01912445    
374947.105      500000          3.15138854e-06  -1.81228802    
374947.105      500000          5.60404936e-06  -3.22275448    
374947.105      500000          9.96556558e-06  -5.73095793    
374947.105      500000          1.77215601e-05  -10.1912445    
374947.105      500000          3.15138854e-05  -18.1228802    
374947.105      500000          5.60404936e-05  -32.2275448    
374947.105      500000          9.96556558e-05  -57.3095793    
