### /nfs/slac/g/ki/ki20/cta/mdwood/fermi/dsph_pipeline/des_dwarfs/v6/p302_6yr_source_psf0123_point_gs_jsigma0.6/results/like_bootes_II.txt
#[0]emin(MeV) [1]emax(MeV) [2]eflux(MeV/cm^2/s) [3]deltaLogLike
500             666.760716      0               0.00205332912  
500             666.760716      1.77215601e-10  0.00100303947  
500             666.760716      3.15138854e-10  0.000179633349 
500             666.760716      5.60404936e-10  -0.00129754629 
500             666.760716      9.96556558e-10  -0.00396522491 
500             666.760716      1.77215601e-09  -0.00883792273 
500             666.760716      3.15138854e-09  -0.0179084692  
500             666.760716      5.60404936e-09  -0.0353106528  
500             666.760716      9.96556558e-09  -0.0702239075  
500             666.760716      1.77215601e-08  -0.144554874   
500             666.760716      3.15138854e-08  -0.313892883   
500             666.760716      5.60404936e-08  -0.724745661   
500             666.760716      9.96556558e-08  -1.76649337    
500             666.760716      1.77215601e-07  -4.45381982    
500             666.760716      3.15138854e-07  -11.3252743    
500             666.760716      5.60404936e-07  -28.4107436    
500             666.760716      9.96556558e-07  -69.2881805    
500             666.760716      1.77215601e-06  -163.083614    
500             666.760716      3.15138854e-06  -369.726822    
500             666.760716      5.60404936e-06  -808.239451    
500             666.760716      9.96556558e-06  -1708.09368    
500             666.760716      1.77215601e-05  -3501.31191    
500             666.760716      3.15138854e-05  -6986.56309    
500             666.760716      5.60404936e-05  -13620.3279    
500             666.760716      9.96556558e-05  -26032.2147    
666.760716      889.139705      0               8.27640179e-09 
666.760716      889.139705      1.77215601e-10  -0.0050974382  
666.760716      889.139705      3.15138854e-10  -0.00907115715 
666.760716      889.139705      5.60404936e-10  -0.0161515382  
666.760716      889.139705      9.96556558e-10  -0.0287866277  
666.760716      889.139705      1.77215601e-09  -0.051394688   
666.760716      889.139705      3.15138854e-09  -0.0920364758  
666.760716      889.139705      5.60404936e-09  -0.165682366   
666.760716      889.139705      9.96556558e-09  -0.300918842   
666.760716      889.139705      1.77215601e-08  -0.55454649    
666.760716      889.139705      3.15138854e-08  -1.04516753    
666.760716      889.139705      5.60404936e-08  -2.03321495    
666.760716      889.139705      9.96556558e-08  -4.11170681    
666.760716      889.139705      1.77215601e-07  -8.64419472    
666.760716      889.139705      3.15138854e-07  -18.7077328    
666.760716      889.139705      5.60404936e-07  -40.9902197    
666.760716      889.139705      9.96556558e-07  -89.4291503    
666.760716      889.139705      1.77215601e-06  -192.03439     
666.760716      889.139705      3.15138854e-06  -403.540398    
666.760716      889.139705      5.60404936e-06  -828.595794    
666.760716      889.139705      9.96556558e-06  -1663.7318     
666.760716      889.139705      1.77215601e-05  -3272.53787    
666.760716      889.139705      3.15138854e-05  -6319.49519    
666.760716      889.139705      5.60404936e-05  -12007.6399    
666.760716      889.139705      9.96556558e-05  -22500.3121    
889.139705      1185.68685      0               0.000541402434 
889.139705      1185.68685      1.77215601e-10  -0.00322036919 
889.139705      1185.68685      3.15138854e-10  -0.00616205607 
889.139705      1185.68685      5.60404936e-10  -0.0114232947  
889.139705      1185.68685      9.96556558e-10  -0.0208738474  
889.139705      1185.68685      1.77215601e-09  -0.0379755389  
889.139705      1185.68685      3.15138854e-09  -0.069305656   
889.139705      1185.68685      5.60404936e-09  -0.127830939   
889.139705      1185.68685      9.96556558e-09  -0.240316048   
889.139705      1185.68685      1.77215601e-08  -0.464605788   
889.139705      1185.68685      3.15138854e-08  -0.929760785   
889.139705      1185.68685      5.60404936e-08  -1.92567791    
889.139705      1185.68685      9.96556558e-08  -4.09261865    
889.139705      1185.68685      1.77215601e-07  -8.80682348    
889.139705      1185.68685      3.15138854e-07  -18.9560293    
889.139705      1185.68685      5.60404936e-07  -40.4871645    
889.139705      1185.68685      9.96556558e-07  -85.4263657    
889.139705      1185.68685      1.77215601e-06  -177.601045    
889.139705      1185.68685      3.15138854e-06  -363.200174    
889.139705      1185.68685      5.60404936e-06  -729.871937    
889.139705      1185.68685      9.96556558e-06  -1440.86083    
889.139705      1185.68685      1.77215601e-05  -2795.77419    
889.139705      1185.68685      3.15138854e-05  -5338.55162    
889.139705      1185.68685      5.60404936e-05  -10049.0908    
889.139705      1185.68685      9.96556558e-05  -18683.4274    
1185.68685      1581.13883      0               -0.00405863436 
1185.68685      1581.13883      1.77215601e-10  -0.00359255688 
1185.68685      1581.13883      3.15138854e-10  -0.00324641045 
1185.68685      1581.13883      5.60404936e-10  -0.00266661147 
1185.68685      1581.13883      9.96556558e-10  -0.00174800771 
1185.68685      1581.13883      1.77215601e-09  -0.000466726056
1185.68685      1581.13883      3.15138854e-09  0.000716019336 
1185.68685      1581.13883      5.60404936e-09  -0.000547828673
1185.68685      1581.13883      9.96556558e-09  -0.0129323025  
1185.68685      1581.13883      1.77215601e-08  -0.0644802032  
1185.68685      1581.13883      3.15138854e-08  -0.237916837   
1185.68685      1581.13883      5.60404936e-08  -0.757419319   
1185.68685      1581.13883      9.96556558e-08  -2.18030463    
1185.68685      1581.13883      1.77215601e-07  -5.78238464    
1185.68685      1581.13883      3.15138854e-07  -14.2896817    
1185.68685      1581.13883      5.60404936e-07  -33.2447621    
1185.68685      1581.13883      9.96556558e-07  -73.5500358    
1185.68685      1581.13883      1.77215601e-06  -156.144366    
1185.68685      1581.13883      3.15138854e-06  -320.452648    
1185.68685      1581.13883      5.60404936e-06  -639.483348    
1185.68685      1581.13883      9.96556558e-06  -1246.71915    
1185.68685      1581.13883      1.77215601e-05  -2384.00745    
1185.68685      1581.13883      3.15138854e-05  -4486.85416    
1185.68685      1581.13883      5.60404936e-05  -8336.26228    
1185.68685      1581.13883      9.96556558e-05  -15328.8294    
1581.13883      2108.48252      0               0.000217771993 
1581.13883      2108.48252      1.77215601e-10  -0.000903742652
1581.13883      2108.48252      3.15138854e-10  -0.00181703483 
1581.13883      2108.48252      5.60404936e-10  -0.00352733452 
1581.13883      2108.48252      9.96556558e-10  -0.00683582027 
1581.13883      2108.48252      1.77215601e-09  -0.0135342184  
1581.13883      2108.48252      3.15138854e-09  -0.0278695223  
1581.13883      2108.48252      5.60404936e-09  -0.0602750446  
1581.13883      2108.48252      9.96556558e-09  -0.136405252   
1581.13883      2108.48252      1.77215601e-08  -0.317136911   
1581.13883      2108.48252      3.15138854e-08  -0.738568829   
1581.13883      2108.48252      5.60404936e-08  -1.68760566    
1581.13883      2108.48252      9.96556558e-08  -3.74838785    
1581.13883      2108.48252      1.77215601e-07  -8.09832177    
1581.13883      2108.48252      3.15138854e-07  -17.0976534    
1581.13883      2108.48252      5.60404936e-07  -35.4037451    
1581.13883      2108.48252      9.96556558e-07  -71.9927908    
1581.13883      2108.48252      1.77215601e-06  -143.786202    
1581.13883      2108.48252      3.15138854e-06  -282.173072    
1581.13883      2108.48252      5.60404936e-06  -544.728116    
1581.13883      2108.48252      9.96556558e-06  -1036.13427    
1581.13883      2108.48252      1.77215601e-05  -1945.35971    
1581.13883      2108.48252      3.15138854e-05  -3611.64582    
1581.13883      2108.48252      5.60404936e-05  -6641.75948    
1581.13883      2108.48252      9.96556558e-05  -12118.5805    
2108.48252      2811.70663      0               -0.0829951427  
2108.48252      2811.70663      1.77215601e-10  -0.0790607212  
2108.48252      2811.70663      3.15138854e-10  -0.0760839211  
2108.48252      2811.70663      5.60404936e-10  -0.0709706628  
2108.48252      2811.70663      9.96556558e-10  -0.0624300984  
2108.48252      2811.70663      1.77215601e-09  -0.0488946044  
2108.48252      2811.70663      3.15138854e-09  -0.0295786935  
2108.48252      2811.70663      5.60404936e-09  -0.00809927233 
2108.48252      2811.70663      9.96556558e-09  -0.00176902419 
2108.48252      2811.70663      1.77215601e-08  -0.0607308914  
2108.48252      2811.70663      3.15138854e-08  -0.301448165   
2108.48252      2811.70663      5.60404936e-08  -0.964146128   
2108.48252      2811.70663      9.96556558e-08  -2.52399284    
2108.48252      2811.70663      1.77215601e-07  -5.92360806    
2108.48252      2811.70663      3.15138854e-07  -13.0437473    
2108.48252      2811.70663      5.60404936e-07  -27.5914432    
2108.48252      2811.70663      9.96556558e-07  -56.6898151    
2108.48252      2811.70663      1.77215601e-06  -113.676944    
2108.48252      2811.70663      3.15138854e-06  -223.065013    
2108.48252      2811.70663      5.60404936e-06  -429.384648    
2108.48252      2811.70663      9.96556558e-06  -812.965663    
2108.48252      2811.70663      1.77215601e-05  -1518.07558    
2108.48252      2811.70663      3.15138854e-05  -2803.0682     
2108.48252      2811.70663      5.60404936e-05  -5129.65299    
2108.48252      2811.70663      9.96556558e-05  -9321.61392    
2811.70663      3749.47105      0               6.18997892e-05 
2811.70663      3749.47105      1.77215601e-10  -0.00337459069 
2811.70663      3749.47105      3.15138854e-10  -0.00605469508 
2811.70663      3749.47105      5.60404936e-10  -0.010832649   
2811.70663      3749.47105      9.96556558e-10  -0.0193669256  
2811.70663      3749.47105      1.77215601e-09  -0.0346617996  
2811.70663      3749.47105      3.15138854e-09  -0.062230824   
2811.70663      3749.47105      5.60404936e-09  -0.112403655   
2811.70663      3749.47105      9.96556558e-09  -0.205124297   
2811.70663      3749.47105      1.77215601e-08  -0.380406424   
2811.70663      3749.47105      3.15138854e-08  -0.721739503   
2811.70663      3749.47105      5.60404936e-08  -1.40793865    
2811.70663      3749.47105      9.96556558e-08  -2.8219047     
2811.70663      3749.47105      1.77215601e-07  -5.76060487    
2811.70663      3749.47105      3.15138854e-07  -11.8122029    
2811.70663      3749.47105      5.60404936e-07  -24.0162106    
2811.70663      3749.47105      9.96556558e-07  -48.0317451    
2811.70663      3749.47105      1.77215601e-06  -94.2251671    
2811.70663      3749.47105      3.15138854e-06  -181.397095    
2811.70663      3749.47105      5.60404936e-06  -343.426583    
2811.70663      3749.47105      9.96556558e-06  -641.12333     
2811.70663      3749.47105      1.77215601e-05  -1183.36926    
2811.70663      3749.47105      3.15138854e-05  -2164.7847     
2811.70663      3749.47105      5.60404936e-05  -3932.73858    
2811.70663      3749.47105      9.96556558e-05  -7106.44742    
3749.47105      5000            0               -1.04468041    
3749.47105      5000            1.77215601e-10  -1.03232089    
3749.47105      5000            3.15138854e-10  -1.02280469    
3749.47105      5000            5.60404936e-10  -1.00610075    
3749.47105      5000            9.96556558e-10  -0.977069255   
3749.47105      5000            1.77215601e-09  -0.927474195   
3749.47105      5000            3.15138854e-09  -0.845214418   
3749.47105      5000            5.60404936e-09  -0.715391272   
3749.47105      5000            9.96556558e-09  -0.526769714   
3749.47105      5000            1.77215601e-08  -0.288966676   
3749.47105      5000            3.15138854e-08  -0.0650597367  
3749.47105      5000            5.60404936e-08  -0.0230042756  
3749.47105      5000            9.96556558e-08  -0.51669878    
3749.47105      5000            1.77215601e-07  -2.22842805    
3749.47105      5000            3.15138854e-07  -6.43226811    
3749.47105      5000            5.60404936e-07  -15.4766119    
3749.47105      5000            9.96556558e-07  -33.6531522    
3749.47105      5000            1.77215601e-06  -68.7490325    
3749.47105      5000            3.15138854e-06  -134.821253    
3749.47105      5000            5.60404936e-06  -257.160636    
3749.47105      5000            9.96556558e-06  -481.146595    
3749.47105      5000            1.77215601e-05  -887.996338    
3749.47105      5000            3.15138854e-05  -1622.75948    
3749.47105      5000            5.60404936e-05  -2944.09783    
3749.47105      5000            9.96556558e-05  -5312.82459    
5000            6667.60716      0               -0.930849628   
5000            6667.60716      1.77215601e-10  -0.921159148   
5000            6667.60716      3.15138854e-10  -0.913680378   
5000            6667.60716      5.60404936e-10  -0.900515838   
5000            6667.60716      9.96556558e-10  -0.877524217   
5000            6667.60716      1.77215601e-09  -0.837920989   
5000            6667.60716      3.15138854e-09  -0.7713331     
5000            6667.60716      5.60404936e-09  -0.663973603   
5000            6667.60716      9.96556558e-09  -0.503014976   
5000            6667.60716      1.77215601e-08  -0.291051418   
5000            6667.60716      3.15138854e-08  -0.0775454583  
5000            6667.60716      5.60404936e-08  -0.00998643146 
5000            6667.60716      9.96556558e-08  -0.404052683   
5000            6667.60716      1.77215601e-07  -1.84574149    
5000            6667.60716      3.15138854e-07  -5.37269497    
5000            6667.60716      5.60404936e-07  -12.8234352    
5000            6667.60716      9.96556558e-07  -27.4930524    
5000            6667.60716      1.77215601e-06  -55.3171076    
5000            6667.60716      3.15138854e-06  -106.966792    
5000            6667.60716      5.60404936e-06  -201.553144    
5000            6667.60716      9.96556558e-06  -373.209075    
5000            6667.60716      1.77215601e-05  -682.809108    
5000            6667.60716      3.15138854e-05  -1238.83201    
5000            6667.60716      5.60404936e-05  -2234.47959    
5000            6667.60716      9.96556558e-05  -4013.70003    
6667.60716      8891.39705      0               0.000149070373 
6667.60716      8891.39705      1.77215601e-10  -0.00398463128 
6667.60716      8891.39705      3.15138854e-10  -0.00720223391 
6667.60716      8891.39705      5.60404936e-10  -0.0129249541  
6667.60716      8891.39705      9.96556558e-10  -0.0231044649  
6667.60716      8891.39705      1.77215601e-09  -0.041215667   
6667.60716      8891.39705      3.15138854e-09  -0.0734513233  
6667.60716      8891.39705      5.60404936e-09  -0.130865677   
6667.60716      8891.39705      9.96556558e-09  -0.233244821   
6667.60716      8891.39705      1.77215601e-08  -0.416161524   
6667.60716      8891.39705      3.15138854e-08  -0.744002445   
6667.60716      8891.39705      5.60404936e-08  -1.33436628    
6667.60716      8891.39705      9.96556558e-08  -2.40416336    
6667.60716      8891.39705      1.77215601e-07  -4.35626157    
6667.60716      8891.39705      3.15138854e-07  -7.93883567    
6667.60716      8891.39705      5.60404936e-07  -14.530755     
6667.60716      8891.39705      9.96556558e-07  -26.6451196    
6667.60716      8891.39705      1.77215601e-06  -48.8173478    
6667.60716      8891.39705      3.15138854e-06  -89.1814716    
6667.60716      8891.39705      5.60404936e-06  -162.282502    
6667.60716      8891.39705      9.96556558e-06  -294.092403    
6667.60716      8891.39705      1.77215601e-05  -530.927775    
6667.60716      8891.39705      3.15138854e-05  -955.283908    
6667.60716      8891.39705      5.60404936e-05  -1713.97858    
6667.60716      8891.39705      9.96556558e-05  -3068.22545    
8891.39705      11856.8685      0               3.51178642e-09 
8891.39705      11856.8685      1.77215601e-10  -0.00216381749 
8891.39705      11856.8685      3.15138854e-10  -0.00385003488 
8891.39705      11856.8685      5.60404936e-10  -0.00685325395 
8891.39705      11856.8685      9.96556558e-10  -0.0122084528  
8891.39705      11856.8685      1.77215601e-09  -0.0217773363  
8891.39705      11856.8685      3.15138854e-09  -0.0389360325  
8891.39705      11856.8685      5.60404936e-09  -0.0698866292  
8891.39705      11856.8685      9.96556558e-09  -0.126240079   
8891.39705      11856.8685      1.77215601e-08  -0.23026018    
8891.39705      11856.8685      3.15138854e-08  -0.425642625   
8891.39705      11856.8685      5.60404936e-08  -0.799143662   
8891.39705      11856.8685      9.96556558e-08  -1.52123825    
8891.39705      11856.8685      1.77215601e-07  -2.91669377    
8891.39705      11856.8685      3.15138854e-07  -5.58241451    
8891.39705      11856.8685      5.60404936e-07  -10.590011     
8891.39705      11856.8685      9.96556558e-07  -19.849869     
8891.39705      11856.8685      1.77215601e-06  -36.7733595    
8891.39705      11856.8685      3.15138854e-06  -67.4660463    
8891.39705      11856.8685      5.60404936e-06  -122.855971    
8891.39705      11856.8685      9.96556558e-06  -222.474474    
8891.39705      11856.8685      1.77215601e-05  -401.174017    
8891.39705      11856.8685      3.15138854e-05  -721.073852    
8891.39705      11856.8685      5.60404936e-05  -1292.80613    
8891.39705      11856.8685      9.96556558e-05  -2313.30024    
11856.8685      15811.3883      0               5.04360287e-09 
11856.8685      15811.3883      1.77215601e-10  -0.00310546437 
11856.8685      15811.3883      3.15138854e-10  -0.0055223875  
11856.8685      15811.3883      5.60404936e-10  -0.00982035264 
11856.8685      15811.3883      9.96556558e-10  -0.0174633371  
11856.8685      15811.3883      1.77215601e-09  -0.031054704   
11856.8685      15811.3883      3.15138854e-09  -0.0552239676  
11856.8685      15811.3883      5.60404936e-09  -0.0982037208  
11856.8685      15811.3883      9.96556558e-09  -0.174633888   
11856.8685      15811.3883      1.77215601e-08  -0.310548574   
11856.8685      15811.3883      3.15138854e-08  -0.552244424   
11856.8685      15811.3883      5.60404936e-08  -0.982052101   
11856.8685      15811.3883      9.96556558e-08  -1.74638573    
11856.8685      15811.3883      1.77215601e-07  -3.10563304    
11856.8685      15811.3883      3.15138854e-07  -5.52290562    
11856.8685      15811.3883      5.60404936e-07  -9.82195625    
11856.8685      15811.3883      9.96556558e-07  -17.468269     
11856.8685      15811.3883      1.77215601e-06  -31.0696243    
11856.8685      15811.3883      3.15138854e-06  -55.2678715    
11856.8685      15811.3883      5.60404936e-06  -98.3277246    
11856.8685      15811.3883      9.96556558e-06  -174.965683    
11856.8685      15811.3883      1.77215601e-05  -311.382313    
11856.8685      15811.3883      3.15138854e-05  -554.210283    
11856.8685      15811.3883      5.60404936e-05  -986.430062    
11856.8685      15811.3883      9.96556558e-05  -1755.6869     
15811.3883      21084.8252      0               2.928914e-09   
15811.3883      21084.8252      1.77215601e-10  -0.00180351836 
15811.3883      21084.8252      3.15138854e-10  -0.00320727628 
15811.3883      21084.8252      5.60404936e-10  -0.00570379736 
15811.3883      21084.8252      9.96556558e-10  -0.0101440905  
15811.3883      21084.8252      1.77215601e-09  -0.0180426375  
15811.3883      21084.8252      3.15138854e-09  -0.0320962302  
15811.3883      21084.8252      5.60404936e-09  -0.0571118647  
15811.3883      21084.8252      9.96556558e-09  -0.101673052   
15811.3883      21084.8252      1.77215601e-08  -0.181152372   
15811.3883      21084.8252      3.15138854e-08  -0.323214185   
15811.3883      21084.8252      5.60404936e-08  -0.578006551   
15811.3883      21084.8252      9.96556558e-08  -1.03732054    
15811.3883      21084.8252      1.77215601e-07  -1.87090777    
15811.3883      21084.8252      3.15138854e-07  -3.39474034    
15811.3883      21084.8252      5.60404936e-07  -6.19569333    
15811.3883      21084.8252      9.96556558e-07  -11.3515676    
15811.3883      21084.8252      1.77215601e-06  -20.8126979    
15811.3883      21084.8252      3.15138854e-06  -38.067601     
15811.3883      21084.8252      5.60404936e-06  -69.3199737    
15811.3883      21084.8252      9.96556558e-06  -125.587464    
15811.3883      21084.8252      1.77215601e-05  -226.449651    
15811.3883      21084.8252      3.15138854e-05  -406.729753    
15811.3883      21084.8252      5.60404936e-05  -728.385405    
15811.3883      21084.8252      9.96556558e-05  -1301.6518     
21084.8252      28117.0663      0               2.65760036e-09 
21084.8252      28117.0663      1.77215601e-10  -0.00163624203 
21084.8252      28117.0663      3.15138854e-10  -0.00290970697 
21084.8252      28117.0663      5.60404936e-10  -0.00517430372 
21084.8252      28117.0663      9.96556558e-10  -0.00920145361 
21084.8252      28117.0663      1.77215601e-09  -0.0163630539  
21084.8252      28117.0663      3.15138854e-09  -0.0290990203  
21084.8252      28117.0663      5.60404936e-09  -0.051749147   
21084.8252      28117.0663      9.96556558e-09  -0.0920337658  
21084.8252      28117.0663      1.77215601e-08  -0.163691078   
21084.8252      28117.0663      3.15138854e-08  -0.291180368   
21084.8252      28117.0663      5.60404936e-08  -0.518086024   
21084.8252      28117.0663      9.96556558e-08  -0.922181009   
21084.8252      28117.0663      1.77215601e-07  -1.64254453    
21084.8252      28117.0663      3.15138854e-07  -2.92861981    
21084.8252      28117.0663      5.60404936e-07  -5.2292308     
21084.8252      28117.0663      9.96556558e-07  -9.35363968    
21084.8252      28117.0663      1.77215601e-06  -16.7599195    
21084.8252      28117.0663      3.15138854e-06  -30.065244     
21084.8252      28117.0663      5.60404936e-06  -53.9460841    
21084.8252      28117.0663      9.96556558e-06  -96.7343935    
21084.8252      28117.0663      1.77215601e-05  -173.258864    
21084.8252      28117.0663      3.15138854e-05  -309.901798    
21084.8252      28117.0663      5.60404936e-05  -553.593838    
21084.8252      28117.0663      9.96556558e-05  -987.813808    
28117.0663      37494.7105      0               2.21530172e-09 
28117.0663      37494.7105      1.77215601e-10  -0.00136401467 
28117.0663      37494.7105      3.15138854e-10  -0.00242560092 
28117.0663      37494.7105      5.60404936e-10  -0.00431339791 
28117.0663      37494.7105      9.96556558e-10  -0.00767042841 
28117.0663      37494.7105      1.77215601e-09  -0.0136401667  
28117.0663      37494.7105      3.15138854e-09  -0.0242560293  
28117.0663      37494.7105      5.60404936e-09  -0.0431339993  
28117.0663      37494.7105      9.96556558e-09  -0.076704305   
28117.0663      37494.7105      1.77215601e-08  -0.13640169    
28117.0663      37494.7105      3.15138854e-08  -0.242560323   
28117.0663      37494.7105      5.60404936e-08  -0.431340044   
28117.0663      37494.7105      9.96556558e-08  -0.767043169   
28117.0663      37494.7105      1.77215601e-07  -1.36401723    
28117.0663      37494.7105      3.15138854e-07  -2.42560423    
28117.0663      37494.7105      5.60404936e-07  -4.31340357    
28117.0663      37494.7105      9.96556558e-07  -7.67044152    
28117.0663      37494.7105      1.77215601e-06  -13.6402033    
28117.0663      37494.7105      3.15138854e-06  -24.25614      
28117.0663      37494.7105      5.60404936e-06  -43.1343433    
28117.0663      37494.7105      9.96556558e-06  -76.7053796    
28117.0663      37494.7105      1.77215601e-05  -136.405037    
28117.0663      37494.7105      3.15138854e-05  -242.570654    
28117.0663      37494.7105      5.60404936e-05  -431.371419    
28117.0663      37494.7105      9.96556558e-05  -767.135993    
37494.7105      50000           0               1.68543579e-09 
37494.7105      50000           1.77215601e-10  -0.00103774909 
37494.7105      50000           3.15138854e-10  -0.00184540916 
37494.7105      50000           5.60404936e-10  -0.00328165442 
37494.7105      50000           9.96556558e-10  -0.0058356998  
37494.7105      50000           1.77215601e-09  -0.0103775061  
37494.7105      50000           3.15138854e-09  -0.0184541068  
37494.7105      50000           5.60404936e-09  -0.0328165595  
37494.7105      50000           9.96556558e-09  -0.0583570136  
37494.7105      50000           1.77215601e-08  -0.103775078   
37494.7105      50000           3.15138854e-08  -0.184541087   
37494.7105      50000           5.60404936e-08  -0.328165624   
37494.7105      50000           9.96556558e-08  -0.583570195   
37494.7105      50000           1.77215601e-07  -1.03775093    
37494.7105      50000           3.15138854e-07  -1.84541133    
37494.7105      50000           5.60404936e-07  -3.28165764    
37494.7105      50000           9.96556558e-07  -5.83570634    
37494.7105      50000           1.77215601e-06  -10.3775231    
37494.7105      50000           3.15138854e-06  -18.4541569    
37494.7105      50000           5.60404936e-06  -32.8167136    
37494.7105      50000           9.96556558e-06  -58.3574934    
37494.7105      50000           1.77215601e-05  -103.776571    
37494.7105      50000           3.15138854e-05  -184.545694    
37494.7105      50000           5.60404936e-05  -328.179612    
37494.7105      50000           9.96556558e-05  -583.611567    
50000           66676.0716      0               1.26513555e-09 
50000           66676.0716      1.77215601e-10  -0.000778965096
50000           66676.0716      3.15138854e-10  -0.00138521858 
50000           66676.0716      5.60404936e-10  -0.00246330666 
50000           66676.0716      9.96556558e-10  -0.0043804485  
50000           66676.0716      1.77215601e-09  -0.00778966235 
50000           66676.0716      3.15138854e-09  -0.0138521972  
50000           66676.0716      5.60404936e-09  -0.024633078   
50000           66676.0716      9.96556558e-09  -0.0438044964  
50000           66676.0716      1.77215601e-08  -0.0778966351  
50000           66676.0716      3.15138854e-08  -0.138521984   
50000           66676.0716      5.60404936e-08  -0.246330793   
50000           66676.0716      9.96556558e-08  -0.438044982   
50000           66676.0716      1.77215601e-07  -0.778966383   
50000           66676.0716      3.15138854e-07  -1.38521991    
50000           66676.0716      5.60404936e-07  -2.46330815    
50000           66676.0716      9.96556558e-07  -4.38045049    
50000           66676.0716      1.77215601e-06  -7.78966593    
50000           66676.0716      3.15138854e-06  -13.8522057    
50000           66676.0716      5.60404936e-06  -24.6331023    
50000           66676.0716      9.96556558e-06  -43.8045704    
50000           66676.0716      1.77215601e-05  -77.8968655    
50000           66676.0716      3.15138854e-05  -138.522704    
50000           66676.0716      5.60404936e-05  -246.333041    
50000           66676.0716      9.96556558e-05  -438.051935    
66676.0716      88913.9705      0               4.94513465e-06 
66676.0716      88913.9705      1.77215601e-10  -0.000543453483
66676.0716      88913.9705      3.15138854e-10  -0.000970261616
66676.0716      88913.9705      5.60404936e-10  -0.00172924741 
66676.0716      88913.9705      9.96556558e-10  -0.00307894156 
66676.0716      88913.9705      1.77215601e-09  -0.00547909172 
66676.0716      88913.9705      3.15138854e-09  -0.00974728258 
66676.0716      88913.9705      5.60404936e-09  -0.0173374868  
66676.0716      88913.9705      9.96556558e-09  -0.0308355224  
66676.0716      88913.9705      1.77215601e-08  -0.0548404796  
66676.0716      88913.9705      3.15138854e-08  -0.0975332906  
66676.0716      88913.9705      5.60404936e-08  -0.173469669   
66676.0716      88913.9705      9.96556558e-08  -0.308557828   
66676.0716      88913.9705      1.77215601e-07  -0.548943999   
66676.0716      88913.9705      3.15138854e-07  -0.976913128   
66676.0716      88913.9705      5.60404936e-07  -1.73944456    
66676.0716      88913.9705      9.96556558e-07  -3.09970835    
66676.0716      88913.9705      1.77215601e-06  -5.53019854    
66676.0716      88913.9705      3.15138854e-06  -9.88084964    
66676.0716      88913.9705      5.60404936e-06  -17.6798342    
66676.0716      88913.9705      9.96556558e-06  -31.66568      
66676.0716      88913.9705      1.77215601e-05  -56.7244355    
66676.0716      88913.9705      3.15138854e-05  -101.547592    
66676.0716      88913.9705      5.60404936e-05  -181.580615    
66676.0716      88913.9705      9.96556558e-05  -324.273802    
88913.9705      118568.685      0               0.000753648456 
88913.9705      118568.685      1.77215601e-10  0.000318273751 
88913.9705      118568.685      3.15138854e-10  -2.05694177e-05
88913.9705      118568.685      5.60404936e-10  -0.000623127247
88913.9705      118568.685      9.96556558e-10  -0.00169464343 
88913.9705      118568.685      1.77215601e-09  -0.00360009859 
88913.9705      118568.685      3.15138854e-09  -0.00698853028 
88913.9705      118568.685      5.60404936e-09  -0.0130141086  
88913.9705      118568.685      9.96556558e-09  -0.0237292704  
88913.9705      118568.685      1.77215601e-08  -0.042783822   
88913.9705      118568.685      3.15138854e-08  -0.0766681389  
88913.9705      118568.685      5.60404936e-08  -0.136923922   
88913.9705      118568.685      9.96556558e-08  -0.24407554    
88913.9705      118568.685      1.77215601e-07  -0.434621058   
88913.9705      118568.685      3.15138854e-07  -0.773464229   
88913.9705      118568.685      5.60404936e-07  -1.37602207    
88913.9705      118568.685      9.96556558e-07  -2.44753828    
88913.9705      118568.685      1.77215601e-06  -4.35299353    
88913.9705      118568.685      3.15138854e-06  -7.7414255     
88913.9705      118568.685      5.60404936e-06  -13.7670047    
88913.9705      118568.685      9.96556558e-06  -24.4821694    
88913.9705      118568.685      1.77215601e-05  -43.53673      
88913.9705      118568.685      3.15138854e-05  -77.4210752    
88913.9705      118568.685      5.60404936e-05  -137.676948    
88913.9705      118568.685      9.96556558e-05  -244.828847    
118568.685      158113.883      0               5.25987254e-10 
118568.685      158113.883      1.77215601e-10  -0.000323855007
118568.685      158113.883      3.15138854e-10  -0.0005759051  
118568.685      158113.883      5.60404936e-10  -0.00102412059 
118568.685      158113.883      9.96556558e-10  -0.00182117297 
118568.685      158113.883      1.77215601e-09  -0.00323855481 
118568.685      158113.883      3.15138854e-09  -0.00575905574 
118568.685      158113.883      5.60404936e-09  -0.0102412106  
118568.685      158113.883      9.96556558e-09  -0.0182117344  
118568.685      158113.883      1.77215601e-08  -0.0323855528  
118568.685      158113.883      3.15138854e-08  -0.0575905621  
118568.685      158113.883      5.60404936e-08  -0.102412111   
118568.685      158113.883      9.96556558e-08  -0.182117349   
118568.685      158113.883      1.77215601e-07  -0.323855533   
118568.685      158113.883      3.15138854e-07  -0.575905626   
118568.685      158113.883      5.60404936e-07  -1.02412112    
118568.685      158113.883      9.96556558e-07  -1.8211735     
118568.685      158113.883      1.77215601e-06  -3.23855533    
118568.685      158113.883      3.15138854e-06  -5.75905626    
118568.685      158113.883      5.60404936e-06  -10.2412112    
118568.685      158113.883      9.96556558e-06  -18.211735     
118568.685      158113.883      1.77215601e-05  -32.3855533    
118568.685      158113.883      3.15138854e-05  -57.5905626    
118568.685      158113.883      5.60404936e-05  -102.412112    
118568.685      158113.883      9.96556558e-05  -182.11735     
158113.883      210848.252      0               0.000196401377 
158113.883      210848.252      1.77215601e-10  -4.5644208e-05 
158113.883      210848.252      3.15138854e-10  -0.000234023303
158113.883      210848.252      5.60404936e-10  -0.00056901397 
158113.883      210848.252      9.96556558e-10  -0.00116472097 
158113.883      210848.252      1.77215601e-09  -0.00222405447 
158113.883      210848.252      3.15138854e-09  -0.00410784543 
158113.883      210848.252      5.60404936e-09  -0.00745775209 
158113.883      210848.252      9.96556558e-09  -0.0134148221  
158113.883      210848.252      1.77215601e-08  -0.0240081572  
158113.883      210848.252      3.15138854e-08  -0.0428460667  
158113.883      210848.252      5.60404936e-08  -0.0763451335  
158113.883      210848.252      9.96556558e-08  -0.135915834   
158113.883      210848.252      1.77215601e-07  -0.241849186   
158113.883      210848.252      3.15138854e-07  -0.430228286   
158113.883      210848.252      5.60404936e-07  -0.765218966   
158113.883      210848.252      9.96556558e-07  -1.36092602    
158113.883      210848.252      1.77215601e-06  -2.42025966    
158113.883      210848.252      3.15138854e-06  -4.30405107    
158113.883      210848.252      5.60404936e-06  -7.65395917    
158113.883      210848.252      9.96556558e-06  -13.6110338    
158113.883      210848.252      1.77215601e-05  -24.2043831    
158113.883      210848.252      3.15138854e-05  -43.0423379    
158113.883      210848.252      5.60404936e-05  -76.5415466    
158113.883      210848.252      9.96556558e-05  -136.112691    
210848.252      281170.663      0               0.000571495667 
210848.252      281170.663      1.77215601e-10  0.000390902374 
210848.252      281170.663      3.15138854e-10  0.000250350332 
210848.252      281170.663      5.60404936e-10  4.0952942e-07  
210848.252      281170.663      9.96556558e-10  -0.000444055054
210848.252      281170.663      1.77215601e-09  -0.00123443727 
210848.252      281170.663      3.15138854e-09  -0.0026399577  
210848.252      281170.663      5.60404936e-09  -0.00513936575 
210848.252      281170.663      9.96556558e-09  -0.00958401167 
210848.252      281170.663      1.77215601e-08  -0.0174878341  
210848.252      281170.663      3.15138854e-08  -0.0315430393  
210848.252      281170.663      5.60404936e-08  -0.0565371227  
210848.252      281170.663      9.96556558e-08  -0.100983591   
210848.252      281170.663      1.77215601e-07  -0.180021844   
210848.252      281170.663      3.15138854e-07  -0.320573987   
210848.252      281170.663      5.60404936e-07  -0.570515106   
210848.252      281170.663      9.96556558e-07  -1.01498069    
210848.252      281170.663      1.77215601e-06  -1.80536608    
210848.252      281170.663      3.15138854e-06  -3.2108965     
210848.252      281170.663      5.60404936e-06  -5.71033606    
210848.252      281170.663      9.96556558e-06  -10.155081     
210848.252      281170.663      1.77215601e-05  -18.0592134    
210848.252      281170.663      3.15138854e-05  -32.1153807    
210848.252      281170.663      5.60404936e-05  -57.1124114    
210848.252      281170.663      9.96556558e-05  -101.567708    
281170.663      374947.105      0               0.000333370377 
281170.663      374947.105      1.77215601e-10  0.000198911326 
281170.663      374947.105      3.15138854e-10  9.42646142e-05 
281170.663      374947.105      5.60404936e-10  -9.18264781e-05
281170.663      374947.105      9.96556558e-10  -0.000422748436
281170.663      374947.105      1.77215601e-09  -0.00101122014 
281170.663      374947.105      3.15138854e-09  -0.00205768725 
281170.663      374947.105      5.60404936e-09  -0.00391859818 
281170.663      374947.105      9.96556558e-09  -0.00722781775 
281170.663      374947.105      1.77215601e-08  -0.0131125348  
281170.663      374947.105      3.15138854e-08  -0.0235772059  
281170.663      374947.105      5.60404936e-08  -0.0421863152  
281170.663      374947.105      9.96556558e-08  -0.075278511   
281170.663      374947.105      1.77215601e-07  -0.134125681   
281170.663      374947.105      3.15138854e-07  -0.238772393   
281170.663      374947.105      5.60404936e-07  -0.424863485   
281170.663      374947.105      9.96556558e-07  -0.755785444   
281170.663      374947.105      1.77215601e-06  -1.34425715    
281170.663      374947.105      3.15138854e-06  -2.39072427    
281170.663      374947.105      5.60404936e-06  -4.25163522    
281170.663      374947.105      9.96556558e-06  -7.56085489    
281170.663      374947.105      1.77215601e-05  -13.4455722    
281170.663      374947.105      3.15138854e-05  -23.9102442    
281170.663      374947.105      5.60404936e-05  -42.5193561    
281170.663      374947.105      9.96556558e-05  -75.6115603    
374947.105      500000          0               1.57996283e-10 
374947.105      500000          1.77215601e-10  -9.72816527e-05
374947.105      500000          3.15138854e-10  -0.000172994083
374947.105      500000          5.60404936e-10  -0.000307631939
374947.105      500000          9.96556558e-10  -0.000547055667
374947.105      500000          1.77215601e-09  -0.000972817956
374947.105      500000          3.15138854e-09  -0.00172994227 
374947.105      500000          5.60404936e-09  -0.00307632089 
374947.105      500000          9.96556558e-09  -0.00547055832 
374947.105      500000          1.77215601e-08  -0.0097281817  
374947.105      500000          3.15138854e-08  -0.0172994265  
374947.105      500000          5.60404936e-08  -0.0307632175  
374947.105      500000          9.96556558e-08  -0.0547056075  
374947.105      500000          1.77215601e-07  -0.0972818907  
374947.105      500000          3.15138854e-07  -0.172994494   
374947.105      500000          5.60404936e-07  -0.307632898   
374947.105      500000          9.96556558e-07  -0.547058358   
374947.105      500000          1.77215601e-06  -0.972826113   
374947.105      500000          3.15138854e-06  -1.72996768    
374947.105      500000          5.60404936e-06  -3.07640058    
374947.105      500000          9.96556558e-06  -5.47080837    
374947.105      500000          1.77215601e-05  -9.72896316    
374947.105      500000          3.15138854e-05  -17.3018488    
374947.105      500000          5.60404936e-05  -30.7706205    
374947.105      500000          9.96556558e-05  -54.727714     
