### /nfs/slac/g/ki/ki20/cta/mdwood/fermi/dsph_pipeline/des_dwarfs/v6/p302_6yr_source_psf0123_point_gs_jsigma0.6/results/like_columba_I.txt
#[0]emin(MeV) [1]emax(MeV) [2]eflux(MeV/cm^2/s) [3]deltaLogLike
500             666.760716      0               -0.0314281516  
500             666.760716      1.77215601e-10  -0.0306029979  
500             666.760716      3.15138854e-10  -0.0299684488  
500             666.760716      5.60404936e-10  -0.0288565662  
500             666.760716      9.96556558e-10  -0.0269314823  
500             666.760716      1.77215601e-09  -0.0236725338  
500             666.760716      3.15138854e-09  -0.0183940677  
500             666.760716      5.60404936e-09  -0.010625432   
500             666.760716      9.96556558e-09  -0.00183732371 
500             666.760716      1.77215601e-08  -0.00162868013 
500             666.760716      3.15138854e-08  -0.0475805434  
500             666.760716      5.60404936e-08  -0.264061024   
500             666.760716      9.96556558e-08  -1.02350226    
500             666.760716      1.77215601e-07  -3.35451104    
500             666.760716      3.15138854e-07  -9.89459402    
500             666.760716      5.60404936e-07  -26.9548685    
500             666.760716      9.96556558e-07  -68.7239481    
500             666.760716      1.77215601e-06  -165.4473      
500             666.760716      3.15138854e-06  -378.883851    
500             666.760716      5.60404936e-06  -830.898436    
500             666.760716      9.96556558e-06  -1755.38576    
500             666.760716      1.77215601e-05  -3591.28184    
500             666.760716      3.15138854e-05  -7147.88823    
500             666.760716      5.60404936e-05  -13897.7378    
500             666.760716      9.96556558e-05  -26494.9418    
666.760716      889.139705      0               -1.35536397    
666.760716      889.139705      1.77215601e-10  -1.34826373    
666.760716      889.139705      3.15138854e-10  -1.34275446    
666.760716      889.139705      5.60404936e-10  -1.33299344    
666.760716      889.139705      9.96556558e-10  -1.31574908    
666.760716      889.139705      1.77215601e-09  -1.2854401     
666.760716      889.139705      3.15138854e-09  -1.23265576    
666.760716      889.139705      5.60404936e-09  -1.14223934    
666.760716      889.139705      9.96556558e-09  -0.991976747   
666.760716      889.139705      1.77215601e-08  -0.756095731   
666.760716      889.139705      3.15138854e-08  -0.426410437   
666.760716      889.139705      5.60404936e-08  -0.0837620455  
666.760716      889.139705      9.96556558e-08  -0.0908471537  
666.760716      889.139705      1.77215601e-07  -1.5443628     
666.760716      889.139705      3.15138854e-07  -7.24144342    
666.760716      889.139705      5.60404936e-07  -23.6278016    
666.760716      889.139705      9.96556558e-07  -64.5698276    
666.760716      889.139705      1.77215601e-06  -158.438414    
666.760716      889.139705      3.15138854e-06  -361.117602    
666.760716      889.139705      5.60404936e-06  -779.53882     
666.760716      889.139705      9.96556558e-06  -1613.8762     
666.760716      889.139705      1.77215601e-05  -3232.83543    
666.760716      889.139705      3.15138854e-05  -6307.62014    
666.760716      889.139705      5.60404936e-05  -12049.8689    
666.760716      889.139705      9.96556558e-05  -22633.9295    
889.139705      1185.68685      0               0.000982205765 
889.139705      1185.68685      1.77215601e-10  -0.0030566768  
889.139705      1185.68685      3.15138854e-10  -0.00620735136 
889.139705      1185.68685      5.60404936e-10  -0.0118258795  
889.139705      1185.68685      9.96556558e-10  -0.0218668728  
889.139705      1185.68685      1.77215601e-09  -0.039878993   
889.139705      1185.68685      3.15138854e-09  -0.0724005072  
889.139705      1185.68685      5.60404936e-09  -0.131764778   
889.139705      1185.68685      9.96556558e-09  -0.242064691   
889.139705      1185.68685      1.77215601e-08  -0.452598005   
889.139705      1185.68685      3.15138854e-08  -0.869593033   
889.139705      1185.68685      5.60404936e-08  -1.73241818    
889.139705      1185.68685      9.96556558e-08  -3.59376168    
889.139705      1185.68685      1.77215601e-07  -7.72720633    
889.139705      1185.68685      3.15138854e-07  -16.9947123    
889.139705      1185.68685      5.60404936e-07  -37.5751444    
889.139705      1185.68685      9.96556558e-07  -82.2156676    
889.139705      1185.68685      1.77215601e-06  -176.136187    
889.139705      1185.68685      3.15138854e-06  -367.624353    
889.139705      1185.68685      5.60404936e-06  -746.988691    
889.139705      1185.68685      9.96556558e-06  -1480.34808    
889.139705      1185.68685      1.77215601e-05  -2869.78271    
889.139705      1185.68685      3.15138854e-05  -5460.4973     
889.139705      1185.68685      5.60404936e-05  -10231.6895    
889.139705      1185.68685      9.96556558e-05  -18935.9852    
1185.68685      1581.13883      0               -1.28245953    
1185.68685      1581.13883      1.77215601e-10  -1.27098428    
1185.68685      1581.13883      3.15138854e-10  -1.26210971    
1185.68685      1581.13883      5.60404936e-10  -1.24644909    
1185.68685      1581.13883      9.96556558e-10  -1.2189776     
1185.68685      1581.13883      1.77215601e-09  -1.17129358    
1185.68685      1581.13883      3.15138854e-09  -1.09005485    
1185.68685      1581.13883      5.60404936e-09  -0.956137463   
1185.68685      1581.13883      9.96556558e-09  -0.747985627   
1185.68685      1581.13883      1.77215601e-08  -0.457954239   
1185.68685      1581.13883      3.15138854e-08  -0.139062668   
1185.68685      1581.13883      5.60404936e-08  -0.0101419682  
1185.68685      1581.13883      9.96556558e-08  -0.662609913   
1185.68685      1581.13883      1.77215601e-07  -3.44816287    
1185.68685      1581.13883      3.15138854e-07  -11.2041811    
1185.68685      1581.13883      5.60404936e-07  -29.6089186    
1185.68685      1581.13883      9.96556558e-07  -69.6950178    
1185.68685      1581.13883      1.77215601e-06  -152.467874    
1185.68685      1581.13883      3.15138854e-06  -317.282018    
1185.68685      1581.13883      5.60404936e-06  -636.862079    
1185.68685      1581.13883      9.96556558e-06  -1244.08945    
1185.68685      1581.13883      1.77215601e-05  -2379.68252    
1185.68685      1581.13883      3.15138854e-05  -4477.02677    
1185.68685      1581.13883      5.60404936e-05  -8313.08134    
1185.68685      1581.13883      9.96556558e-05  -15276.764     
1581.13883      2108.48252      0               -0.277656428   
1581.13883      2108.48252      1.77215601e-10  -0.272659968   
1581.13883      2108.48252      3.15138854e-10  -0.268811358   
1581.13883      2108.48252      5.60404936e-10  -0.262053322   
1581.13883      2108.48252      9.96556558e-10  -0.250304039   
1581.13883      2108.48252      1.77215601e-09  -0.230242095   
1581.13883      2108.48252      3.15138854e-09  -0.197104105   
1581.13883      2108.48252      5.60404936e-09  -0.145726245   
1581.13883      2108.48252      9.96556558e-09  -0.0759292936  
1581.13883      2108.48252      1.77215601e-08  -0.00972246894 
1581.13883      2108.48252      3.15138854e-08  -0.0347675096  
1581.13883      2108.48252      5.60404936e-08  -0.396461448   
1581.13883      2108.48252      9.96556558e-08  -1.67145974    
1581.13883      2108.48252      1.77215601e-07  -5.08425639    
1581.13883      2108.48252      3.15138854e-07  -13.0953627    
1581.13883      2108.48252      5.60404936e-07  -30.4945021    
1581.13883      2108.48252      9.96556558e-07  -66.3932079    
1581.13883      2108.48252      1.77215601e-06  -137.818903    
1581.13883      2108.48252      3.15138854e-06  -276.19036     
1581.13883      2108.48252      5.60404936e-06  -538.950611    
1581.13883      2108.48252      9.96556558e-06  -1030.34301    
1581.13883      2108.48252      1.77215601e-05  -1938.34846    
1581.13883      2108.48252      3.15138854e-05  -3600.2694     
1581.13883      2108.48252      5.60404936e-05  -6619.23893    
1581.13883      2108.48252      9.96556558e-05  -12071.3403    
2108.48252      2811.70663      0               1.41117198e-08 
2108.48252      2811.70663      1.77215601e-10  -0.00869038071 
2108.48252      2811.70663      3.15138854e-10  -0.0154557965  
2108.48252      2811.70663      5.60404936e-10  -0.0274906146  
2108.48252      2811.70663      9.96556558e-10  -0.0489045705  
2108.48252      2811.70663      1.77215601e-09  -0.0870245718  
2108.48252      2811.70663      3.15138854e-09  -0.15493845    
2108.48252      2811.70663      5.60404936e-09  -0.276102763   
2108.48252      2811.70663      9.96556558e-09  -0.492794633   
2108.48252      2811.70663      1.77215601e-08  -0.881910692   
2108.48252      2811.70663      3.15138854e-08  -1.58525973    
2108.48252      2811.70663      5.60404936e-08  -2.86927197    
2108.48252      2811.70663      9.96556558e-08  -5.24498235    
2108.48252      2811.70663      1.77215601e-07  -9.70861695    
2108.48252      2811.70663      3.15138854e-07  -18.2106585    
2108.48252      2811.70663      5.60404936e-07  -34.5333016    
2108.48252      2811.70663      9.96556558e-07  -65.8777146    
2108.48252      2811.70663      1.77215601e-06  -125.68831     
2108.48252      2811.70663      3.15138854e-06  -238.651768    
2108.48252      2811.70663      5.60404936e-06  -449.549995    
2108.48252      2811.70663      9.96556558e-06  -838.990963    
2108.48252      2811.70663      1.77215601e-05  -1551.41993    
2108.48252      2811.70663      3.15138854e-05  -2844.97917    
2108.48252      2811.70663      5.60404936e-05  -5180.19044    
2108.48252      2811.70663      9.96556558e-05  -9377.68742    
2811.70663      3749.47105      0               2.81733551e-05 
2811.70663      3749.47105      1.77215601e-10  -0.000509872994
2811.70663      3749.47105      3.15138854e-10  -0.000953742191
2811.70663      3749.47105      5.60404936e-10  -0.00179692247 
2811.70663      3749.47105      9.96556558e-10  -0.00346456742 
2811.70663      3749.47105      1.77215601e-09  -0.00695076686 
2811.70663      3749.47105      3.15138854e-09  -0.0147359628  
2811.70663      3749.47105      5.60404936e-09  -0.0332813096  
2811.70663      3749.47105      9.96556558e-09  -0.0795993561  
2811.70663      3749.47105      1.77215601e-08  -0.197357348   
2811.70663      3749.47105      3.15138854e-08  -0.492184272   
2811.70663      3749.47105      5.60404936e-08  -1.19944158    
2811.70663      3749.47105      9.96556558e-08  -2.80084917    
2811.70663      3749.47105      1.77215601e-07  -6.21954619    
2811.70663      3749.47105      3.15138854e-07  -13.1625301    
2811.70663      3749.47105      5.60404936e-07  -26.7505775    
2811.70663      3749.47105      9.96556558e-07  -52.6824863    
2811.70663      3749.47105      1.77215601e-06  -101.351446    
2811.70663      3749.47105      3.15138854e-06  -191.632221    
2811.70663      3749.47105      5.60404936e-06  -357.603338    
2811.70663      3749.47105      9.96556558e-06  -660.458145    
2811.70663      3749.47105      1.77215601e-05  -1209.63409    
2811.70663      3749.47105      3.15138854e-05  -2200.35333    
2811.70663      3749.47105      5.60404936e-05  -3980.39434    
2811.70663      3749.47105      9.96556558e-05  -7168.90913    
3749.47105      5000            0               4.28820376e-05 
3749.47105      5000            1.77215601e-10  -0.00471579918 
3749.47105      5000            3.15138854e-10  -0.00842386039 
3749.47105      5000            5.60404936e-10  -0.015027469   
3749.47105      5000            9.96556558e-10  -0.0268008213  
3749.47105      5000            1.77215601e-09  -0.0478318527  
3749.47105      5000            3.15138854e-09  -0.085524596   
3749.47105      5000            5.60404936e-09  -0.153450204   
3749.47105      5000            9.96556558e-09  -0.276915943   
3749.47105      5000            1.77215601e-08  -0.50413295    
3749.47105      5000            3.15138854e-08  -0.928818788   
3749.47105      5000            5.60404936e-08  -1.73501417    
3749.47105      5000            9.96556558e-08  -3.28194073    
3749.47105      5000            1.77215601e-07  -6.25755844    
3749.47105      5000            3.15138854e-07  -11.9513473    
3749.47105      5000            5.60404936e-07  -22.7410952    
3749.47105      5000            9.96556558e-07  -42.9692446    
3749.47105      5000            1.77215601e-06  -80.5230553    
3749.47105      5000            3.15138854e-06  -149.660499    
3749.47105      5000            5.60404936e-06  -276.021435    
3749.47105      5000            9.96556558e-06  -505.506125    
3749.47105      5000            1.77215601e-05  -920.045699    
3749.47105      5000            3.15138854e-05  -1665.65423    
3749.47105      5000            5.60404936e-05  -3002.34973    
3749.47105      5000            9.96556558e-05  -5392.98667    
5000            6667.60716      0               -0.0070188521  
5000            6667.60716      1.77215601e-10  -0.00617307598 
5000            6667.60716      3.15138854e-10  -0.00555058444 
5000            6667.60716      5.60404936e-10  -0.00451978656 
5000            6667.60716      9.96556558e-10  -0.00292241997 
5000            6667.60716      1.77215601e-09  -0.000799360881
5000            6667.60716      3.15138854e-09  0.000851092621 
5000            6667.60716      5.60404936e-09  -0.00222828241 
5000            6667.60716      9.96556558e-09  -0.0235653092  
5000            6667.60716      1.77215601e-08  -0.0992762652  
5000            6667.60716      3.15138854e-08  -0.312651409   
5000            6667.60716      5.60404936e-08  -0.833148261   
5000            6667.60716      9.96556558e-08  -1.97660577    
5000            6667.60716      1.77215601e-07  -4.30858851    
5000            6667.60716      3.15138854e-07  -8.83739885    
5000            6667.60716      5.60404936e-07  -17.376587     
5000            6667.60716      9.96556558e-07  -33.2106783    
5000            6667.60716      1.77215601e-06  -62.2909501    
5000            6667.60716      3.15138854e-06  -115.353823    
5000            6667.60716      5.60404936e-06  -211.663659    
5000            6667.60716      9.96556558e-06  -385.648475    
5000            6667.60716      1.77215601e-05  -698.699032    
5000            6667.60716      3.15138854e-05  -1260.16765    
5000            6667.60716      5.60404936e-05  -2264.73705    
5000            6667.60716      9.96556558e-05  -4058.90069    
6667.60716      8891.39705      0               -1.09753328    
6667.60716      8891.39705      1.77215601e-10  -1.08852818    
6667.60716      8891.39705      3.15138854e-10  -1.08157162    
6667.60716      8891.39705      5.60404936e-10  -1.06931175    
6667.60716      8891.39705      9.96556558e-10  -1.04785424    
6667.60716      8891.39705      1.77215601e-09  -1.01074941    
6667.60716      8891.39705      3.15138854e-09  -0.947912512   
6667.60716      8891.39705      5.60404936e-09  -0.845215348   
6667.60716      8891.39705      9.96556558e-09  -0.687078105   
6667.60716      8891.39705      1.77215601e-08  -0.466685295   
6667.60716      8891.39705      3.15138854e-08  -0.209784032   
6667.60716      8891.39705      5.60404936e-08  -0.0158557947  
6667.60716      8891.39705      9.96556558e-08  -0.1171214     
6667.60716      8891.39705      1.77215601e-07  -0.961829355   
6667.60716      8891.39705      3.15138854e-07  -3.35259947    
6667.60716      8891.39705      5.60404936e-07  -8.70831136    
6667.60716      8891.39705      9.96556558e-07  -19.5613171    
6667.60716      8891.39705      1.77215601e-06  -40.464161     
6667.60716      8891.39705      3.15138854e-06  -79.597955     
6667.60716      8891.39705      5.60404936e-06  -151.606426    
6667.60716      8891.39705      9.96556558e-06  -282.615854    
6667.60716      8891.39705      1.77215601e-05  -519.179325    
6667.60716      8891.39705      3.15138854e-05  -944.234204    
6667.60716      8891.39705      5.60404936e-05  -1705.52069    
6667.60716      8891.39705      9.96556558e-05  -3066.10597    
8891.39705      11856.8685      0               -0.106291482   
8891.39705      11856.8685      1.77215601e-10  -0.1037325     
8891.39705      11856.8685      3.15138854e-10  -0.101770341   
8891.39705      11856.8685      5.60404936e-10  -0.0983438737  
8891.39705      11856.8685      9.96556558e-10  -0.0924453574  
8891.39705      11856.8685      1.77215601e-09  -0.0825508653  
8891.39705      11856.8685      3.15138854e-09  -0.0667268512  
8891.39705      11856.8685      5.60404936e-09  -0.0436456737  
8891.39705      11856.8685      9.96556558e-09  -0.0161237652  
8891.39705      11856.8685      1.77215601e-08  7.05494858e-06 
8891.39705      11856.8685      3.15138854e-08  -0.0412857228  
8891.39705      11856.8685      5.60404936e-08  -0.242975533   
8891.39705      11856.8685      9.96556558e-08  -0.803035757   
8891.39705      11856.8685      1.77215601e-07  -2.07510133    
8891.39705      11856.8685      3.15138854e-07  -4.6794638     
8891.39705      11856.8685      5.60404936e-07  -9.71065385    
8891.39705      11856.8685      9.96556558e-07  -19.1158231    
8891.39705      11856.8685      1.77215601e-06  -36.370583     
8891.39705      11856.8685      3.15138854e-06  -67.6770545    
8891.39705      11856.8685      5.60404936e-06  -124.091753    
8891.39705      11856.8685      9.96556558e-06  -225.319473    
8891.39705      11856.8685      1.77215601e-05  -406.479092    
8891.39705      11856.8685      3.15138854e-05  -730.144028    
8891.39705      11856.8685      5.60404936e-05  -1307.74101    
8891.39705      11856.8685      9.96556558e-05  -2337.58155    
11856.8685      15811.3883      0               1.13682831e-05 
11856.8685      15811.3883      1.77215601e-10  -0.00125089534 
11856.8685      15811.3883      3.15138854e-10  -0.0022354646  
11856.8685      15811.3883      5.60404936e-10  -0.00399099031 
11856.8685      15811.3883      9.96556558e-10  -0.00712754513 
11856.8685      15811.3883      1.77215601e-09  -0.0127513803  
11856.8685      15811.3883      3.15138854e-09  -0.0228956571  
11856.8685      15811.3883      5.60404936e-09  -0.0413755639  
11856.8685      15811.3883      9.96556558e-09  -0.0755608703  
11856.8685      15811.3883      1.77215601e-08  -0.140181137   
11856.8685      15811.3883      3.15138854e-08  -0.265546426   
11856.8685      15811.3883      5.60404936e-08  -0.514607136   
11856.8685      15811.3883      9.96556558e-08  -1.01539458    
11856.8685      15811.3883      1.77215601e-07  -2.01670769    
11856.8685      15811.3883      3.15138854e-07  -3.9788479     
11856.8685      15811.3883      5.60404936e-07  -7.72661037    
11856.8685      15811.3883      9.96556558e-07  -14.7225779    
11856.8685      15811.3883      1.77215601e-06  -27.5645114    
11856.8685      15811.3883      3.15138854e-06  -50.8842218    
11856.8685      15811.3883      5.60404936e-06  -92.955839     
11856.8685      15811.3883      9.96556558e-06  -168.553975    
11856.8685      15811.3883      1.77215601e-05  -304.022566    
11856.8685      15811.3883      3.15138854e-05  -546.27852     
11856.8685      15811.3883      5.60404936e-05  -978.832063    
11856.8685      15811.3883      9.96556558e-05  -1750.29424    
15811.3883      21084.8252      0               0.00817742204  
15811.3883      21084.8252      1.77215601e-10  0.00603827147  
15811.3883      21084.8252      3.15138854e-10  0.00437340247  
15811.3883      21084.8252      5.60404936e-10  0.00141277393  
15811.3883      21084.8252      9.96556558e-10  -0.00385213389 
15811.3883      21084.8252      1.77215601e-09  -0.0132148736  
15811.3883      21084.8252      3.15138854e-09  -0.0298652703  
15811.3883      21084.8252      5.60404936e-09  -0.059476947   
15811.3883      21084.8252      9.96556558e-09  -0.112143042   
15811.3883      21084.8252      1.77215601e-08  -0.205824075   
15811.3883      21084.8252      3.15138854e-08  -0.372496662   
15811.3883      21084.8252      5.60404936e-08  -0.669141174   
15811.3883      21084.8252      9.96556558e-08  -1.19744104    
15811.3883      21084.8252      1.77215601e-07  -2.13927359    
15811.3883      21084.8252      3.15138854e-07  -3.82105071    
15811.3883      21084.8252      5.60404936e-07  -6.8310261     
15811.3883      21084.8252      9.96556558e-07  -12.2333621    
15811.3883      21084.8252      1.77215601e-06  -21.9555147    
15811.3883      21084.8252      3.15138854e-06  -39.4781794    
15811.3883      21084.8252      5.60404936e-06  -71.0484652    
15811.3883      21084.8252      9.96556558e-06  -127.811988    
15811.3883      21084.8252      1.77215601e-05  -229.587957    
15811.3883      21084.8252      3.15138854e-05  -411.58982     
15811.3883      21084.8252      5.60404936e-05  -736.400422    
15811.3883      21084.8252      9.96556558e-05  -1315.29221    
21084.8252      28117.0663      0               -0.00233811812 
21084.8252      28117.0663      1.77215601e-10  -0.0018607643  
21084.8252      28117.0663      3.15138854e-10  -0.00149275166 
21084.8252      28117.0663      5.60404936e-10  -0.000845858873
21084.8252      28117.0663      9.96556558e-10  0.000280828517 
21084.8252      28117.0663      1.77215601e-09  0.00221045409  
21084.8252      28117.0663      3.15138854e-09  0.00541302125  
21084.8252      28117.0663      5.60404936e-09  0.0104110899   
21084.8252      28117.0663      9.96556558e-09  0.0172334503   
21084.8252      28117.0663      1.77215601e-08  0.0235128558   
21084.8252      28117.0663      3.15138854e-08  0.019221406    
21084.8252      28117.0663      5.60404936e-08  -0.0252835213  
21084.8252      28117.0663      9.96556558e-08  -0.181401337   
21084.8252      28117.0663      1.77215601e-07  -0.596771145   
21084.8252      28117.0663      3.15138854e-07  -1.54655143    
21084.8252      28117.0663      5.60404936e-07  -3.51815232    
21084.8252      28117.0663      9.96556558e-07  -7.36503381    
21084.8252      28117.0663      1.77215601e-06  -14.5881735    
21084.8252      28117.0663      3.15138854e-06  -27.8424682    
21084.8252      28117.0663      5.60404936e-06  -51.839458     
21084.8252      28117.0663      9.96556558e-06  -94.9531638    
21084.8252      28117.0663      1.77215601e-05  -172.077032    
21084.8252      28117.0663      3.15138854e-05  -309.708343    
21084.8252      28117.0663      5.60404936e-05  -554.996724    
21084.8252      28117.0663      9.96556558e-05  -991.841755    
28117.0663      37494.7105      0               1.19440306e-05 
28117.0663      37494.7105      1.77215601e-10  -0.00131260733 
28117.0663      37494.7105      3.15138854e-10  -0.00234347883 
28117.0663      37494.7105      5.60404936e-10  -0.00417665739 
28117.0663      37494.7105      9.96556558e-10  -0.00743656418 
28117.0663      37494.7105      1.77215601e-09  -0.0132335991  
28117.0663      37494.7105      3.15138854e-09  -0.0235423781  
28117.0663      37494.7105      5.60404936e-09  -0.0418743656  
28117.0663      37494.7105      9.96556558e-09  -0.0744740719  
28117.0663      37494.7105      1.77215601e-08  -0.132446438   
28117.0663      37494.7105      3.15138854e-08  -0.235540596   
28117.0663      37494.7105      5.60404936e-08  -0.418880549   
28117.0663      37494.7105      9.96556558e-08  -0.744940773   
28117.0663      37494.7105      1.77215601e-07  -1.32486234    
28117.0663      37494.7105      3.15138854e-07  -2.35641968    
28117.0663      37494.7105      5.60404936e-07  -4.19171234    
28117.0663      37494.7105      9.96556558e-07  -7.45801849    
28117.0663      37494.7105      1.77215601e-06  -13.2738678    
28117.0663      37494.7105      3.15138854e-06  -23.6355935    
28117.0663      37494.7105      5.60404936e-06  -42.1079579    
28117.0663      37494.7105      9.96556558e-06  -75.0542177    
28117.0663      37494.7105      1.77215601e-05  -133.821803    
28117.0663      37494.7105      3.15138854e-05  -238.627723    
28117.0663      37494.7105      5.60404936e-05  -425.475296    
28117.0663      37494.7105      9.96556558e-05  -758.465365    
37494.7105      50000           0               1.67557346e-09 
37494.7105      50000           1.77215601e-10  -0.00103167665 
37494.7105      50000           3.15138854e-10  -0.00183461066 
37494.7105      50000           5.60404936e-10  -0.00326245166 
37494.7105      50000           9.96556558e-10  -0.00580155192 
37494.7105      50000           1.77215601e-09  -0.0103167816  
37494.7105      50000           3.15138854e-09  -0.0183461217  
37494.7105      50000           5.60404936e-09  -0.0326245318  
37494.7105      50000           9.96556558e-09  -0.0580155346  
37494.7105      50000           1.77215601e-08  -0.103167832   
37494.7105      50000           3.15138854e-08  -0.183461235   
37494.7105      50000           5.60404936e-08  -0.326245342   
37494.7105      50000           9.96556558e-08  -0.580155389   
37494.7105      50000           1.77215601e-07  -1.03167843    
37494.7105      50000           3.15138854e-07  -1.83461264    
37494.7105      50000           5.60404936e-07  -3.26245432    
37494.7105      50000           9.96556558e-07  -5.80155671    
37494.7105      50000           1.77215601e-06  -10.3167931    
37494.7105      50000           3.15138854e-06  -18.3461544    
37494.7105      50000           5.60404936e-06  -32.6246315    
37494.7105      50000           9.96556558e-06  -58.015845     
37494.7105      50000           1.77215601e-05  -103.168803    
37494.7105      50000           3.15138854e-05  -183.464263    
37494.7105      50000           5.60404936e-05  -326.254705    
37494.7105      50000           9.96556558e-05  -580.183903    
50000           66676.0716      0               1.25763222e-09 
50000           66676.0716      1.77215601e-10  -0.000774321881
50000           66676.0716      3.15138854e-10  -0.00137696164 
50000           66676.0716      5.60404936e-10  -0.00244862351 
50000           66676.0716      9.96556558e-10  -0.00435433774 
50000           66676.0716      1.77215601e-09  -0.00774323013 
50000           66676.0716      3.15138854e-09  -0.0137696277  
50000           66676.0716      5.60404936e-09  -0.0244862464  
50000           66676.0716      9.96556558e-09  -0.0435433888  
50000           66676.0716      1.77215601e-08  -0.0774323127  
50000           66676.0716      3.15138854e-08  -0.137696289   
50000           66676.0716      5.60404936e-08  -0.244862476   
50000           66676.0716      9.96556558e-08  -0.435433903   
50000           66676.0716      1.77215601e-07  -0.77432315    
50000           66676.0716      3.15138854e-07  -1.37696293    
50000           66676.0716      5.60404936e-07  -2.44862488    
50000           66676.0716      9.96556558e-07  -4.35433938    
50000           66676.0716      1.77215601e-06  -7.74323261    
50000           66676.0716      3.15138854e-06  -13.7696328    
50000           66676.0716      5.60404936e-06  -24.4862598    
50000           66676.0716      9.96556558e-06  -43.5434286    
50000           66676.0716      1.77215601e-05  -77.4324355    
50000           66676.0716      3.15138854e-05  -137.696672    
50000           66676.0716      5.60404936e-05  -244.863677    
50000           66676.0716      9.96556558e-05  -435.437645    
66676.0716      88913.9705      0               9.38456424e-10 
66676.0716      88913.9705      1.77215601e-10  -0.000577806605
66676.0716      88913.9705      3.15138854e-10  -0.00102750232 
66676.0716      88913.9705      5.60404936e-10  -0.00182718695 
66676.0716      88913.9705      9.96556558e-10  -0.00324924966 
66676.0716      88913.9705      1.77215601e-09  -0.0057780745  
66676.0716      88913.9705      3.15138854e-09  -0.0102750316  
66676.0716      88913.9705      5.60404936e-09  -0.0182718779  
66676.0716      88913.9705      9.96556558e-09  -0.0324925051  
66676.0716      88913.9705      1.77215601e-08  -0.0577807535  
66676.0716      88913.9705      3.15138854e-08  -0.102750325   
66676.0716      88913.9705      5.60404936e-08  -0.182718789   
66676.0716      88913.9705      9.96556558e-08  -0.324925062   
66676.0716      88913.9705      1.77215601e-07  -0.577807553   
66676.0716      88913.9705      3.15138854e-07  -1.02750329    
66676.0716      88913.9705      5.60404936e-07  -1.82718799    
66676.0716      88913.9705      9.96556558e-07  -3.24925092    
66676.0716      88913.9705      1.77215601e-06  -5.77807645    
66676.0716      88913.9705      3.15138854e-06  -10.2750358    
66676.0716      88913.9705      5.60404936e-06  -18.271889     
66676.0716      88913.9705      9.96556558e-06  -32.492538     
66676.0716      88913.9705      1.77215601e-05  -57.7808554    
66676.0716      88913.9705      3.15138854e-05  -102.750644    
66676.0716      88913.9705      5.60404936e-05  -182.719789    
66676.0716      88913.9705      9.96556558e-05  -324.928187    
88913.9705      118568.685      0               6.93191282e-10 
88913.9705      118568.685      1.77215601e-10  -0.00042681637 
88913.9705      118568.685      3.15138854e-10  -0.000758999318
88913.9705      118568.685      5.60404936e-10  -0.00134971345 
88913.9705      118568.685      9.96556558e-10  -0.00240016834 
88913.9705      118568.685      1.77215601e-09  -0.00426817101 
88913.9705      118568.685      3.15138854e-09  -0.00759000282 
88913.9705      118568.685      5.60404936e-09  -0.0134971515  
88913.9705      118568.685      9.96556558e-09  -0.0240017237  
88913.9705      118568.685      1.77215601e-08  -0.042681824   
88913.9705      118568.685      3.15138854e-08  -0.0759003746  
88913.9705      118568.685      5.60404936e-08  -0.134972597   
88913.9705      118568.685      9.96556558e-08  -0.240020641   
88913.9705      118568.685      1.77215601e-07  -0.426828972   
88913.9705      118568.685      3.15138854e-07  -0.759037578   
88913.9705      118568.685      5.60404936e-07  -1.34983241    
88913.9705      118568.685      9.96556558e-07  -2.40054011    
88913.9705      118568.685      1.77215601e-06  -4.26932905    
88913.9705      118568.685      3.15138854e-06  -7.59357664    
88913.9705      118568.685      5.60404936e-06  -13.5079979    
88913.9705      118568.685      9.96556558e-06  -24.0337634    
88913.9705      118568.685      1.77215601e-05  -42.7727026    
88913.9705      118568.685      3.15138854e-05  -76.1442584    
88913.9705      118568.685      5.60404936e-05  -135.584569    
88913.9705      118568.685      9.96556558e-05  -241.450222    
118568.685      158113.883      0               0.000255013912 
118568.685      158113.883      1.77215601e-10  -6.64086276e-05
118568.685      158113.883      3.15138854e-10  -0.000316565172
118568.685      158113.883      5.60404936e-10  -0.000761413405
118568.685      158113.883      9.96556558e-10  -0.00155247786 
118568.685      158113.883      1.77215601e-09  -0.00295921149 
118568.685      158113.883      3.15138854e-09  -0.00546077694 
118568.685      158113.883      5.60404936e-09  -0.00990925927 
118568.685      158113.883      9.96556558e-09  -0.0178199038  
118568.685      158113.883      1.77215601e-08  -0.0318872402  
118568.685      158113.883      3.15138854e-08  -0.0569028949  
118568.685      158113.883      5.60404936e-08  -0.101387719   
118568.685      158113.883      9.96556558e-08  -0.180494167   
118568.685      158113.883      1.77215601e-07  -0.321167537   
118568.685      158113.883      3.15138854e-07  -0.571324105   
118568.685      158113.883      5.60404936e-07  -1.01617241    
118568.685      158113.883      9.96556558e-07  -1.8072371     
118568.685      158113.883      1.77215601e-06  -3.21397148    
118568.685      158113.883      3.15138854e-06  -5.7155393     
118568.685      158113.883      5.60404936e-06  -10.1640291    
118568.685      158113.883      9.96556558e-06  -18.0746973    
118568.685      158113.883      1.77215601e-05  -32.1421079    
118568.685      158113.883      3.15138854e-05  -57.1579953    
118568.685      158113.883      5.60404936e-05  -101.643544    
118568.685      158113.883      9.96556558e-05  -180.752219    
158113.883      210848.252      0               3.87551324e-10 
158113.883      210848.252      1.77215601e-10  -0.000238617153
158113.883      210848.252      3.15138854e-10  -0.000424328274
158113.883      210848.252      5.60404936e-10  -0.00075457454 
158113.883      210848.252      9.96556558e-10  -0.00134184469 
158113.883      210848.252      1.77215601e-09  -0.00238617514 
158113.883      210848.252      3.15138854e-09  -0.00424328661 
158113.883      210848.252      5.60404936e-09  -0.00754575009 
158113.883      210848.252      9.96556558e-09  -0.0134184542  
158113.883      210848.252      1.77215601e-08  -0.0238617669  
158113.883      210848.252      3.15138854e-08  -0.0424329075  
158113.883      210848.252      5.60404936e-08  -0.0754576244  
158113.883      210848.252      9.96556558e-08  -0.134184925   
158113.883      210848.252      1.77215601e-07  -0.238618872   
158113.883      210848.252      3.15138854e-07  -0.424332868   
158113.883      210848.252      5.60404936e-07  -0.754588211   
158113.883      210848.252      9.96556558e-07  -1.34188697    
158113.883      210848.252      1.77215601e-06  -2.3863074     
158113.883      210848.252      3.15138854e-06  -4.24370058    
158113.883      210848.252      5.60404936e-06  -7.5470396     
158113.883      210848.252      9.96556558e-06  -13.4224302    
158113.883      210848.252      1.77215601e-05  -23.8738132    
158113.883      210848.252      3.15138854e-05  -42.4683957    
158113.883      210848.252      5.60404936e-05  -75.5579022    
158113.883      210848.252      9.96556558e-05  -134.452776    
210848.252      281170.663      0               2.10439959e-05 
210848.252      281170.663      1.77215601e-10  -0.00015850164 
210848.252      281170.663      3.15138854e-10  -0.000298238312
210848.252      281170.663      5.60404936e-10  -0.000546729159
210848.252      281170.663      9.96556558e-10  -0.000988615315
210848.252      281170.663      1.77215601e-09  -0.00177441237 
210848.252      281170.663      3.15138854e-09  -0.00317177909 
210848.252      281170.663      5.60404936e-09  -0.00565668755 
210848.252      281170.663      9.96556558e-09  -0.0100755491  
210848.252      281170.663      1.77215601e-08  -0.0179335196  
210848.252      281170.663      3.15138854e-08  -0.0319071868  
210848.252      281170.663      5.60404936e-08  -0.0567562715  
210848.252      281170.663      9.96556558e-08  -0.100944887   
210848.252      281170.663      1.77215601e-07  -0.179524592   
210848.252      281170.663      3.15138854e-07  -0.319261264   
210848.252      281170.663      5.60404936e-07  -0.567752111   
210848.252      281170.663      9.96556558e-07  -1.00963827    
210848.252      281170.663      1.77215601e-06  -1.79543532    
210848.252      281170.663      3.15138854e-06  -3.19280204    
210848.252      281170.663      5.60404936e-06  -5.67771051    
210848.252      281170.663      9.96556558e-06  -10.0965721    
210848.252      281170.663      1.77215601e-05  -17.9545426    
210848.252      281170.663      3.15138854e-05  -31.9282099    
210848.252      281170.663      5.60404936e-05  -56.7772949    
210848.252      281170.663      9.96556558e-05  -100.965911    
281170.663      374947.105      0               0.00044767227  
281170.663      374947.105      1.77215601e-10  0.000314193235 
281170.663      374947.105      3.15138854e-10  0.00021030925  
281170.663      374947.105      5.60404936e-10  2.55744984e-05 
281170.663      374947.105      9.96556558e-10  -0.000302935506
281170.663      374947.105      1.77215601e-09  -0.000887118083
281170.663      374947.105      3.15138854e-09  -0.00192595793 
281170.663      374947.105      5.60404936e-09  -0.00377330545 
281170.663      374947.105      9.96556558e-09  -0.00705840549 
281170.663      374947.105      1.77215601e-08  -0.0129002313  
281170.663      374947.105      3.15138854e-08  -0.0232886298  
281170.663      374947.105      5.60404936e-08  -0.0417621049  
281170.663      374947.105      9.96556558e-08  -0.0746131054  
281170.663      374947.105      1.77215601e-07  -0.133031363   
281170.663      374947.105      3.15138854e-07  -0.236915348   
281170.663      374947.105      5.60404936e-07  -0.4216501     
281170.663      374947.105      9.96556558e-07  -0.750160106   
281170.663      374947.105      1.77215601e-06  -1.33434269    
281170.663      374947.105      3.15138854e-06  -2.37318255    
281170.663      374947.105      5.60404936e-06  -4.22053011    
281170.663      374947.105      9.96556558e-06  -7.50563029    
281170.663      374947.105      1.77215601e-05  -13.3474565    
281170.663      374947.105      3.15138854e-05  -23.7358563    
281170.663      374947.105      5.60404936e-05  -42.2093357    
281170.663      374947.105      9.96556558e-05  -75.0603495    
374947.105      500000          0               1.57562852e-10 
374947.105      500000          1.77215601e-10  -9.7009288e-05 
374947.105      500000          3.15138854e-10  -0.000172509742
374947.105      500000          5.60404936e-10  -0.000306770645
374947.105      500000          9.96556558e-10  -0.000545524044
374947.105      500000          1.77215601e-09  -0.000970094298
374947.105      500000          3.15138854e-09  -0.00172509884 
374947.105      500000          5.60404936e-09  -0.00306770787 
374947.105      500000          9.96556558e-09  -0.00545524186 
374947.105      500000          1.77215601e-08  -0.0097009444  
374947.105      500000          3.15138854e-08  -0.0172509898  
374947.105      500000          5.60404936e-08  -0.0306770802  
374947.105      500000          9.96556558e-08  -0.0545524202  
374947.105      500000          1.77215601e-07  -0.0970094461  
374947.105      500000          3.15138854e-07  -0.172509902   
374947.105      500000          5.60404936e-07  -0.306770809   
374947.105      500000          9.96556558e-07  -0.545524223   
374947.105      500000          1.77215601e-06  -0.970094523   
374947.105      500000          3.15138854e-06  -1.72509921    
374947.105      500000          5.60404936e-06  -3.06770871    
374947.105      500000          9.96556558e-06  -5.45524417    
374947.105      500000          1.77215601e-05  -9.70095136    
374947.105      500000          3.15138854e-05  -17.2510115    
374947.105      500000          5.60404936e-05  -30.6771481    
374947.105      500000          9.96556558e-05  -54.5526338    
