### /nfs/slac/g/ki/ki20/cta/mdwood/fermi/dsph_pipeline/des_dwarfs/v6/p302_6yr_source_psf0123_point_gs_jsigma0.6/results/like_fornax.txt
#[0]emin(MeV) [1]emax(MeV) [2]eflux(MeV/cm^2/s) [3]deltaLogLike
500             666.760716      0               -2.65614886    
500             666.760716      1.77215601e-10  -2.64725434    
500             666.760716      3.15138854e-10  -2.6403449     
500             666.760716      5.60404936e-10  -2.62808605    
500             666.760716      9.96556558e-10  -2.60637488    
500             666.760716      1.77215601e-09  -2.56804521    
500             666.760716      3.15138854e-09  -2.50076025    
500             666.760716      5.60404936e-09  -2.38384634    
500             666.760716      9.96556558e-09  -2.18442204    
500             666.760716      1.77215601e-08  -1.85567937    
500             666.760716      3.15138854e-08  -1.34821518    
500             666.760716      5.60404936e-08  -0.667092276   
500             666.760716      9.96556558e-08  -0.057154485   
500             666.760716      1.77215601e-07  -0.494339765   
500             666.760716      3.15138854e-07  -4.81648926    
500             666.760716      5.60404936e-07  -20.0703641    
500             666.760716      9.96556558e-07  -62.0652357    
500             666.760716      1.77215601e-06  -163.888084    
500             666.760716      3.15138854e-06  -391.545969    
500             666.760716      5.60404936e-06  -872.421343    
500             666.760716      9.96556558e-06  -1846.64762    
500             666.760716      1.77215601e-05  -3759.21211    
500             666.760716      3.15138854e-05  -7424.04884    
500             666.760716      5.60404936e-05  -14315.1628    
500             666.760716      9.96556558e-05  -27082.248     
666.760716      889.139705      0               -0.512652031   
666.760716      889.139705      1.77215601e-10  -0.508030615   
666.760716      889.139705      3.15138854e-10  -0.504450736   
666.760716      889.139705      5.60404936e-10  -0.498121107   
666.760716      889.139705      9.96556558e-10  -0.486979928   
666.760716      889.139705      1.77215601e-09  -0.46752808    
666.760716      889.139705      3.15138854e-09  -0.434063646   
666.760716      889.139705      5.60404936e-09  -0.378046049   
666.760716      889.139705      9.96556558e-09  -0.289097328   
666.760716      889.139705      1.77215601e-08  -0.162730669   
666.760716      889.139705      3.15138854e-08  -0.0293535889  
666.760716      889.139705      5.60404936e-08  -0.040353257   
666.760716      889.139705      9.96556558e-08  -0.687006434   
666.760716      889.139705      1.77215601e-07  -3.29371755    
666.760716      889.139705      3.15138854e-07  -11.0386197    
666.760716      889.139705      5.60404936e-07  -30.9635049    
666.760716      889.139705      9.96556558e-07  -77.8132736    
666.760716      889.139705      1.77215601e-06  -181.180646    
666.760716      889.139705      3.15138854e-06  -398.521152    
666.760716      889.139705      5.60404936e-06  -838.5838      
666.760716      889.139705      9.96556558e-06  -1703.39594    
666.760716      889.139705      1.77215601e-05  -3363.22886    
666.760716      889.139705      3.15138854e-05  -6489.94359    
666.760716      889.139705      5.60404936e-05  -12293.6536    
666.760716      889.139705      9.96556558e-05  -22942.6096    
889.139705      1185.68685      0               0.000814777544 
889.139705      1185.68685      1.77215601e-10  -0.00451296654 
889.139705      1185.68685      3.15138854e-10  -0.00867864032 
889.139705      1185.68685      5.60404936e-10  -0.0161276204  
889.139705      1185.68685      9.96556558e-10  -0.029503207   
889.139705      1185.68685      1.77215601e-09  -0.0536906847  
889.139705      1185.68685      3.15138854e-09  -0.0979379828  
889.139705      1185.68685      5.60404936e-09  -0.180341794   
889.139705      1185.68685      9.96556558e-09  -0.337725016   
889.139705      1185.68685      1.77215601e-08  -0.647747501   
889.139705      1185.68685      3.15138854e-08  -1.27773232    
889.139705      1185.68685      5.60404936e-08  -2.58906533    
889.139705      1185.68685      9.96556558e-08  -5.3538963     
889.139705      1185.68685      1.77215601e-07  -11.1950406    
889.139705      1185.68685      3.15138854e-07  -23.4549098    
889.139705      1185.68685      5.60404936e-07  -48.8614769    
889.139705      1185.68685      9.96556558e-07  -100.658605    
889.139705      1185.68685      1.77215601e-06  -204.400775    
889.139705      1185.68685      3.15138854e-06  -408.4991      
889.139705      1185.68685      5.60404936e-06  -803.147823    
889.139705      1185.68685      9.96556558e-06  -1554.07087    
889.139705      1185.68685      1.77215601e-05  -2962.56471    
889.139705      1185.68685      3.15138854e-05  -5572.22596    
889.139705      1185.68685      5.60404936e-05  -10358.5981    
889.139705      1185.68685      9.96556558e-05  -19066.1525    
1185.68685      1581.13883      0               -0.086852425   
1185.68685      1581.13883      1.77215601e-10  -0.0842904477  
1185.68685      1581.13883      3.15138854e-10  -0.0823268194  
1185.68685      1581.13883      5.60404936e-10  -0.0789000162  
1185.68685      1581.13883      9.96556558e-10  -0.0730099319  
1185.68685      1581.13883      1.77215601e-09  -0.0631686701  
1185.68685      1581.13883      3.15138854e-09  -0.0476090347  
1185.68685      1581.13883      5.60404936e-09  -0.0257615945  
1185.68685      1581.13883      9.96556558e-09  -0.0037660432  
1185.68685      1581.13883      1.77215601e-08  -0.0109077734  
1185.68685      1581.13883      3.15138854e-08  -0.14160732    
1185.68685      1581.13883      5.60404936e-08  -0.650093309   
1185.68685      1581.13883      9.96556558e-08  -2.14705625    
1185.68685      1581.13883      1.77215601e-07  -5.99335324    
1185.68685      1581.13883      3.15138854e-07  -15.0656462    
1185.68685      1581.13883      5.60404936e-07  -35.1821771    
1185.68685      1581.13883      9.96556558e-07  -77.668466     
1185.68685      1581.13883      1.77215601e-06  -163.942645    
1185.68685      1581.13883      3.15138854e-06  -333.762369    
1185.68685      1581.13883      5.60404936e-06  -660.079621    
1185.68685      1581.13883      9.96556558e-06  -1275.67514    
1185.68685      1581.13883      1.77215601e-05  -2420.66228    
1185.68685      1581.13883      3.15138854e-05  -4526.93278    
1185.68685      1581.13883      5.60404936e-05  -8368.10995    
1185.68685      1581.13883      9.96556558e-05  -15325.9135    
1581.13883      2108.48252      0               0.00093235329  
1581.13883      2108.48252      1.77215601e-10  -0.00553639218 
1581.13883      2108.48252      3.15138854e-10  -0.0105797394  
1581.13883      2108.48252      5.60404936e-10  -0.0195673056  
1581.13883      2108.48252      9.96556558e-10  -0.0356097728  
1581.13883      2108.48252      1.77215601e-09  -0.0643260874  
1581.13883      2108.48252      3.15138854e-09  -0.115978396   
1581.13883      2108.48252      5.60404936e-09  -0.209637983   
1581.13883      2108.48252      9.96556558e-09  -0.381654751   
1581.13883      2108.48252      1.77215601e-08  -0.703567009   
1581.13883      2108.48252      3.15138854e-08  -1.32080839    
1581.13883      2108.48252      5.60404936e-08  -2.53555044    
1581.13883      2108.48252      9.96556558e-08  -4.9767998     
1581.13883      2108.48252      1.77215601e-07  -9.93088268    
1581.13883      2108.48252      3.15138854e-07  -19.9560358    
1581.13883      2108.48252      5.60404936e-07  -40.0013244    
1581.13883      2108.48252      9.96556558e-07  -79.4252314    
1581.13883      2108.48252      1.77215601e-06  -155.608738    
1581.13883      2108.48252      3.15138854e-06  -300.400854    
1581.13883      2108.48252      5.60404936e-06  -571.636021    
1581.13883      2108.48252      9.96556558e-06  -1073.69955    
1581.13883      2108.48252      1.77215601e-05  -1994.13165    
1581.13883      2108.48252      3.15138854e-05  -3668.68463    
1581.13883      2108.48252      5.60404936e-05  -6696.98023    
1581.13883      2108.48252      9.96556558e-05  -12148.1868    
2108.48252      2811.70663      0               -2.2902216     
2108.48252      2811.70663      1.77215601e-10  -2.27426232    
2108.48252      2811.70663      3.15138854e-10  -2.26191774    
2108.48252      2811.70663      5.60404936e-10  -2.24012849    
2108.48252      2811.70663      9.96556558e-10  -2.20188782    
2108.48252      2811.70663      1.77215601e-09  -2.13544237    
2108.48252      2811.70663      3.15138854e-09  -2.02197183    
2108.48252      2811.70663      5.60404936e-09  -1.8338393     
2108.48252      2811.70663      9.96556558e-09  -1.53703873    
2108.48252      2811.70663      1.77215601e-08  -1.10631047    
2108.48252      2811.70663      3.15138854e-08  -0.567675522   
2108.48252      2811.70663      5.60404936e-08  -0.0884054453  
2108.48252      2811.70663      9.96556558e-08  -0.140611327   
2108.48252      2811.70663      1.77215601e-07  -1.78437509    
2108.48252      2811.70663      3.15138854e-07  -7.16313432    
2108.48252      2811.70663      5.60404936e-07  -20.3770798    
2108.48252      2811.70663      9.96556558e-07  -49.0181298    
2108.48252      2811.70663      1.77215601e-06  -106.888385    
2108.48252      2811.70663      3.15138854e-06  -218.870487    
2108.48252      2811.70663      5.60404936e-06  -429.68062     
2108.48252      2811.70663      9.96556558e-06  -819.545554    
2108.48252      2811.70663      1.77215601e-05  -1532.14342    
2108.48252      2811.70663      3.15138854e-05  -2824.24698    
2108.48252      2811.70663      5.60404936e-05  -5153.8998     
2108.48252      2811.70663      9.96556558e-05  -9337.17868    
2811.70663      3749.47105      0               -0.467957642   
2811.70663      3749.47105      1.77215601e-10  -0.456774715   
2811.70663      3749.47105      3.15138854e-10  -0.448245653   
2811.70663      3749.47105      5.60404936e-10  -0.433443928   
2811.70663      3749.47105      9.96556558e-10  -0.408226731   
2811.70663      3749.47105      1.77215601e-09  -0.366616749   
2811.70663      3749.47105      3.15138854e-09  -0.301611919   
2811.70663      3749.47105      5.60404936e-09  -0.209135908   
2811.70663      3749.47105      9.96556558e-09  -0.0981333133  
2811.70663      3749.47105      1.77215601e-08  -0.00943154028 
2811.70663      3749.47105      3.15138854e-08  -0.0461258479  
2811.70663      3749.47105      5.60404936e-08  -0.425988721   
2811.70663      3749.47105      9.96556558e-08  -1.58336043    
2811.70663      3749.47105      1.77215601e-07  -4.36613361    
2811.70663      3749.47105      3.15138854e-07  -10.3978594    
2811.70663      3749.47105      5.60404936e-07  -22.7296203    
2811.70663      3749.47105      9.96556558e-07  -47.0118382    
2811.70663      3749.47105      1.77215601e-06  -93.5978699    
2811.70663      3749.47105      3.15138854e-06  -181.299427    
2811.70663      3749.47105      5.60404936e-06  -344.045168    
2811.70663      3749.47105      9.96556558e-06  -642.67229     
2811.70663      3749.47105      1.77215601e-05  -1185.88994    
2811.70663      3749.47105      3.15138854e-05  -2167.63586    
2811.70663      3749.47105      5.60404936e-05  -3933.59141    
2811.70663      3749.47105      9.96556558e-05  -7099.46988    
3749.47105      5000            0               5.90547997e-05 
3749.47105      5000            1.77215601e-10  -0.00649109518 
3749.47105      5000            3.15138854e-10  -0.011590588   
3749.47105      5000            5.60404936e-10  -0.020662461   
3749.47105      5000            9.96556558e-10  -0.0368059711  
3749.47105      5000            1.77215601e-09  -0.0655487839  
3749.47105      5000            3.15138854e-09  -0.116771395   
3749.47105      5000            5.60404936e-09  -0.208199976   
3749.47105      5000            9.96556558e-09  -0.37182502    
3749.47105      5000            1.77215601e-08  -0.665890796   
3749.47105      5000            3.15138854e-08  -1.19766768    
3749.47105      5000            5.60404936e-08  -2.16707973    
3749.47105      5000            9.96556558e-08  -3.94953378    
3749.47105      5000            1.77215601e-07  -7.24903329    
3749.47105      5000            3.15138854e-07  -13.3732813    
3749.47105      5000            5.60404936e-07  -24.7216837    
3749.47105      5000            9.96556558e-07  -45.6532099    
3749.47105      5000            1.77215601e-06  -84.0394394    
3749.47105      5000            3.15138854e-06  -154.048538    
3749.47105      5000            5.60404936e-06  -281.119157    
3749.47105      5000            9.96556558e-06  -510.812015    
3749.47105      5000            1.77215601e-05  -924.534745    
3749.47105      5000            3.15138854e-05  -1667.48718    
3749.47105      5000            5.60404936e-05  -2998.36753    
3749.47105      5000            9.96556558e-05  -5377.78942    
5000            6667.60716      0               1.00699253e-08 
5000            6667.60716      1.77215601e-10  -0.00620009964 
5000            6667.60716      3.15138854e-10  -0.0110257132  
5000            6667.60716      5.60404936e-10  -0.0196074254  
5000            6667.60716      9.96556558e-10  -0.0348694437  
5000            6667.60716      1.77215601e-09  -0.0620137926  
5000            6667.60716      3.15138854e-09  -0.110297309   
5000            6667.60716      5.60404936e-09  -0.1962006     
5000            6667.60716      9.96556558e-09  -0.349090944   
5000            6667.60716      1.77215601e-08  -0.621375993   
5000            6667.60716      3.15138854e-08  -1.10680369    
5000            6667.60716      5.60404936e-08  -1.97367619    
5000            6667.60716      9.96556558e-08  -3.52558999    
5000            6667.60716      1.77215601e-07  -6.3130174     
5000            6667.60716      3.15138854e-07  -11.337666     
5000            6667.60716      5.60404936e-07  -20.4227632    
5000            6667.60716      9.96556558e-07  -36.8762539    
5000            6667.60716      1.77215601e-06  -66.6708821    
5000            6667.60716      3.15138854e-06  -120.538377    
5000            6667.60716      5.60404936e-06  -217.684463    
5000            6667.60716      9.96556558e-06  -392.389857    
5000            6667.60716      1.77215601e-05  -705.756481    
5000            6667.60716      3.15138854e-05  -1266.61742    
5000            6667.60716      5.60404936e-05  -2268.75323    
5000            6667.60716      9.96556558e-05  -4057.10131    
6667.60716      8891.39705      0               -0.241738379   
6667.60716      8891.39705      1.77215601e-10  -0.238723992   
6667.60716      8891.39705      3.15138854e-10  -0.236396074   
6667.60716      8891.39705      5.60404936e-10  -0.232295266   
6667.60716      8891.39705      9.96556558e-10  -0.225124521   
6667.60716      8891.39705      1.77215601e-09  -0.212750345   
6667.60716      8891.39705      3.15138854e-09  -0.191900031   
6667.60716      8891.39705      5.60404936e-09  -0.158268687   
6667.60716      8891.39705      9.96556558e-09  -0.108345657   
6667.60716      8891.39705      1.77215601e-08  -0.046169196   
6667.60716      8891.39705      3.15138854e-08  -0.000856392505
6667.60716      8891.39705      5.60404936e-08  -0.0619041937  
6667.60716      8891.39705      9.96556558e-08  -0.437374885   
6667.60716      8891.39705      1.77215601e-07  -1.54323949    
6667.60716      8891.39705      3.15138854e-07  -4.15303179    
6667.60716      8891.39705      5.60404936e-07  -9.66993166    
6667.60716      8891.39705      9.96556558e-07  -20.6213929    
6667.60716      8891.39705      1.77215601e-06  -41.5477463    
6667.60716      8891.39705      3.15138854e-06  -80.5965522    
6667.60716      8891.39705      5.60404936e-06  -152.36691     
6667.60716      8891.39705      9.96556558e-06  -282.94987     
6667.60716      8891.39705      1.77215601e-05  -518.858468    
6667.60716      8891.39705      3.15138854e-05  -942.893636    
6667.60716      8891.39705      5.60404936e-05  -1702.37406    
6667.60716      8891.39705      9.96556558e-05  -3059.36476    
8891.39705      11856.8685      0               6.16569196e-09 
8891.39705      11856.8685      1.77215601e-10  -0.0037963201  
8891.39705      11856.8685      3.15138854e-10  -0.00675095511 
8891.39705      11856.8685      5.60404936e-10  -0.0120051918  
8891.39705      11856.8685      9.96556558e-10  -0.0213489145  
8891.39705      11856.8685      1.77215601e-09  -0.0379653645  
8891.39705      11856.8685      3.15138854e-09  -0.0675162667  
8891.39705      11856.8685      5.60404936e-09  -0.120073002   
8891.39705      11856.8685      9.96556558e-09  -0.213555509   
8891.39705      11856.8685      1.77215601e-08  -0.379862348   
8891.39705      11856.8685      3.15138854e-08  -0.675816767   
8891.39705      11856.8685      5.60404936e-08  -1.20276684    
8891.39705      11856.8685      9.96556558e-08  -2.14182705    
8891.39705      11856.8685      1.77215601e-07  -3.81758066    
8891.39705      11856.8685      3.15138854e-07  -6.81380237    
8891.39705      11856.8685      5.60404936e-07  -12.1839666    
8891.39705      11856.8685      9.96556558e-07  -21.8320713    
8891.39705      11856.8685      1.77215601e-06  -39.1939912    
8891.39705      11856.8685      3.15138854e-06  -70.4446114    
8891.39705      11856.8685      5.60404936e-06  -126.629569    
8891.39705      11856.8685      9.96556558e-06  -227.438731    
8891.39705      11856.8685      1.77215601e-05  -407.912247    
8891.39705      11856.8685      3.15138854e-05  -730.38597     
8891.39705      11856.8685      5.60404936e-05  -1305.76899    
8891.39705      11856.8685      9.96556558e-05  -2331.40503    
11856.8685      15811.3883      0               4.57941951e-09 
11856.8685      15811.3883      1.77215601e-10  -0.00281963137 
11856.8685      15811.3883      3.15138854e-10  -0.00501411232 
11856.8685      15811.3883      5.60404936e-10  -0.00891654795 
11856.8685      15811.3883      9.96556558e-10  -0.0158562806  
11856.8685      15811.3883      1.77215601e-09  -0.0281974174  
11856.8685      15811.3883      3.15138854e-09  -0.0501445227  
11856.8685      15811.3883      5.60404936e-09  -0.0891761303  
11856.8685      15811.3883      9.96556558e-09  -0.158596341   
11856.8685      15811.3883      1.77215601e-08  -0.282079813   
11856.8685      15811.3883      3.15138854e-08  -0.501777421   
11856.8685      15811.3883      5.60404936e-08  -0.892801896   
11856.8685      15811.3883      9.96556558e-08  -1.58920037    
11856.8685      15811.3883      1.77215601e-07  -2.83074761    
11856.8685      15811.3883      3.15138854e-07  -5.04775689    
11856.8685      15811.3883      5.60404936e-07  -9.01559742    
11856.8685      15811.3883      9.96556558e-07  -16.1363384    
11856.8685      15811.3883      1.77215601e-06  -28.9482196    
11856.8685      15811.3883      3.15138854e-06  -52.035333     
11856.8685      15811.3883      5.60404936e-06  -93.6364564    
11856.8685      15811.3883      9.96556558e-06  -168.487992    
11856.8685      15811.3883      1.77215601e-05  -302.866645    
11856.8685      15811.3883      3.15138854e-05  -543.55659     
11856.8685      15811.3883      5.60404936e-05  -973.800027    
11856.8685      15811.3883      9.96556558e-05  -1741.662      
15811.3883      21084.8252      0               3.55112206e-09 
15811.3883      21084.8252      1.77215601e-10  -0.00218660603 
15811.3883      21084.8252      3.15138854e-10  -0.00388840927 
15811.3883      21084.8252      5.60404936e-10  -0.00691471258 
15811.3883      21084.8252      9.96556558e-10  -0.0122963939  
15811.3883      21084.8252      1.77215601e-09  -0.0218667434  
15811.3883      21084.8252      3.15138854e-09  -0.0388861824  
15811.3883      21084.8252      5.60404936e-09  -0.0691536574  
15811.3883      21084.8252      9.96556558e-09  -0.122984483   
15811.3883      21084.8252      1.77215601e-08  -0.218732096   
15811.3883      21084.8252      3.15138854e-08  -0.389064929   
15811.3883      21084.8252      5.60404936e-08  -0.69217159    
15811.3883      21084.8252      9.96556558e-08  -1.23181372    
15811.3883      21084.8252      1.77215601e-07  -2.19333911    
15811.3883      21084.8252      3.15138854e-07  -3.90861803    
15811.3883      21084.8252      5.60404936e-07  -6.97343753    
15811.3883      21084.8252      9.96556558e-07  -12.459322     
15811.3883      21084.8252      1.77215601e-06  -22.2927891    
15811.3883      21084.8252      3.15138854e-06  -39.9285405    
15811.3883      21084.8252      5.60404936e-06  -71.5417306    
15811.3883      21084.8252      9.96556558e-06  -128.146783    
15811.3883      21084.8252      1.77215601e-05  -229.371552    
15811.3883      21084.8252      3.15138854e-05  -410.176996    
15811.3883      21084.8252      5.60404936e-05  -732.808061    
15811.3883      21084.8252      9.96556558e-05  -1308.03558    
21084.8252      28117.0663      0               -2.77470207    
21084.8252      28117.0663      1.77215601e-10  -2.71018652    
21084.8252      28117.0663      3.15138854e-10  -2.66283934    
21084.8252      28117.0663      5.60404936e-10  -2.58407723    
21084.8252      28117.0663      9.96556558e-10  -2.45845814    
21084.8252      28117.0663      1.77215601e-09  -2.26981897    
21084.8252      28117.0663      3.15138854e-09  -2.0076787     
21084.8252      28117.0663      5.60404936e-09  -1.67424124    
21084.8252      28117.0663      9.96556558e-09  -1.28695591    
21084.8252      28117.0663      1.77215601e-08  -0.876029888   
21084.8252      28117.0663      3.15138854e-08  -0.482489775   
21084.8252      28117.0663      5.60404936e-08  -0.162669906   
21084.8252      28117.0663      9.96556558e-08  -0.00244719094 
21084.8252      28117.0663      1.77215601e-07  -0.145215896   
21084.8252      28117.0663      3.15138854e-07  -0.842616742   
21084.8252      28117.0663      5.60404936e-07  -2.54601805    
21084.8252      28117.0663      9.96556558e-07  -6.07056946    
21084.8252      28117.0663      1.77215601e-06  -12.8851283    
21084.8252      28117.0663      3.15138854e-06  -25.6198657    
21084.8252      28117.0663      5.60404936e-06  -48.959558     
21084.8252      28117.0663      9.96556558e-06  -91.2313272    
21084.8252      28117.0663      1.77215601e-05  -167.238451    
21084.8252      28117.0663      3.15138854e-05  -303.315733    
21084.8252      28117.0663      5.60404936e-05  -546.336176    
21084.8252      28117.0663      9.96556558e-05  -979.739219    
28117.0663      37494.7105      0               2.16977014e-09 
28117.0663      37494.7105      1.77215601e-10  -0.00133596049 
28117.0663      37494.7105      3.15138854e-10  -0.00237571288 
28117.0663      37494.7105      5.60404936e-10  -0.00422468352 
28117.0663      37494.7105      9.96556558e-10  -0.0075126711  
28117.0663      37494.7105      1.77215601e-09  -0.0133596354  
28117.0663      37494.7105      3.15138854e-09  -0.023757183   
28117.0663      37494.7105      5.60404936e-09  -0.0422469645  
28117.0663      37494.7105      9.96556558e-09  -0.0751270773  
28117.0663      37494.7105      1.77215601e-08  -0.133597469   
28117.0663      37494.7105      3.15138854e-08  -0.237575313   
28117.0663      37494.7105      5.60404936e-08  -0.422480598   
28117.0663      37494.7105      9.96556558e-08  -0.751305271   
28117.0663      37494.7105      1.77215601e-07  -1.3360832     
28117.0663      37494.7105      3.15138854e-07  -2.37609325    
28117.0663      37494.7105      5.60404936e-07  -4.22586514    
28117.0663      37494.7105      9.96556558e-07  -7.51631401    
28117.0663      37494.7105      1.77215601e-06  -13.3706854    
28117.0663      37494.7105      3.15138854e-06  -23.7898077    
28117.0663      37494.7105      5.60404936e-06  -42.3394464    
28117.0663      37494.7105      9.96556558e-06  -75.3750929    
28117.0663      37494.7105      1.77215601e-05  -134.219421    
28117.0663      37494.7105      3.15138854e-05  -239.027723    
28117.0663      37494.7105      5.60404936e-05  -425.653366    
28117.0663      37494.7105      9.96556558e-05  -757.856837    
37494.7105      50000           0               1.65283609e-09 
37494.7105      50000           1.77215601e-10  -0.00101766282 
37494.7105      50000           3.15138854e-10  -0.00180969013 
37494.7105      50000           5.60404936e-10  -0.00321813601 
37494.7105      50000           9.96556558e-10  -0.00572274638 
37494.7105      50000           1.77215601e-09  -0.0101766436  
37494.7105      50000           3.15138854e-09  -0.0180969181  
37494.7105      50000           5.60404936e-09  -0.0321813811  
37494.7105      50000           9.96556558e-09  -0.0572274982  
37494.7105      50000           1.77215601e-08  -0.101766513   
37494.7105      50000           3.15138854e-08  -0.180969391   
37494.7105      50000           5.60404936e-08  -0.321814443   
37494.7105      50000           9.96556558e-08  -0.572276947   
37494.7105      50000           1.77215601e-07  -1.01767131    
37494.7105      50000           3.15138854e-07  -1.80971338    
37494.7105      50000           5.60404936e-07  -3.21820582    
37494.7105      50000           9.96556558e-07  -5.72296269    
37494.7105      50000           1.77215601e-06  -10.1773191    
37494.7105      50000           3.15138854e-06  -18.0990234    
37494.7105      50000           5.60404936e-06  -32.1878885    
37494.7105      50000           9.96556558e-06  -57.2473073    
37494.7105      50000           1.77215601e-05  -101.825347    
37494.7105      50000           3.15138854e-05  -181.137867    
37494.7105      50000           5.60404936e-05  -322.273771    
37494.7105      50000           9.96556558e-05  -573.457578    
50000           66676.0716      0               1.24811095e-09 
50000           66676.0716      1.77215601e-10  -0.000768475791
50000           66676.0716      3.15138854e-10  -0.00136656565 
50000           66676.0716      5.60404936e-10  -0.00243013653 
50000           66676.0716      9.96556558e-10  -0.00432146272 
50000           66676.0716      1.77215601e-09  -0.00768476915 
50000           66676.0716      3.15138854e-09  -0.0136656677  
50000           66676.0716      5.60404936e-09  -0.0243013765  
50000           66676.0716      9.96556558e-09  -0.0432146385  
50000           66676.0716      1.77215601e-08  -0.0768477029  
50000           66676.0716      3.15138854e-08  -0.136656689   
50000           66676.0716      5.60404936e-08  -0.243013778   
50000           66676.0716      9.96556558e-08  -0.432146402   
50000           66676.0716      1.77215601e-07  -0.76847706    
50000           66676.0716      3.15138854e-07  -1.36656696    
50000           66676.0716      5.60404936e-07  -2.43013799    
50000           66676.0716      9.96556558e-07  -4.32146465    
50000           66676.0716      1.77215601e-06  -7.68477255    
50000           66676.0716      3.15138854e-06  -13.6656758    
50000           66676.0716      5.60404936e-06  -24.3013992    
50000           66676.0716      9.96556558e-06  -43.2147074    
50000           66676.0716      1.77215601e-05  -76.8479168    
50000           66676.0716      3.15138854e-05  -136.657356    
50000           66676.0716      5.60404936e-05  -243.015851    
50000           66676.0716      9.96556558e-05  -432.152768    
66676.0716      88913.9705      0               9.31208888e-10 
66676.0716      88913.9705      1.77215601e-10  -0.000573362465
66676.0716      88913.9705      3.15138854e-10  -0.00101959939 
66676.0716      88913.9705      5.60404936e-10  -0.00181313333 
66676.0716      88913.9705      9.96556558e-10  -0.00322425839 
66676.0716      88913.9705      1.77215601e-09  -0.00573363304 
66676.0716      88913.9705      3.15138854e-09  -0.0101960023  
66676.0716      88913.9705      5.60404936e-09  -0.0181313417  
66676.0716      88913.9705      9.96556558e-09  -0.0322425923  
66676.0716      88913.9705      1.77215601e-08  -0.0573363388  
66676.0716      88913.9705      3.15138854e-08  -0.101960032   
66676.0716      88913.9705      5.60404936e-08  -0.181313426   
66676.0716      88913.9705      9.96556558e-08  -0.322425934   
66676.0716      88913.9705      1.77215601e-07  -0.573363405   
66676.0716      88913.9705      3.15138854e-07  -1.01960035    
66676.0716      88913.9705      5.60404936e-07  -1.81313436    
66676.0716      88913.9705      9.96556558e-07  -3.22425962    
66676.0716      88913.9705      1.77215601e-06  -5.73363492    
66676.0716      88913.9705      3.15138854e-06  -10.1960063    
66676.0716      88913.9705      5.60404936e-06  -18.1313522    
66676.0716      88913.9705      9.96556558e-06  -32.2426234    
66676.0716      88913.9705      1.77215601e-05  -57.3364348    
66676.0716      88913.9705      3.15138854e-05  -101.960331    
66676.0716      88913.9705      5.60404936e-05  -181.314362    
66676.0716      88913.9705      9.96556558e-05  -322.428843    
88913.9705      118568.685      0               6.92935487e-10 
88913.9705      118568.685      1.77215601e-10  -0.000426647199
88913.9705      118568.685      3.15138854e-10  -0.000758698471
88913.9705      118568.685      5.60404936e-10  -0.00134917842 
88913.9705      118568.685      9.96556558e-10  -0.00239921676 
88913.9705      118568.685      1.77215601e-09  -0.00426647836 
88913.9705      118568.685      3.15138854e-09  -0.00758699137 
88913.9705      118568.685      5.60404936e-09  -0.0134917917  
88913.9705      118568.685      9.96556558e-09  -0.023992178   
88913.9705      118568.685      1.77215601e-08  -0.042664803   
88913.9705      118568.685      3.15138854e-08  -0.0758699614  
88913.9705      118568.685      5.60404936e-08  -0.134918055   
88913.9705      118568.685      9.96556558e-08  -0.239922201   
88913.9705      118568.685      1.77215601e-07  -0.426649348   
88913.9705      118568.685      3.15138854e-07  -0.758703766   
88913.9705      118568.685      5.60404936e-07  -1.34919364    
88913.9705      118568.685      9.96556558e-07  -2.39926327    
88913.9705      118568.685      1.77215601e-06  -4.26662325    
88913.9705      118568.685      3.15138854e-06  -7.58744411    
88913.9705      118568.685      5.60404936e-06  -13.4932003    
88913.9705      118568.685      9.96556558e-06  -23.9965149    
88913.9705      118568.685      1.77215601e-05  -42.6779141    
88913.9705      118568.685      3.15138854e-05  -75.9084557    
88913.9705      118568.685      5.60404936e-05  -135.026293    
88913.9705      118568.685      9.96556558e-05  -240.20943     
118568.685      158113.883      0               5.17516696e-10 
118568.685      158113.883      1.77215601e-10  -0.000318638595
118568.685      158113.883      3.15138854e-10  -0.000566628856
118568.685      158113.883      5.60404936e-10  -0.00100762483 
118568.685      158113.883      9.96556558e-10  -0.00179183889 
118568.685      158113.883      1.77215601e-09  -0.00318639061 
118568.685      158113.883      3.15138854e-09  -0.00566629322 
118568.685      158113.883      5.60404936e-09  -0.010076253   
118568.685      158113.883      9.96556558e-09  -0.0179183936  
118568.685      158113.883      1.77215601e-08  -0.0318639108  
118568.685      158113.883      3.15138854e-08  -0.0566629371  
118568.685      158113.883      5.60404936e-08  -0.100762535   
118568.685      158113.883      9.96556558e-08  -0.179183943   
118568.685      158113.883      1.77215601e-07  -0.318639121   
118568.685      158113.883      3.15138854e-07  -0.566629401   
118568.685      158113.883      5.60404936e-07  -1.00762544    
118568.685      158113.883      9.96556558e-07  -1.79183969    
118568.685      158113.883      1.77215601e-06  -3.18639202    
118568.685      158113.883      3.15138854e-06  -5.66629655    
118568.685      158113.883      5.60404936e-06  -10.0762624    
118568.685      158113.883      9.96556558e-06  -17.9184222    
118568.685      158113.883      1.77215601e-05  -31.8639998    
118568.685      158113.883      3.15138854e-05  -56.663216     
118568.685      158113.883      5.60404936e-05  -100.763408    
118568.685      158113.883      9.96556558e-05  -179.186659    
158113.883      210848.252      0               6.44662459e-06 
158113.883      210848.252      1.77215601e-10  -0.000231884666
158113.883      210848.252      3.15138854e-10  -0.000417373002
158113.883      210848.252      5.60404936e-10  -0.000747223091
158113.883      210848.252      9.96556558e-10  -0.00133378871 
158113.883      210848.252      1.77215601e-09  -0.00237686628 
158113.883      210848.252      3.15138854e-09  -0.00423174964 
158113.883      210848.252      5.60404936e-09  -0.00753025053 
158113.883      210848.252      9.96556558e-09  -0.0133959067  
158113.883      210848.252      1.77215601e-08  -0.0238266824  
158113.883      210848.252      3.15138854e-08  -0.042375516   
158113.883      210848.252      5.60404936e-08  -0.0753605249  
158113.883      210848.252      9.96556558e-08  -0.134017087   
158113.883      210848.252      1.77215601e-07  -0.238324844   
158113.883      210848.252      3.15138854e-07  -0.42381318    
158113.883      210848.252      5.60404936e-07  -0.753663269   
158113.883      210848.252      9.96556558e-07  -1.34022889    
158113.883      210848.252      1.77215601e-06  -2.38330646    
158113.883      210848.252      3.15138854e-06  -4.23818982    
158113.883      210848.252      5.60404936e-06  -7.53669071    
158113.883      210848.252      9.96556558e-06  -13.4023469    
158113.883      210848.252      1.77215601e-05  -23.8331227    
158113.883      210848.252      3.15138854e-05  -42.3819564    
158113.883      210848.252      5.60404936e-05  -75.3669657    
158113.883      210848.252      9.96556558e-05  -134.023529    
210848.252      281170.663      0               0.000643733505 
210848.252      281170.663      1.77215601e-10  0.000466120042 
210848.252      281170.663      3.15138854e-10  0.000327887141 
210848.252      281170.663      5.60404936e-10  8.2070419e-05  
210848.252      281170.663      9.96556558e-10  -0.000355060397
210848.252      281170.663      1.77215601e-09  -0.00113240113 
210848.252      281170.663      3.15138854e-09  -0.00251473015 
210848.252      281170.663      5.60404936e-09  -0.00497289741 
210848.252      281170.663      9.96556558e-09  -0.00934420569 
210848.252      281170.663      1.77215601e-08  -0.0171176134  
210848.252      281170.663      3.15138854e-08  -0.0309409049  
210848.252      281170.663      5.60404936e-08  -0.0555225814  
210848.252      281170.663      9.96556558e-08  -0.0992356767  
210848.252      281170.663      1.77215601e-07  -0.176969793   
210848.252      281170.663      3.15138854e-07  -0.315202832   
210848.252      281170.663      5.60404936e-07  -0.56101999    
210848.252      281170.663      9.96556558e-07  -0.998152185   
210848.252      281170.663      1.77215601e-06  -1.77549727    
210848.252      281170.663      3.15138854e-06  -3.15784003    
210848.252      281170.663      5.60404936e-06  -5.61605056    
210848.252      281170.663      9.96556558e-06  -9.98749474    
210848.252      281170.663      1.77215601e-05  -17.761327     
210848.252      281170.663      3.15138854e-05  -31.5859326    
210848.252      281170.663      5.60404936e-05  -56.1716147    
210848.252      281170.663      9.96556558e-05  -99.896614     
281170.663      374947.105      0               0.000240807001 
281170.663      374947.105      1.77215601e-10  0.000108582064 
281170.663      374947.105      3.15138854e-10  5.67411845e-06 
281170.663      374947.105      5.60404936e-10  -0.000177324962
281170.663      374947.105      9.96556558e-10  -0.00050274846 
281170.663      374947.105      1.77215601e-09  -0.00108144237 
281170.663      374947.105      3.15138854e-09  -0.00211052182 
281170.663      374947.105      5.60404936e-09  -0.00394051263 
281170.663      374947.105      9.96556558e-09  -0.00719474761 
281170.663      374947.105      1.77215601e-08  -0.0129816867  
281170.663      374947.105      3.15138854e-08  -0.0232724812  
281170.663      374947.105      5.60404936e-08  -0.0415723894  
281170.663      374947.105      9.96556558e-08  -0.0741147393  
281170.663      374947.105      1.77215601e-07  -0.13198413    
281170.663      374947.105      3.15138854e-07  -0.234892078   
281170.663      374947.105      5.60404936e-07  -0.417891165   
281170.663      374947.105      9.96556558e-07  -0.743314683   
281170.663      374947.105      1.77215601e-06  -1.32200865    
281170.663      374947.105      3.15138854e-06  -2.35108831    
281170.663      374947.105      5.60404936e-06  -4.18107975    
281170.663      374947.105      9.96556558e-06  -7.43531671    
281170.663      374947.105      1.77215601e-05  -13.2222621    
281170.663      374947.105      3.15138854e-05  -23.5130765    
281170.663      374947.105      5.60404936e-05  -41.813047     
281170.663      374947.105      9.96556558e-05  -74.3555927    
374947.105      500000          0               1.56092028e-10 
374947.105      500000          1.77215601e-10  -9.61113564e-05
374947.105      500000          3.15138854e-10  -0.000170912968
374947.105      500000          5.60404936e-10  -0.000303931133
374947.105      500000          9.96556558e-10  -0.000540474597
374947.105      500000          1.77215601e-09  -0.000961114969
374947.105      500000          3.15138854e-09  -0.00170913108 
374947.105      500000          5.60404936e-09  -0.00303931273 
374947.105      500000          9.96556558e-09  -0.00540474738 
374947.105      500000          1.77215601e-08  -0.0096111511  
374947.105      500000          3.15138854e-08  -0.0170913122  
374947.105      500000          5.60404936e-08  -0.0303931288  
374947.105      500000          9.96556558e-08  -0.0540474753  
374947.105      500000          1.77215601e-07  -0.0961115128  
374947.105      500000          3.15138854e-07  -0.170913125   
374947.105      500000          5.60404936e-07  -0.303931293   
374947.105      500000          9.96556558e-07  -0.540474768   
374947.105      500000          1.77215601e-06  -0.961115172   
374947.105      500000          3.15138854e-06  -1.70913139    
374947.105      500000          5.60404936e-06  -3.03931336    
374947.105      500000          9.96556558e-06  -5.40474901    
374947.105      500000          1.77215601e-05  -9.61115593    
374947.105      500000          3.15138854e-05  -17.0913272    
374947.105      500000          5.60404936e-05  -30.3931755    
374947.105      500000          9.96556558e-05  -54.0476222    
