### /nfs/slac/g/ki/ki20/cta/mdwood/fermi/dsph_pipeline/des_dwarfs/v6/p302_6yr_source_psf0123_point_gs_jsigma0.6/results/like_sextans.txt
#[0]emin(MeV) [1]emax(MeV) [2]eflux(MeV/cm^2/s) [3]deltaLogLike
500             666.760716      0               0.00270896581  
500             666.760716      1.77215601e-10  -0.00146526127 
500             666.760716      3.15138854e-10  -0.00471814941 
500             666.760716      5.60404936e-10  -0.0105117098  
500             666.760716      9.96556558e-10  -0.0208427588  
500             666.760716      1.77215601e-09  -0.0393041289  
500             666.760716      3.15138854e-09  -0.0724168028  
500             666.760716      5.60404936e-09  -0.132190277   
500             666.760716      9.96556558e-09  -0.241267096   
500             666.760716      1.77215601e-08  -0.443867505   
500             666.760716      3.15138854e-08  -0.830551808   
500             666.760716      5.60404936e-08  -1.59718264    
500             666.760716      9.96556558e-08  -3.18896318    
500             666.760716      1.77215601e-07  -6.64975315    
500             666.760716      3.15138854e-07  -14.4385387    
500             666.760716      5.60404936e-07  -32.2362965    
500             666.760716      9.96556558e-07  -72.7217504    
500             666.760716      1.77215601e-06  -163.080145    
500             666.760716      3.15138854e-06  -359.348558    
500             666.760716      5.60404936e-06  -772.977589    
500             666.760716      9.96556558e-06  -1619.02103    
500             666.760716      1.77215601e-05  -3302.62365    
500             666.760716      3.15138854e-05  -6573.23721    
500             666.760716      5.60404936e-05  -12798.3674    
500             666.760716      9.96556558e-05  -24448.4655    
666.760716      889.139705      0               0.00742158224  
666.760716      889.139705      1.77215601e-10  0.00621510368  
666.760716      889.139705      3.15138854e-10  0.0052684694   
666.760716      889.139705      5.60404936e-10  0.00356856395  
666.760716      889.139705      9.96556558e-10  0.00049354251  
666.760716      889.139705      1.77215601e-09  -0.00513870987 
666.760716      889.139705      3.15138854e-09  -0.0156686511  
666.760716      889.139705      5.60404936e-09  -0.0359958185  
666.760716      889.139705      9.96556558e-09  -0.0770796418  
666.760716      889.139705      1.77215601e-08  -0.165076115   
666.760716      889.139705      3.15138854e-08  -0.36548524    
666.760716      889.139705      5.60404936e-08  -0.845724377   
666.760716      889.139705      9.96556558e-08  -2.03003684    
666.760716      889.139705      1.77215601e-07  -4.96139344    
666.760716      889.139705      3.15138854e-07  -12.1007415    
666.760716      889.139705      5.60404936e-07  -29.0059916    
666.760716      889.139705      9.96556558e-07  -67.7023309    
666.760716      889.139705      1.77215601e-06  -153.185198    
666.760716      889.139705      3.15138854e-06  -335.562815    
666.760716      889.139705      5.60404936e-06  -712.149846    
666.760716      889.139705      9.96556558e-06  -1467.04593    
666.760716      889.139705      1.77215601e-05  -2941.68116    
666.760716      889.139705      3.15138854e-05  -5760.46189    
666.760716      889.139705      5.60404936e-05  -11054.2414    
666.760716      889.139705      9.96556558e-05  -20857.1537    
889.139705      1185.68685      0               -0.635970851   
889.139705      1185.68685      1.77215601e-10  -0.631378662   
889.139705      1185.68685      3.15138854e-10  -0.627818835   
889.139705      1185.68685      5.60404936e-10  -0.621519044   
889.139705      1185.68685      9.96556558e-10  -0.610412554   
889.139705      1185.68685      1.77215601e-09  -0.590964467   
889.139705      1185.68685      3.15138854e-09  -0.557324539   
889.139705      1185.68685      5.60404936e-09  -0.500424339   
889.139705      1185.68685      9.96556558e-09  -0.40813339    
889.139705      1185.68685      1.77215601e-08  -0.270393187   
889.139705      1185.68685      3.15138854e-08  -0.100576179   
889.139705      1185.68685      5.60404936e-08  -0.00041777663 
889.139705      1185.68685      9.96556558e-08  -0.325488296   
889.139705      1185.68685      1.77215601e-07  -2.05760429    
889.139705      1185.68685      3.15138854e-07  -7.57790946    
889.139705      1185.68685      5.60404936e-07  -22.1953506    
889.139705      1185.68685      9.96556558e-07  -57.0626259    
889.139705      1185.68685      1.77215601e-06  -134.586652    
889.139705      1185.68685      3.15138854e-06  -298.308345    
889.139705      1185.68685      5.60404936e-06  -630.782368    
889.139705      1185.68685      9.96556558e-06  -1285.64115    
889.139705      1185.68685      1.77215601e-05  -2544.66359    
889.139705      1185.68685      3.15138854e-05  -4919.0984     
889.139705      1185.68685      5.60404936e-05  -9329.68571    
889.139705      1185.68685      9.96556558e-05  -17426.6463    
1185.68685      1581.13883      0               -0.00289252168 
1185.68685      1581.13883      1.77215601e-10  -0.00246549423 
1185.68685      1581.13883      3.15138854e-10  -0.00215009059 
1185.68685      1581.13883      5.60404936e-10  -0.00162569712 
1185.68685      1581.13883      9.96556558e-10  -0.000807844719
1185.68685      1581.13883      1.77215601e-09  0.000287804438 
1185.68685      1581.13883      3.15138854e-09  0.00112304904  
1185.68685      1581.13883      5.60404936e-09  -0.000797752684
1185.68685      1581.13883      9.96556558e-09  -0.01439448    
1185.68685      1581.13883      1.77215601e-08  -0.0678782782  
1185.68685      1581.13883      3.15138854e-08  -0.242666345   
1185.68685      1581.13883      5.60404936e-08  -0.753773044   
1185.68685      1581.13883      9.96556558e-08  -2.12033363    
1185.68685      1581.13883      1.77215601e-07  -5.49853965    
1185.68685      1581.13883      3.15138854e-07  -13.3156855    
1185.68685      1581.13883      5.60404936e-07  -30.4926349    
1185.68685      1581.13883      9.96556558e-07  -66.7946588    
1185.68685      1581.13883      1.77215601e-06  -141.230699    
1185.68685      1581.13883      3.15138854e-06  -290.054809    
1185.68685      1581.13883      5.60404936e-06  -581.065836    
1185.68685      1581.13883      9.96556558e-06  -1138.97718    
1185.68685      1581.13883      1.77215601e-05  -2190.4287     
1185.68685      1581.13883      3.15138854e-05  -4144.04859    
1185.68685      1581.13883      5.60404936e-05  -7733.01263    
1185.68685      1581.13883      9.96556558e-05  -14268.7672    
1581.13883      2108.48252      0               -0.697613417   
1581.13883      2108.48252      1.77215601e-10  -0.689478551   
1581.13883      2108.48252      3.15138854e-10  -0.68320041    
1581.13883      2108.48252      5.60404936e-10  -0.672149533   
1581.13883      2108.48252      9.96556558e-10  -0.652850685   
1581.13883      2108.48252      1.77215601e-09  -0.619615253   
1581.13883      2108.48252      3.15138854e-09  -0.56377137    
1581.13883      2108.48252      5.60404936e-09  -0.473931913   
1581.13883      2108.48252      9.96556558e-09  -0.340252244   
1581.13883      2108.48252      1.77215601e-08  -0.169138707   
1581.13883      2108.48252      3.15138854e-08  -0.0193790049  
1581.13883      2108.48252      5.60404936e-08  -0.0758481598  
1581.13883      2108.48252      9.96556558e-08  -0.788925894   
1581.13883      2108.48252      1.77215601e-07  -3.14066208    
1581.13883      2108.48252      3.15138854e-07  -9.1631607     
1581.13883      2108.48252      5.60404936e-07  -22.9372806    
1581.13883      2108.48252      9.96556558e-07  -52.4652308    
1581.13883      2108.48252      1.77215601e-06  -113.096943    
1581.13883      2108.48252      3.15138854e-06  -233.703762    
1581.13883      2108.48252      5.60404936e-06  -467.72078     
1581.13883      2108.48252      9.96556558e-06  -912.823935    
1581.13883      2108.48252      1.77215601e-05  -1745.91329    
1581.13883      2108.48252      3.15138854e-05  -3285.25461    
1581.13883      2108.48252      5.60404936e-05  -6100.87403    
1581.13883      2108.48252      9.96556558e-05  -11210.7547    
2108.48252      2811.70663      0               5.31195219e-05 
2108.48252      2811.70663      1.77215601e-10  -0.00584978079 
2108.48252      2811.70663      3.15138854e-10  -0.010460739   
2108.48252      2811.70663      5.60404936e-10  -0.0186964034  
2108.48252      2811.70663      9.96556558e-10  -0.0334542752  
2108.48252      2811.70663      1.77215601e-09  -0.0600452599  
2108.48252      2811.70663      3.15138854e-09  -0.108384266   
2108.48252      2811.70663      5.60404936e-09  -0.197440238   
2108.48252      2811.70663      9.96556558e-09  -0.364476511   
2108.48252      2811.70663      1.77215601e-08  -0.684075074   
2108.48252      2811.70663      3.15138854e-08  -1.30551744    
2108.48252      2811.70663      5.60404936e-08  -2.52161448    
2108.48252      2811.70663      9.96556558e-08  -4.89097634    
2108.48252      2811.70663      1.77215601e-07  -9.45935408    
2108.48252      2811.70663      3.15138854e-07  -18.172855     
2108.48252      2811.70663      5.60404936e-07  -34.6508075    
2108.48252      2811.70663      9.96556558e-07  -65.6111519    
2108.48252      2811.70663      1.77215601e-06  -123.465259    
2108.48252      2811.70663      3.15138854e-06  -230.993479    
2108.48252      2811.70663      5.60404936e-06  -429.711734    
2108.48252      2811.70663      9.96556558e-06  -794.788742    
2108.48252      2811.70663      1.77215601e-05  -1461.58134    
2108.48252      2811.70663      3.15138854e-05  -2672.77269    
2108.48252      2811.70663      5.60404936e-05  -4862.13271    
2108.48252      2811.70663      9.96556558e-05  -8803.49471    
2811.70663      3749.47105      0               1.42135832e-08 
2811.70663      3749.47105      1.77215601e-10  -0.00875127211 
2811.70663      3749.47105      3.15138854e-10  -0.0155626712  
2811.70663      3749.47105      5.60404936e-10  -0.0276762211  
2811.70663      3749.47105      9.96556558e-10  -0.049220591   
2811.70663      3749.47105      1.77215601e-09  -0.087542267   
2811.70663      3749.47105      3.15138854e-09  -0.15571971    
2811.70663      3749.47105      5.60404936e-09  -0.277055135   
2811.70663      3749.47105      9.96556558e-09  -0.493127023   
2811.70663      3749.47105      1.77215601e-08  -0.878308032   
2811.70663      3749.47105      3.15138854e-08  -1.56617293    
2811.70663      3749.47105      5.60404936e-08  -2.79814471    
2811.70663      3749.47105      9.96556558e-08  -5.01446318    
2811.70663      3749.47105      1.77215601e-07  -9.02641262    
2811.70663      3749.47105      3.15138854e-07  -16.3428398    
2811.70663      3749.47105      5.60404936e-07  -29.780109     
2811.70663      3749.47105      9.96556558e-07  -54.5738479    
2811.70663      3749.47105      1.77215601e-06  -100.365608    
2811.70663      3749.47105      3.15138854e-06  -184.728687    
2811.70663      3749.47105      5.60404936e-06  -339.434933    
2811.70663      3749.47105      9.96556558e-06  -621.613897    
2811.70663      3749.47105      1.77215601e-05  -1133.61511    
2811.70663      3749.47105      3.15138854e-05  -2058.33817    
2811.70663      3749.47105      5.60404936e-05  -3722.08436    
2811.70663      3749.47105      9.96556558e-05  -6706.38109    
3749.47105      5000            0               0.00056347353  
3749.47105      5000            1.77215601e-10  -0.00464620613 
3749.47105      5000            3.15138854e-10  -0.00870319382 
3749.47105      5000            5.60404936e-10  -0.0159228254  
3749.47105      5000            9.96556558e-10  -0.0287776243  
3749.47105      5000            1.77215601e-09  -0.051688052   
3749.47105      5000            3.15138854e-09  -0.0925879013  
3749.47105      5000            5.60404936e-09  -0.165807159   
3749.47105      5000            9.96556558e-09  -0.297480631   
3749.47105      5000            1.77215601e-08  -0.535907666   
3749.47105      5000            3.15138854e-08  -0.971680105   
3749.47105      5000            5.60404936e-08  -1.77660881    
3749.47105      5000            9.96556558e-08  -3.27691645    
3749.47105      5000            1.77215601e-07  -6.08625683    
3749.47105      5000            3.15138854e-07  -11.3453748    
3749.47105      5000            5.60404936e-07  -21.1615351    
3749.47105      5000            9.96556558e-07  -39.4202117    
3749.47105      5000            1.77215601e-06  -73.2615694    
3749.47105      5000            3.15138854e-06  -135.719962    
3749.47105      5000            5.60404936e-06  -250.412306    
3749.47105      5000            9.96556558e-06  -459.864819    
3749.47105      5000            1.77215601e-05  -840.304957    
3749.47105      5000            3.15138854e-05  -1527.93994    
3749.47105      5000            5.60404936e-05  -2765.66702    
3749.47105      5000            9.96556558e-05  -4986.14275    
5000            6667.60716      0               2.48427959e-05 
5000            6667.60716      1.77215601e-10  -0.00273325881 
5000            6667.60716      3.15138854e-10  -0.0048841815  
5000            6667.60716      5.60404936e-10  -0.00871847961 
5000            6667.60716      9.96556558e-10  -0.0155663051  
5000            6667.60716      1.77215601e-09  -0.0278353404  
5000            6667.60716      3.15138854e-09  -0.0499365308  
5000            6667.60716      5.60404936e-09  -0.0900999771  
5000            6667.60716      9.96556558e-09  -0.164065842   
5000            6667.60716      1.77215601e-08  -0.30277043    
5000            6667.60716      3.15138854e-08  -0.568257112   
5000            6667.60716      5.60404936e-08  -1.08510044    
5000            6667.60716      9.96556558e-08  -2.09809586    
5000            6667.60716      1.77215601e-07  -4.07288921    
5000            6667.60716      3.15138854e-07  -7.87363236    
5000            6667.60716      5.60404936e-07  -15.0898034    
5000            6667.60716      9.96556558e-07  -28.6435715    
5000            6667.60716      1.77215601e-06  -53.8987296    
5000            6667.60716      3.15138854e-06  -100.649215    
5000            6667.60716      5.60404936e-06  -186.649978    
5000            6667.60716      9.96556558e-06  -343.859057    
5000            6667.60716      1.77215601e-05  -629.466867    
5000            6667.60716      3.15138854e-05  -1145.43779    
5000            6667.60716      5.60404936e-05  -2073.25615    
5000            6667.60716      9.96556558e-05  -3735.80366    
6667.60716      8891.39705      0               7.03380465e-09 
6667.60716      8891.39705      1.77215601e-10  -0.00433079235 
6667.60716      8891.39705      3.15138854e-10  -0.00770144853 
6667.60716      8891.39705      5.60404936e-10  -0.013695599   
6667.60716      8891.39705      9.96556558e-10  -0.0243554482  
6667.60716      8891.39705      1.77215601e-09  -0.0433134545  
6667.60716      8891.39705      3.15138854e-09  -0.0770318155  
6667.60716      8891.39705      5.60404936e-09  -0.137010523   
6667.60716      8891.39705      9.96556558e-09  -0.243726057   
6667.60716      8891.39705      1.77215601e-08  -0.433672881   
6667.60716      8891.39705      3.15138854e-08  -0.771997928   
6667.60716      8891.39705      5.60404936e-08  -1.37529608    
6667.60716      8891.39705      9.96556558e-08  -2.4530438     
6667.60716      8891.39705      1.77215601e-07  -4.38349896    
6667.60716      8891.39705      3.15138854e-07  -7.85336258    
6667.60716      8891.39705      5.60404936e-07  -14.1140246    
6667.60716      8891.39705      9.96556558e-07  -25.4471509    
6667.60716      8891.39705      1.77215601e-06  -46.0018439    
6667.60716      8891.39705      3.15138854e-06  -83.2893565    
6667.60716      8891.39705      5.60404936e-06  -150.83994     
6667.60716      8891.39705      9.96556558e-06  -272.916641    
6667.60716      8891.39705      1.77215601e-05  -492.882691    
6667.60716      8891.39705      3.15138854e-05  -888.064471    
6667.60716      8891.39705      5.60404936e-05  -1596.1613     
6667.60716      8891.39705      9.96556558e-05  -2862.19941    
8891.39705      11856.8685      0               5.71685632e-09 
8891.39705      11856.8685      1.77215601e-10  -0.0035198842  
8891.39705      11856.8685      3.15138854e-10  -0.00625938388 
8891.39705      11856.8685      5.60404936e-10  -0.0111310702  
8891.39705      11856.8685      9.96556558e-10  -0.0197945754  
8891.39705      11856.8685      1.77215601e-09  -0.035201611   
8891.39705      11856.8685      3.15138854e-09  -0.0626024748  
8891.39705      11856.8685      5.60404936e-09  -0.111337849   
8891.39705      11856.8685      9.96556558e-09  -0.198031205   
8891.39705      11856.8685      1.77215601e-08  -0.352284635   
8891.39705      11856.8685      3.15138854e-08  -0.626865036   
8891.39705      11856.8685      5.60404936e-08  -1.11598787    
8891.39705      11856.8685      9.96556558e-08  -1.98830905    
8891.39705      11856.8685      1.77215601e-07  -3.54682744    
8891.39705      11856.8685      3.15138854e-07  -6.33814733    
8891.39705      11856.8685      5.60404936e-07  -11.3514409    
8891.39705      11856.8685      9.96556558e-07  -20.3768444    
8891.39705      11856.8685      1.77215601e-06  -36.6415105    
8891.39705      11856.8685      3.15138854e-06  -65.9301516    
8891.39705      11856.8685      5.60404936e-06  -118.566935    
8891.39705      11856.8685      9.96556558e-06  -212.942472    
8891.39705      11856.8685      1.77215601e-05  -381.798926    
8891.39705      11856.8685      3.15138854e-05  -683.416234    
8891.39705      11856.8685      5.60404936e-05  -1221.50923    
8891.39705      11856.8685      9.96556558e-05  -2180.62172    
11856.8685      15811.3883      0               1.65243819e-09 
11856.8685      15811.3883      1.77215601e-10  -0.0010181083  
11856.8685      15811.3883      3.15138854e-10  -0.0018114581  
11856.8685      15811.3883      5.60404936e-10  -0.00322436156 
11856.8685      15811.3883      9.96556558e-10  -0.00574353938 
11856.8685      15811.3883      1.77215601e-09  -0.0102442372  
11856.8685      15811.3883      3.15138854e-09  -0.018313236   
11856.8685      15811.3883      5.60404936e-09  -0.0328661179  
11856.8685      15811.3883      9.96556558e-09  -0.0593728809  
11856.8685      15811.3883      1.77215601e-08  -0.108402989   
11856.8685      15811.3883      3.15138854e-08  -0.201119762   
11856.8685      15811.3883      5.60404936e-08  -0.381307289   
11856.8685      15811.3883      9.96556558e-08  -0.740979876   
11856.8685      15811.3883      1.77215601e-07  -1.47123105    
11856.8685      15811.3883      3.15138854e-07  -2.95468481    
11856.8685      15811.3883      5.60404936e-07  -5.92340031    
11856.8685      15811.3883      9.96556558e-07  -11.7264348    
11856.8685      15811.3883      1.77215601e-06  -22.7955357    
11856.8685      15811.3883      3.15138854e-06  -43.4744471    
11856.8685      15811.3883      5.60404936e-06  -81.5052005    
11856.8685      15811.3883      9.96556558e-06  -150.68387     
11856.8685      15811.3883      1.77215601e-05  -275.586653    
11856.8685      15811.3883      3.15138854e-05  -499.964665    
11856.8685      15811.3883      5.60404936e-05  -901.657789    
11856.8685      15811.3883      9.96556558e-05  -1619.11176    
15811.3883      21084.8252      0               1.90427297e-05 
15811.3883      21084.8252      1.77215601e-10  -0.00209273035 
15811.3883      21084.8252      3.15138854e-10  -0.00373628163 
15811.3883      21084.8252      5.60404936e-10  -0.00665897883 
15811.3883      21084.8252      9.96556558e-10  -0.0118563631  
15811.3883      21084.8252      1.77215601e-09  -0.0210988027  
15811.3883      21084.8252      3.15138854e-09  -0.0375345631  
15811.3883      21084.8252      5.60404936e-09  -0.066762318   
15811.3883      21084.8252      9.96556558e-09  -0.118738635   
15811.3883      21084.8252      1.77215601e-08  -0.211170842   
15811.3883      21084.8252      3.15138854e-08  -0.375553085   
15811.3883      21084.8252      5.60404936e-08  -0.667908198   
15811.3883      21084.8252      9.96556558e-08  -1.18791469    
15811.3883      21084.8252      1.77215601e-07  -2.11299551    
15811.3883      21084.8252      3.15138854e-07  -3.75915921    
15811.3883      21084.8252      5.60404936e-07  -6.68980828    
15811.3883      21084.8252      9.96556558e-07  -11.9107802    
15811.3883      21084.8252      1.77215601e-06  -21.220485     
15811.3883      21084.8252      3.15138854e-06  -37.837774     
15811.3883      21084.8252      5.60404936e-06  -67.5227823    
15811.3883      21084.8252      9.96556558e-06  -120.567087    
15811.3883      21084.8252      1.77215601e-05  -215.319788    
15811.3883      21084.8252      3.15138854e-05  -384.443859    
15811.3883      21084.8252      5.60404936e-05  -686.038494    
15811.3883      21084.8252      9.96556558e-05  -1223.42726    
21084.8252      28117.0663      0               2.52464361e-09 
21084.8252      28117.0663      1.77215601e-10  -0.00155440324 
21084.8252      28117.0663      3.15138854e-10  -0.00276417138 
21084.8252      28117.0663      5.60404936e-10  -0.00491549041 
21084.8252      28117.0663      9.96556558e-10  -0.00874117865 
21084.8252      28117.0663      1.77215601e-09  -0.0155444538  
21084.8252      28117.0663      3.15138854e-09  -0.0276429964  
21084.8252      28117.0663      5.60404936e-09  -0.049158907   
21084.8252      28117.0663      9.96556558e-09  -0.0874243746  
21084.8252      28117.0663      1.77215601e-08  -0.155484177   
21084.8252      28117.0663      3.15138854e-08  -0.276554605   
21084.8252      28117.0663      5.60404936e-08  -0.491979513   
21084.8252      28117.0663      9.96556558e-08  -0.875458352   
21084.8252      28117.0663      1.77215601e-07  -1.55857506    
21084.8252      28117.0663      3.15138854e-07  -2.77679261    
21084.8252      28117.0663      5.60404936e-07  -4.95260333    
21084.8252      28117.0663      9.96556558e-07  -8.84577925    
21084.8252      28117.0663      1.77215601e-06  -15.8229225    
21084.8252      28117.0663      3.15138854e-06  -28.3356598    
21084.8252      28117.0663      5.60404936e-06  -50.7638549    
21084.8252      28117.0663      9.96556558e-06  -90.9075587    
21084.8252      28117.0663      1.77215601e-05  -162.642414    
21084.8252      28117.0663      3.15138854e-05  -290.654422    
21084.8252      28117.0663      5.60404936e-05  -518.872433    
21084.8252      28117.0663      9.96556558e-05  -925.466213    
28117.0663      37494.7105      0               2.0124844e-09  
28117.0663      37494.7105      1.77215601e-10  -0.00123913233 
28117.0663      37494.7105      3.15138854e-10  -0.00220352569 
28117.0663      37494.7105      5.60404936e-10  -0.00391848783 
28117.0663      37494.7105      9.96556558e-10  -0.00696817382 
28117.0663      37494.7105      1.77215601e-09  -0.0123913807  
28117.0663      37494.7105      3.15138854e-09  -0.0220353989  
28117.0663      37494.7105      5.60404936e-09  -0.0391852884  
28117.0663      37494.7105      9.96556558e-09  -0.0696829953  
28117.0663      37494.7105      1.77215601e-08  -0.12391774    
28117.0663      37494.7105      3.15138854e-08  -0.220366372   
28117.0663      37494.7105      5.60404936e-08  -0.391891908   
28117.0663      37494.7105      9.96556558e-08  -0.696952805   
28117.0663      37494.7105      1.77215601e-07  -1.23956299    
28117.0663      37494.7105      3.15138854e-07  -2.20486726    
28117.0663      37494.7105      5.60404936e-07  -3.92263969    
28117.0663      37494.7105      9.96556558e-07  -6.98084458    
28117.0663      37494.7105      1.77215601e-06  -12.4291547    
28117.0663      37494.7105      3.15138854e-06  -22.1440543    
28117.0663      37494.7105      5.60404936e-06  -39.4826304    
28117.0663      37494.7105      9.96556558e-06  -70.447529     
28117.0663      37494.7105      1.77215601e-05  -125.752248    
28117.0663      37494.7105      3.15138854e-05  -224.47786     
28117.0663      37494.7105      5.60404936e-05  -400.561578    
28117.0663      37494.7105      9.96556558e-05  -714.335763    
37494.7105      50000           0               1.57939439e-09 
37494.7105      50000           1.77215601e-10  -0.000972447799
37494.7105      50000           3.15138854e-10  -0.00172928513 
37494.7105      50000           5.60404936e-10  -0.00307515337 
37494.7105      50000           9.96556558e-10  -0.00546848314 
37494.7105      50000           1.77215601e-09  -0.00972449221 
37494.7105      50000           3.15138854e-09  -0.0172928655  
37494.7105      50000           5.60404936e-09  -0.0307515479  
37494.7105      50000           9.96556558e-09  -0.0546848457  
37494.7105      50000           1.77215601e-08  -0.0972449365  
37494.7105      50000           3.15138854e-08  -0.17292867    
37494.7105      50000           5.60404936e-08  -0.307515496   
37494.7105      50000           9.96556558e-08  -0.546848479   
37494.7105      50000           1.77215601e-07  -0.972449404   
37494.7105      50000           3.15138854e-07  -1.72928679    
37494.7105      50000           5.60404936e-07  -3.07515522    
37494.7105      50000           9.96556558e-07  -5.46848558    
37494.7105      50000           1.77215601e-06  -9.72449651    
37494.7105      50000           3.15138854e-06  -17.2928757    
37494.7105      50000           5.60404936e-06  -30.7515767    
37494.7105      50000           9.96556558e-06  -54.6849332    
37494.7105      50000           1.77215601e-05  -97.2452088    
37494.7105      50000           3.15138854e-05  -172.929522    
37494.7105      50000           5.60404936e-05  -307.518157    
37494.7105      50000           9.96556558e-05  -546.856732    
50000           66676.0716      0               1.18228627e-09 
50000           66676.0716      1.77215601e-10  -0.000727939189
50000           66676.0716      3.15138854e-10  -0.00129448019 
50000           66676.0716      5.60404936e-10  -0.0023019484  
50000           66676.0716      9.96556558e-10  -0.00409350836 
50000           66676.0716      1.77215601e-09  -0.00727940258 
50000           66676.0716      3.15138854e-09  -0.0129448127  
50000           66676.0716      5.60404936e-09  -0.0230194951  
50000           66676.0716      9.96556558e-09  -0.040935096   
50000           66676.0716      1.77215601e-08  -0.072794042   
50000           66676.0716      3.15138854e-08  -0.129448155   
50000           66676.0716      5.60404936e-08  -0.230195017   
50000           66676.0716      9.96556558e-08  -0.409351145   
50000           66676.0716      1.77215601e-07  -0.72794098    
50000           66676.0716      3.15138854e-07  -1.2944833     
50000           66676.0716      5.60404936e-07  -2.30195567    
50000           66676.0716      9.96556558e-07  -4.09352878    
50000           66676.0716      1.77215601e-06  -7.27946442    
50000           66676.0716      3.15138854e-06  -12.9450048    
50000           66676.0716      5.60404936e-06  -23.0200947    
50000           66676.0716      9.96556558e-06  -40.9369607    
50000           66676.0716      1.77215601e-05  -72.7997831    
50000           66676.0716      3.15138854e-05  -129.465517    
50000           66676.0716      5.60404936e-05  -230.246051    
50000           66676.0716      9.96556558e-05  -409.495092    
66676.0716      88913.9705      0               8.84313067e-10 
66676.0716      88913.9705      1.77215601e-10  -0.000544488158
66676.0716      88913.9705      3.15138854e-10  -0.000968252769
66676.0716      88913.9705      5.60404936e-10  -0.00172182465 
66676.0716      88913.9705      9.96556558e-10  -0.00306188601 
66676.0716      88913.9705      1.77215601e-09  -0.00544488954 
66676.0716      88913.9705      3.15138854e-09  -0.00968253565 
66676.0716      88913.9705      5.60404936e-09  -0.0172182545  
66676.0716      88913.9705      9.96556558e-09  -0.0306188681  
66676.0716      88913.9705      1.77215601e-08  -0.0544489035  
66676.0716      88913.9705      3.15138854e-08  -0.0968253649  
66676.0716      88913.9705      5.60404936e-08  -0.172182554   
66676.0716      88913.9705      9.96556558e-08  -0.306188694   
66676.0716      88913.9705      1.77215601e-07  -0.544489057   
66676.0716      88913.9705      3.15138854e-07  -0.968253702   
66676.0716      88913.9705      5.60404936e-07  -1.72182569    
66676.0716      88913.9705      9.96556558e-07  -3.0618874     
66676.0716      88913.9705      1.77215601e-06  -5.444892      
66676.0716      88913.9705      3.15138854e-06  -9.68254152    
66676.0716      88913.9705      5.60404936e-06  -17.2182711    
66676.0716      88913.9705      9.96556558e-06  -30.6189187    
66676.0716      88913.9705      1.77215601e-05  -54.4490612    
66676.0716      88913.9705      3.15138854e-05  -96.8258591    
66676.0716      88913.9705      5.60404936e-05  -172.184101    
66676.0716      88913.9705      9.96556558e-05  -306.193506    
88913.9705      118568.685      0               6.61017907e-10 
88913.9705      118568.685      1.77215601e-10  -0.000406986302
88913.9705      118568.685      3.15138854e-10  -0.000723735875
88913.9705      118568.685      5.60404936e-10  -0.00128700512 
88913.9705      118568.685      9.96556558e-10  -0.00228865522 
88913.9705      118568.685      1.77215601e-09  -0.00406986897 
88913.9705      118568.685      3.15138854e-09  -0.00723736472 
88913.9705      118568.685      5.60404936e-09  -0.0128700572  
88913.9705      118568.685      9.96556558e-09  -0.0228865583  
88913.9705      118568.685      1.77215601e-08  -0.0406986961  
88913.9705      118568.685      3.15138854e-08  -0.0723736546  
88913.9705      118568.685      5.60404936e-08  -0.128700583   
88913.9705      118568.685      9.96556558e-08  -0.228865604   
88913.9705      118568.685      1.77215601e-07  -0.406987014   
88913.9705      118568.685      3.15138854e-07  -0.723736699   
88913.9705      118568.685      5.60404936e-07  -1.2870063     
88913.9705      118568.685      9.96556558e-07  -2.28865751    
88913.9705      118568.685      1.77215601e-06  -4.06987477    
88913.9705      118568.685      3.15138854e-06  -7.23738161    
88913.9705      118568.685      5.60404936e-06  -12.870109     
88913.9705      118568.685      9.96556558e-06  -22.88672      
88913.9705      118568.685      1.77215601e-05  -40.6992016    
88913.9705      118568.685      3.15138854e-05  -72.3752275    
88913.9705      118568.685      5.60404936e-05  -128.705425    
88913.9705      118568.685      9.96556558e-05  -228.880244    
118568.685      158113.883      0               3.00430977e-05 
118568.685      158113.883      1.77215601e-10  -0.000272885956
118568.685      158113.883      3.15138854e-10  -0.000508649401
118568.685      158113.883      5.60404936e-10  -0.000927902681
118568.685      158113.883      9.96556558e-10  -0.00167345216 
118568.685      158113.883      1.77215601e-09  -0.00299924744 
118568.685      158113.883      3.15138854e-09  -0.00535688189 
118568.685      158113.883      5.60404936e-09  -0.00954941469 
118568.685      158113.883      9.96556558e-09  -0.0170049094  
118568.685      158113.883      1.77215601e-08  -0.0302628623  
118568.685      158113.883      3.15138854e-08  -0.0538392068  
118568.685      158113.883      5.60404936e-08  -0.0957645348  
118568.685      158113.883      9.96556558e-08  -0.170319482   
118568.685      158113.883      1.77215601e-07  -0.30289901    
118568.685      158113.883      3.15138854e-07  -0.538662456   
118568.685      158113.883      5.60404936e-07  -0.957915736   
118568.685      158113.883      9.96556558e-07  -1.70346521    
118568.685      158113.883      1.77215601e-06  -3.02926049    
118568.685      158113.883      3.15138854e-06  -5.38689495    
118568.685      158113.883      5.60404936e-06  -9.57942776    
118568.685      158113.883      9.96556558e-06  -17.0349226    
118568.685      158113.883      1.77215601e-05  -30.2928755    
118568.685      158113.883      3.15138854e-05  -53.8692204    
118568.685      158113.883      5.60404936e-05  -95.7945496    
118568.685      158113.883      9.96556558e-05  -170.349501    
158113.883      210848.252      0               0.000546867485 
158113.883      210848.252      1.77215601e-10  0.000320537011 
158113.883      210848.252      3.15138854e-10  0.000144388664 
158113.883      210848.252      5.60404936e-10  -0.000168852315
158113.883      210848.252      9.96556558e-10  -0.000725882299
158113.883      210848.252      1.77215601e-09  -0.00171643725 
158113.883      210848.252      3.15138854e-09  -0.00347792073 
158113.883      210848.252      5.60404936e-09  -0.00661033053 
158113.883      210848.252      9.96556558e-09  -0.0121806304  
158113.883      210848.252      1.77215601e-08  -0.02208618    
158113.883      210848.252      3.15138854e-08  -0.0397010149  
158113.883      210848.252      5.60404936e-08  -0.0710251134  
158113.883      210848.252      9.96556558e-08  -0.126728114   
158113.883      210848.252      1.77215601e-07  -0.225783614   
158113.883      210848.252      3.15138854e-07  -0.40193198    
158113.883      210848.252      5.60404936e-07  -0.715173016   
158113.883      210848.252      9.96556558e-07  -1.27220318    
158113.883      210848.252      1.77215601e-06  -2.2627587     
158113.883      210848.252      3.15138854e-06  -4.02424398    
158113.883      210848.252      5.60404936e-06  -7.15665947    
158113.883      210848.252      9.96556558e-06  -12.7269773    
158113.883      210848.252      1.77215601e-05  -22.6325834    
158113.883      210848.252      3.15138854e-05  -40.2475956    
158113.883      210848.252      5.60404936e-05  -71.5722472    
158113.883      210848.252      9.96556558e-05  -127.276954    
210848.252      281170.663      0               0.000417830617 
210848.252      281170.663      1.77215601e-10  0.000248690967 
210848.252      281170.663      3.15138854e-10  0.00011705306  
210848.252      281170.663      5.60404936e-10  -0.00011703592 
210848.252      281170.663      9.96556558e-10  -0.000533311532
210848.252      281170.663      1.77215601e-09  -0.00127356588 
210848.252      281170.663      3.15138854e-09  -0.00258994495 
210848.252      281170.663      5.60404936e-09  -0.00493083475 
210848.252      281170.663      9.96556558e-09  -0.00909359087 
210848.252      281170.663      1.77215601e-08  -0.0164961344  
210848.252      281170.663      3.15138854e-08  -0.0296599251  
210848.252      281170.663      5.60404936e-08  -0.053068823   
210848.252      281170.663      9.96556558e-08  -0.0946963844  
210848.252      281170.663      1.77215601e-07  -0.16872182    
210848.252      281170.663      3.15138854e-07  -0.300359728   
210848.252      281170.663      5.60404936e-07  -0.53444871    
210848.252      281170.663      9.96556558e-07  -0.950724333   
210848.252      281170.663      1.77215601e-06  -1.69097872    
210848.252      281170.663      3.15138854e-06  -3.00735789    
210848.252      281170.663      5.60404936e-06  -5.34824801    
210848.252      281170.663      9.96556558e-06  -9.51100515    
210848.252      281170.663      1.77215601e-05  -16.9135519    
210848.252      281170.663      3.15138854e-05  -30.0773528    
210848.252      281170.663      5.60404936e-05  -53.486283     
210848.252      281170.663      9.96556558e-05  -95.1139458    
281170.663      374947.105      0               5.66647424e-06 
281170.663      374947.105      1.77215601e-10  -0.000120030054
281170.663      374947.105      3.15138854e-10  -0.000217857074
281170.663      374947.105      5.60404936e-10  -0.00039182085 
281170.663      374947.105      9.96556558e-10  -0.000701177049
281170.663      374947.105      1.77215601e-09  -0.00125129881 
281170.663      374947.105      3.15138854e-09  -0.00222956901 
281170.663      374947.105      5.60404936e-09  -0.00396920676 
281170.663      374947.105      9.96556558e-09  -0.00706276876 
281170.663      374947.105      1.77215601e-08  -0.0125639864  
281170.663      374947.105      3.15138854e-08  -0.0223466884  
281170.663      374947.105      5.60404936e-08  -0.0397430659  
281170.663      374947.105      9.96556558e-08  -0.0706786859  
281170.663      374947.105      1.77215601e-07  -0.125690862   
281170.663      374947.105      3.15138854e-07  -0.223517882   
281170.663      374947.105      5.60404936e-07  -0.397481657   
281170.663      374947.105      9.96556558e-07  -0.706837857   
281170.663      374947.105      1.77215601e-06  -1.25695962    
281170.663      374947.105      3.15138854e-06  -2.23522982    
281170.663      374947.105      5.60404936e-06  -3.97486757    
281170.663      374947.105      9.96556558e-06  -7.06842957    
281170.663      374947.105      1.77215601e-05  -12.5696472    
281170.663      374947.105      3.15138854e-05  -22.3523492    
281170.663      374947.105      5.60404936e-05  -39.7487269    
281170.663      374947.105      9.96556558e-05  -70.6843472    
374947.105      500000          0               1.47736046e-10 
374947.105      500000          1.77215601e-10  -9.09682876e-05
374947.105      500000          3.15138854e-10  -0.000161767148
374947.105      500000          5.60404936e-10  -0.000287667303
374947.105      500000          9.96556558e-10  -0.000511552958
374947.105      500000          1.77215601e-09  -0.000909684207
374947.105      500000          3.15138854e-09  -0.00161767281 
374947.105      500000          5.60404936e-09  -0.00287667438 
374947.105      500000          9.96556558e-09  -0.00511553096 
374947.105      500000          1.77215601e-08  -0.00909684356 
374947.105      500000          3.15138854e-08  -0.01617673    
374947.105      500000          5.60404936e-08  -0.0287667467  
374947.105      500000          9.96556558e-08  -0.0511553159  
374947.105      500000          1.77215601e-07  -0.0909684527  
374947.105      500000          3.15138854e-07  -0.161767351   
374947.105      500000          5.60404936e-07  -0.287667626   
374947.105      500000          9.96556558e-07  -0.511553657   
374947.105      500000          1.77215601e-06  -0.909686101   
374947.105      500000          3.15138854e-06  -1.61767848    
374947.105      500000          5.60404936e-06  -2.87669195    
374947.105      500000          9.96556558e-06  -5.11558608    
374947.105      500000          1.77215601e-05  -9.09701688    
374947.105      500000          3.15138854e-05  -16.1772739    
374947.105      500000          5.60404936e-05  -28.7684456    
374947.105      500000          9.96556558e-05  -51.1605751    
