### /nfs/slac/g/ki/ki20/cta/mdwood/fermi/dsph_pipeline/des_dwarfs/v6/p302_6yr_source_psf0123_point_gs_jsigma0.6/results/like_tucana_III.txt
#[0]emin(MeV) [1]emax(MeV) [2]eflux(MeV/cm^2/s) [3]deltaLogLike
500             666.760716      0               0.00126257157  
500             666.760716      1.77215601e-10  9.62158992e-05 
500             666.760716      3.15138854e-10  -0.000822386934
500             666.760716      5.60404936e-10  -0.0024793537  
500             666.760716      9.96556558e-10  -0.00549986533 
500             666.760716      1.77215601e-09  -0.0111042617  
500             666.760716      3.15138854e-09  -0.0218030386  
500             666.760716      5.60404936e-09  -0.0431203996  
500             666.760716      9.96556558e-09  -0.0881418107  
500             666.760716      1.77215601e-08  -0.189980563   
500             666.760716      3.15138854e-08  -0.436283276   
500             666.760716      5.60404936e-08  -1.06281141    
500             666.760716      9.96556558e-08  -2.6950559     
500             666.760716      1.77215601e-07  -6.92827223    
500             666.760716      3.15138854e-07  -17.6074423    
500             666.760716      5.60404936e-07  -43.4402156    
500             666.760716      9.96556558e-07  -103.042496    
500             666.760716      1.77215601e-06  -234.394212    
500             666.760716      3.15138854e-06  -512.312741    
500             666.760716      5.60404936e-06  -1080.40958    
500             666.760716      9.96556558e-06  -2208.83565    
500             666.760716      1.77215601e-05  -4397.42769    
500             666.760716      3.15138854e-05  -8558.73848    
500             666.760716      5.60404936e-05  -16342.411     
500             666.760716      9.96556558e-05  -30710.4637    
666.760716      889.139705      0               -0.479546385   
666.760716      889.139705      1.77215601e-10  -0.47450201    
666.760716      889.139705      3.15138854e-10  -0.470597568   
666.760716      889.139705      5.60404936e-10  -0.463700717   
666.760716      889.139705      9.96556558e-10  -0.451582093   
666.760716      889.139705      1.77215601e-09  -0.43048971    
666.760716      889.139705      3.15138854e-09  -0.394410508   
666.760716      889.139705      5.60404936e-09  -0.334666772   
666.760716      889.139705      9.96556558e-09  -0.24184144    
666.760716      889.139705      1.77215601e-08  -0.11644031    
666.760716      889.139705      3.15138854e-08  -0.00591445003 
666.760716      889.139705      5.60404936e-08  -0.109875337   
666.760716      889.139705      9.96556558e-08  -1.03957298    
666.760716      889.139705      1.77215601e-07  -4.39158854    
666.760716      889.139705      3.15138854e-07  -13.9243113    
666.760716      889.139705      5.60404936e-07  -37.8572749    
666.760716      889.139705      9.96556558e-07  -93.2140401    
666.760716      889.139705      1.77215601e-06  -213.825351    
666.760716      889.139705      3.15138854e-06  -464.861788    
666.760716      889.139705      5.60404936e-06  -969.003695    
666.760716      889.139705      9.96556558e-06  -1953.29551    
666.760716      889.139705      1.77215601e-05  -3832.70563    
666.760716      889.139705      3.15138854e-05  -7358.78956    
666.760716      889.139705      5.60404936e-05  -13883.7348    
666.760716      889.139705      9.96556558e-05  -25828.9612    
889.139705      1185.68685      0               -0.0314705973  
889.139705      1185.68685      1.77215601e-10  -0.0300500305  
889.139705      1185.68685      3.15138854e-10  -0.0289675109  
889.139705      1185.68685      5.60404936e-10  -0.0270921921  
889.139705      1185.68685      9.96556558e-10  -0.023913621   
889.139705      1185.68685      1.77215601e-09  -0.0187503885  
889.139705      1185.68685      3.15138854e-09  -0.0110882066  
889.139705      1185.68685      5.60404936e-09  -0.00212170341 
889.139705      1185.68685      9.96556558e-09  -0.000157989592
889.139705      1185.68685      1.77215601e-08  -0.0372252537  
889.139705      1185.68685      3.15138854e-08  -0.215098574   
889.139705      1185.68685      5.60404936e-08  -0.820576686   
889.139705      1185.68685      9.96556558e-08  -2.58685444    
889.139705      1185.68685      1.77215601e-07  -7.23650584    
889.139705      1185.68685      3.15138854e-07  -18.5393034    
889.139705      1185.68685      5.60404936e-07  -44.2942429    
889.139705      1185.68685      9.96556558e-07  -99.9598627    
889.139705      1185.68685      1.77215601e-06  -215.210202    
889.139705      1185.68685      3.15138854e-06  -445.687002    
889.139705      1185.68685      5.60404936e-06  -893.989382    
889.139705      1185.68685      9.96556558e-06  -1747.08359    
889.139705      1185.68685      1.77215601e-05  -3342.92866    
889.139705      1185.68685      3.15138854e-05  -6289.08163    
889.139705      1185.68685      5.60404936e-05  -11673.6997    
889.139705      1185.68685      9.96556558e-05  -21440.7144    
1185.68685      1581.13883      0               -0.255880726   
1185.68685      1581.13883      1.77215601e-10  -0.25098242    
1185.68685      1581.13883      3.15138854e-10  -0.247209103   
1185.68685      1581.13883      5.60404936e-10  -0.24058275    
1185.68685      1581.13883      9.96556558e-10  -0.229061395   
1185.68685      1581.13883      1.77215601e-09  -0.209389036   
1185.68685      1581.13883      3.15138854e-09  -0.176914987   
1185.68685      1581.13883      5.60404936e-09  -0.126729998   
1185.68685      1581.13883      9.96556558e-09  -0.0595589676  
1185.68685      1581.13883      1.77215601e-08  -0.00141373671 
1185.68685      1581.13883      3.15138854e-08  -0.056786618   
1185.68685      1581.13883      5.60404936e-08  -0.531317231   
1185.68685      1581.13883      9.96556558e-08  -2.17941222    
1185.68685      1581.13883      1.77215601e-07  -6.66095145    
1185.68685      1581.13883      3.15138854e-07  -17.3607107    
1185.68685      1581.13883      5.60404936e-07  -40.8900546    
1185.68685      1581.13883      9.96556558e-07  -89.8931539    
1185.68685      1581.13883      1.77215601e-06  -188.24167     
1185.68685      1581.13883      3.15138854e-06  -380.425101    
1185.68685      1581.13883      5.60404936e-06  -748.245745    
1185.68685      1581.13883      9.96556558e-06  -1440.40552    
1185.68685      1581.13883      1.77215601e-05  -2725.09134    
1185.68685      1581.13883      3.15138854e-05  -5083.55565    
1185.68685      1581.13883      5.60404936e-05  -9376.52992    
1185.68685      1581.13883      9.96556558e-05  -17140.033     
1581.13883      2108.48252      0               -1.91949146    
1581.13883      2108.48252      1.77215601e-10  -1.90758979    
1581.13883      2108.48252      3.15138854e-10  -1.89836659    
1581.13883      2108.48252      5.60404936e-10  -1.88205032    
1581.13883      2108.48252      9.96556558e-10  -1.85330253    
1581.13883      2108.48252      1.77215601e-09  -1.80301336    
1581.13883      2108.48252      3.15138854e-09  -1.71615146    
1581.13883      2108.48252      5.60404936e-09  -1.56945456    
1581.13883      2108.48252      9.96556558e-09  -1.33140594    
1581.13883      2108.48252      1.77215601e-08  -0.972097069   
1581.13883      2108.48252      3.15138854e-08  -0.501194394   
1581.13883      2108.48252      5.60404936e-08  -0.0686913005  
1581.13883      2108.48252      9.96556558e-08  -0.182241791   
1581.13883      2108.48252      1.77215601e-07  -2.11669145    
1581.13883      2108.48252      3.15138854e-07  -8.63420836    
1581.13883      2108.48252      5.60404936e-07  -25.240911     
1581.13883      2108.48252      9.96556558e-07  -62.4304728    
1581.13883      2108.48252      1.77215601e-06  -139.737881    
1581.13883      2108.48252      3.15138854e-06  -293.004765    
1581.13883      2108.48252      5.60404936e-06  -587.267879    
1581.13883      2108.48252      9.96556558e-06  -1139.57781    
1581.13883      2108.48252      1.77215601e-05  -2159.52238    
1581.13883      2108.48252      3.15138854e-05  -4021.3657     
1581.13883      2108.48252      5.60404936e-05  -7392.48243    
1581.13883      2108.48252      9.96556558e-05  -13461.8444    
2108.48252      2811.70663      0               0.00685717837  
2108.48252      2811.70663      1.77215601e-10  0.00753118879  
2108.48252      2811.70663      3.15138854e-10  0.00800566932  
2108.48252      2811.70663      5.60404936e-10  0.00874272348  
2108.48252      2811.70663      9.96556558e-10  0.00972313932  
2108.48252      2811.70663      1.77215601e-09  0.0104604331   
2108.48252      2811.70663      3.15138854e-09  0.00878683774  
2108.48252      2811.70663      5.60404936e-09  -0.00267219621 
2108.48252      2811.70663      9.96556558e-09  -0.0456552646  
2108.48252      2811.70663      1.77215601e-08  -0.177287408   
2108.48252      2811.70663      3.15138854e-08  -0.533019684   
2108.48252      2811.70663      5.60404936e-08  -1.40866955    
2108.48252      2811.70663      9.96556558e-08  -3.41665204    
2108.48252      2811.70663      1.77215601e-07  -7.78383729    
2108.48252      2811.70663      3.15138854e-07  -16.901328     
2108.48252      2811.70663      5.60404936e-07  -35.3041424    
2108.48252      2811.70663      9.96556558e-07  -71.4000258    
2108.48252      2811.70663      1.77215601e-06  -140.542773    
2108.48252      2811.70663      3.15138854e-06  -270.51871     
2108.48252      2811.70663      5.60404936e-06  -511.324274    
2108.48252      2811.70663      9.96556558e-06  -952.574026    
2108.48252      2811.70663      1.77215601e-05  -1754.50405    
2108.48252      2811.70663      3.15138854e-05  -3203.18133    
2108.48252      2811.70663      5.60404936e-05  -5808.78006    
2108.48252      2811.70663      9.96556558e-05  -10480.4439    
2811.70663      3749.47105      0               1.61014254e-05 
2811.70663      3749.47105      1.77215601e-10  -0.00178469229 
2811.70663      3749.47105      3.15138854e-10  -0.0032073521  
2811.70663      3749.47105      5.60404936e-10  -0.00578259472 
2811.70663      3749.47105      9.96556558e-10  -0.0105039207  
2811.70663      3749.47105      1.77215601e-09  -0.0193394728  
2811.70663      3749.47105      3.15138854e-09  -0.0363949803  
2811.70663      3749.47105      5.60404936e-09  -0.0707286552  
2811.70663      3749.47105      9.96556558e-09  -0.143249224   
2811.70663      3749.47105      1.77215601e-08  -0.303088537   
2811.70663      3749.47105      3.15138854e-08  -0.663623928   
2811.70663      3749.47105      5.60404936e-08  -1.47405465    
2811.70663      3749.47105      9.96556558e-08  -3.24948744    
2811.70663      3749.47105      1.77215601e-07  -6.99876831    
2811.70663      3749.47105      3.15138854e-07  -14.6277932    
2811.70663      3749.47105      5.60404936e-07  -29.6652802    
2811.70663      3749.47105      9.96556558e-07  -58.5718585    
2811.70663      3749.47105      1.77215601e-06  -113.086546    
2811.70663      3749.47105      3.15138854e-06  -214.402576    
2811.70663      3749.47105      5.60404936e-06  -400.576403    
2811.70663      3749.47105      9.96556558e-06  -739.687694    
2811.70663      3749.47105      1.77215601e-05  -1353.24958    
2811.70663      3749.47105      3.15138854e-05  -2457.87395    
2811.70663      3749.47105      5.60404936e-05  -4439.4403     
2811.70663      3749.47105      9.96556558e-05  -7985.10409    
3749.47105      5000            0               -0.493034354   
3749.47105      5000            1.77215601e-10  -0.482195554   
3749.47105      5000            3.15138854e-10  -0.473917753   
3749.47105      5000            5.60404936e-10  -0.459528664   
3749.47105      5000            9.96556558e-10  -0.434944162   
3749.47105      5000            1.77215601e-09  -0.394174174   
3749.47105      5000            3.15138854e-09  -0.329918116   
3749.47105      5000            5.60404936e-09  -0.237038602   
3749.47105      5000            9.96556558e-09  -0.12186274    
3749.47105      5000            1.77215601e-08  -0.0199969038  
3749.47105      5000            3.15138854e-08  -0.0250700635  
3749.47105      5000            5.60404936e-08  -0.337091308   
3749.47105      5000            9.96556558e-08  -1.35387958    
3749.47105      5000            1.77215601e-07  -3.84370822    
3749.47105      5000            3.15138854e-07  -9.2547778     
3749.47105      5000            5.60404936e-07  -20.2611954    
3749.47105      5000            9.96556558e-07  -41.7357881    
3749.47105      5000            1.77215601e-06  -82.4925479    
3749.47105      5000            3.15138854e-06  -158.401783    
3749.47105      5000            5.60404936e-06  -297.947834    
3749.47105      5000            9.96556558e-06  -552.132938    
3749.47105      5000            1.77215601e-05  -1012.10086    
3749.47105      5000            3.15138854e-05  -1840.46453    
3749.47105      5000            5.60404936e-05  -3326.99523    
3749.47105      5000            9.96556558e-05  -5987.64517    
5000            6667.60716      0               -2.07084757    
5000            6667.60716      1.77215601e-10  -2.02501606    
5000            6667.60716      3.15138854e-10  -1.9907061     
5000            6667.60716      5.60404936e-10  -1.93238594    
5000            6667.60716      9.96556558e-10  -1.83622614    
5000            6667.60716      1.77215601e-09  -1.68487501    
5000            6667.60716      3.15138854e-09  -1.46177149    
5000            6667.60716      5.60404936e-09  -1.15965764    
5000            6667.60716      9.96556558e-09  -0.791255994   
5000            6667.60716      1.77215601e-08  -0.40115722    
5000            6667.60716      3.15138854e-08  -0.0848340171  
5000            6667.60716      5.60404936e-08  -0.0254077803  
5000            6667.60716      9.96556558e-08  -0.560864392   
5000            6667.60716      1.77215601e-07  -2.30513126    
5000            6667.60716      3.15138854e-07  -6.36932074    
5000            6667.60716      5.60404936e-07  -14.767806     
5000            6667.60716      9.96556558e-07  -31.1613738    
5000            6667.60716      1.77215601e-06  -62.1973883    
5000            6667.60716      3.15138854e-06  -119.885868    
5000            6667.60716      5.60404936e-06  -225.791754    
5000            6667.60716      9.96556558e-06  -418.462659    
5000            6667.60716      1.77215601e-05  -766.634875    
5000            6667.60716      3.15138854e-05  -1392.72671    
5000            6667.60716      5.60404936e-05  -2514.62179    
5000            6667.60716      9.96556558e-05  -4519.96971    
6667.60716      8891.39705      0               -0.354730595   
6667.60716      8891.39705      1.77215601e-10  -0.349006514   
6667.60716      8891.39705      3.15138854e-10  -0.3446069     
6667.60716      8891.39705      5.60404936e-10  -0.336900672   
6667.60716      8891.39705      9.96556558e-10  -0.323559097   
6667.60716      8891.39705      1.77215601e-09  -0.300929818   
6667.60716      8891.39705      3.15138854e-09  -0.263899856   
6667.60716      8891.39705      5.60404936e-09  -0.206992897   
6667.60716      8891.39705      9.96556558e-09  -0.128852569   
6667.60716      8891.39705      1.77215601e-08  -0.0433574092  
6667.60716      8891.39705      3.15138854e-08  -0.000328124105
6667.60716      8891.39705      5.60404936e-08  -0.118486538   
6667.60716      8891.39705      9.96556558e-08  -0.639137919   
6667.60716      8891.39705      1.77215601e-07  -2.02262793    
6667.60716      8891.39705      3.15138854e-07  -5.1258138     
6667.60716      8891.39705      5.60404936e-07  -11.5224944    
6667.60716      8891.39705      9.96556558e-07  -24.0734931    
6667.60716      8891.39705      1.77215601e-06  -47.9335283    
6667.60716      8891.39705      3.15138854e-06  -92.3296108    
6667.60716      8891.39705      5.60404936e-06  -173.716794    
6667.60716      8891.39705      9.96556558e-06  -321.397367    
6667.60716      8891.39705      1.77215601e-05  -587.528251    
6667.60716      8891.39705      3.15138854e-05  -1064.92599    
6667.60716      8891.39705      5.60404936e-05  -1918.73779    
6667.60716      8891.39705      9.96556558e-05  -3442.78825    
8891.39705      11856.8685      0               7.01379577e-09 
8891.39705      11856.8685      1.77215601e-10  -0.00431857105 
8891.39705      11856.8685      3.15138854e-10  -0.00767966128 
8891.39705      11856.8685      5.60404936e-10  -0.0136566834  
8891.39705      11856.8685      9.96556558e-10  -0.0242857026  
8891.39705      11856.8685      1.77215601e-09  -0.0431877129  
8891.39705      11856.8685      3.15138854e-09  -0.0768028027  
8891.39705      11856.8685      5.60404936e-09  -0.136586239   
8891.39705      11856.8685      9.96556558e-09  -0.242918073   
8891.39705      11856.8685      1.77215601e-08  -0.432069031   
8891.39705      11856.8685      3.15138854e-08  -0.768629157   
8891.39705      11856.8685      5.60404936e-08  -1.36773268    
8891.39705      11856.8685      9.96556558e-08  -2.43493168    
8891.39705      11856.8685      1.77215601e-07  -4.33803225    
8891.39705      11856.8685      3.15138854e-07  -7.73700216    
8891.39705      11856.8685      5.60404936e-07  -13.8190591    
8891.39705      11856.8685      9.96556558e-07  -24.7221386    
8891.39705      11856.8685      1.77215601e-06  -44.2915467    
8891.39705      11856.8685      3.15138854e-06  -79.4239309    
8891.39705      11856.8685      5.60404936e-06  -142.451871    
8891.39705      11856.8685      9.96556558e-06  -255.381603    
8891.39705      11856.8685      1.77215601e-05  -457.435035    
8891.39705      11856.8685      3.15138854e-05  -818.471076    
8891.39705      11856.8685      5.60404936e-05  -1462.84965    
8891.39705      11856.8685      9.96556558e-05  -2611.85553    
11856.8685      15811.3883      0               4.9586788e-09  
11856.8685      15811.3883      1.77215601e-10  -0.00305321975 
11856.8685      15811.3883      3.15138854e-10  -0.00542954009 
11856.8685      15811.3883      5.60404936e-10  -0.00965542786 
11856.8685      15811.3883      9.96556558e-10  -0.017170636   
11856.8685      15811.3883      1.77215601e-09  -0.0305360359  
11856.8685      15811.3883      3.15138854e-09  -0.0543074269  
11856.8685      15811.3883      5.60404936e-09  -0.0965921242  
11856.8685      15811.3883      9.96556558e-09  -0.171825454   
11856.8685      15811.3883      1.77215601e-08  -0.305734159   
11856.8685      15811.3883      3.15138854e-08  -0.544241324   
11856.8685      15811.3883      5.60404936e-08  -0.969531022   
11856.8685      15811.3883      9.96556558e-08  -1.7292449     
11856.8685      15811.3883      1.77215601e-07  -3.08995837    
11856.8685      15811.3883      3.15138854e-07  -5.53550767    
11856.8685      15811.3883      5.60404936e-07  -9.94680691    
11856.8685      15811.3883      9.96556558e-07  -17.925763     
11856.8685      15811.3883      1.77215601e-06  -32.3698325    
11856.8685      15811.3883      3.15138854e-06  -58.4857705    
11856.8685      15811.3883      5.60404936e-06  -105.583749    
11856.8685      15811.3883      9.96556558e-06  -190.261584    
11856.8685      15811.3883      1.77215601e-05  -342.059272    
11856.8685      15811.3883      3.15138854e-05  -613.507374    
11856.8685      15811.3883      5.60404936e-05  -1098.00362    
11856.8685      15811.3883      9.96556558e-05  -1961.63186    
15811.3883      21084.8252      0               0.00559179734  
15811.3883      21084.8252      1.77215601e-10  0.0041905317   
15811.3883      21084.8252      3.15138854e-10  0.003099049    
15811.3883      21084.8252      5.60404936e-10  0.00115613237  
15811.3883      21084.8252      9.96556558e-10  -0.00230507813 
15811.3883      21084.8252      1.77215601e-09  -0.00847944216 
15811.3883      21084.8252      3.15138854e-09  -0.0195197521  
15811.3883      21084.8252      5.60404936e-09  -0.0393403503  
15811.3883      21084.8252      9.96556558e-09  -0.0751610633  
15811.3883      21084.8252      1.77215601e-08  -0.140572117   
15811.3883      21084.8252      3.15138854e-08  -0.261789053   
15811.3883      21084.8252      5.60404936e-08  -0.490477594   
15811.3883      21084.8252      9.96556558e-08  -0.929141145   
15811.3883      21084.8252      1.77215601e-07  -1.77781519    
15811.3883      21084.8252      3.15138854e-07  -3.4136231     
15811.3883      21084.8252      5.60404936e-07  -6.52319655    
15811.3883      21084.8252      9.96556558e-07  -12.3318294    
15811.3883      21084.8252      1.77215601e-06  -23.0160572    
15811.3883      21084.8252      3.15138854e-06  -42.452148     
15811.3883      21084.8252      5.60404936e-06  -77.5635287    
15811.3883      21084.8252      9.96556558e-06  -140.724966    
15811.3883      21084.8252      1.77215601e-05  -254.027082    
15811.3883      21084.8252      3.15138854e-05  -456.831212    
15811.3883      21084.8252      5.60404936e-05  -819.178307    
15811.3883      21084.8252      9.96556558e-05  -1465.6309     
21084.8252      28117.0663      0               3.42388354e-05 
21084.8252      28117.0663      1.77215601e-10  -0.00186441771 
21084.8252      28117.0663      3.15138854e-10  -0.00334210621 
21084.8252      28117.0663      5.60404936e-10  -0.00596985619 
21084.8252      28117.0663      9.96556558e-10  -0.0106427518  
21084.8252      28117.0663      1.77215601e-09  -0.0189525353  
21084.8252      28117.0663      3.15138854e-09  -0.0337298713  
21084.8252      28117.0663      5.60404936e-09  -0.060008796   
21084.8252      28117.0663      9.96556558e-09  -0.106742252   
21084.8252      28117.0663      1.77215601e-08  -0.189854281   
21084.8252      28117.0663      3.15138854e-08  -0.33767233    
21084.8252      28117.0663      5.60404936e-08  -0.6006018     
21084.8252      28117.0663      9.96556558e-08  -1.06837374    
21084.8252      28117.0663      1.77215601e-07  -1.90084435    
21084.8252      28117.0663      3.15138854e-07  -3.38312182    
21084.8252      28117.0663      5.60404936e-07  -6.02449716    
21084.8252      28117.0663      9.96556558e-07  -10.7362888    
21084.8252      28117.0663      1.77215601e-06  -19.1511169    
21084.8252      28117.0663      3.15138854e-06  -34.1930816    
21084.8252      28117.0663      5.60404936e-06  -61.0901648    
21084.8252      28117.0663      9.96556558e-06  -109.169376    
21084.8252      28117.0663      1.77215601e-05  -195.046996    
21084.8252      28117.0663      3.15138854e-05  -348.305253    
21084.8252      28117.0663      5.60404936e-05  -621.58903     
21084.8252      28117.0663      9.96556558e-05  -1108.5598     
28117.0663      37494.7105      0               2.42437181e-09 
28117.0663      37494.7105      1.77215601e-10  -0.00149268147 
28117.0663      37494.7105      3.15138854e-10  -0.00265440679 
28117.0663      37494.7105      5.60404936e-10  -0.00472027935 
28117.0663      37494.7105      9.96556558e-10  -0.00839397915 
28117.0663      37494.7105      1.77215601e-09  -0.0149268475  
28117.0663      37494.7105      3.15138854e-09  -0.0265441242  
28117.0663      37494.7105      5.60404936e-09  -0.0472029244  
28117.0663      37494.7105      9.96556558e-09  -0.083940158   
28117.0663      37494.7105      1.77215601e-08  -0.149269586   
28117.0663      37494.7105      3.15138854e-08  -0.265444706   
28117.0663      37494.7105      5.60404936e-08  -0.472040137   
28117.0663      37494.7105      9.96556558e-08  -0.839435889   
28117.0663      37494.7105      1.77215601e-07  -1.4928038     
28117.0663      37494.7105      3.15138854e-07  -2.65478554    
28117.0663      37494.7105      5.60404936e-07  -4.72145624    
28117.0663      37494.7105      9.96556558e-07  -8.39761139    
28117.0663      37494.7105      1.77215601e-06  -14.9378877    
28117.0663      37494.7105      3.15138854e-06  -26.5768322    
28117.0663      37494.7105      5.60404936e-06  -47.2961485    
28117.0663      37494.7105      9.96556558e-06  -84.1922043    
28117.0663      37494.7105      1.77215601e-05  -149.908851    
28117.0663      37494.7105      3.15138854e-05  -266.959557    
28117.0663      37494.7105      5.60404936e-05  -475.407071    
28117.0663      37494.7105      9.96556558e-05  -846.518345    
37494.7105      50000           0               1.85571025e-09 
37494.7105      50000           1.77215601e-10  -0.00114256399 
37494.7105      50000           3.15138854e-10  -0.00203179946 
37494.7105      50000           5.60404936e-10  -0.00361310859 
37494.7105      50000           9.96556558e-10  -0.00642511805 
37494.7105      50000           1.77215601e-09  -0.0114256566  
37494.7105      50000           3.15138854e-09  -0.0203180113  
37494.7105      50000           5.60404936e-09  -0.0361311026  
37494.7105      50000           9.96556558e-09  -0.0642511973  
37494.7105      50000           1.77215601e-08  -0.114256583   
37494.7105      50000           3.15138854e-08  -0.203180131   
37494.7105      50000           5.60404936e-08  -0.361311046   
37494.7105      50000           9.96556558e-08  -0.642511999   
37494.7105      50000           1.77215601e-07  -1.14256587    
37494.7105      50000           3.15138854e-07  -2.03180141    
37494.7105      50000           5.60404936e-07  -3.61311075    
37494.7105      50000           9.96556558e-07  -6.42512088    
37494.7105      50000           1.77215601e-06  -11.4256615    
37494.7105      50000           3.15138854e-06  -20.3180229    
37494.7105      50000           5.60404936e-06  -36.1311353    
37494.7105      50000           9.96556558e-06  -64.2512964    
37494.7105      50000           1.77215601e-05  -114.256891    
37494.7105      50000           3.15138854e-05  -203.181096    
37494.7105      50000           5.60404936e-05  -361.314062    
37494.7105      50000           9.96556558e-05  -642.521369    
50000           66676.0716      0               1.37825396e-09 
50000           66676.0716      1.77215601e-10  -0.00084859402 
50000           66676.0716      3.15138854e-10  -0.0015090384  
50000           66676.0716      5.60404936e-10  -0.00268349314 
50000           66676.0716      9.96556558e-10  -0.00477200217 
50000           66676.0716      1.77215601e-09  -0.00848595585 
50000           66676.0716      3.15138854e-09  -0.0150904066  
50000           66676.0716      5.60404936e-09  -0.0268349763  
50000           66676.0716      9.96556558e-09  -0.0477201367  
50000           66676.0716      1.77215601e-08  -0.0848598954  
50000           66676.0716      3.15138854e-08  -0.150905104   
50000           66676.0716      5.60404936e-08  -0.268353016   
50000           66676.0716      9.96556558e-08  -0.477211612   
50000           66676.0716      1.77215601e-07  -0.848631235   
50000           66676.0716      3.15138854e-07  -1.50915261    
50000           66676.0716      5.60404936e-07  -2.68384861    
50000           66676.0716      9.96556558e-07  -4.77310825    
50000           66676.0716      1.77215601e-06  -8.48936957    
50000           66676.0716      3.15138854e-06  -15.1007743    
50000           66676.0716      5.60404936e-06  -26.8656399    
50000           66676.0716      9.96556558e-06  -47.8072714    
50000           66676.0716      1.77215601e-05  -85.0942813    
50000           66676.0716      3.15138854e-05  -151.494778    
50000           66676.0716      5.60404936e-05  -269.733872    
50000           66676.0716      9.96556558e-05  -480.233082    
66676.0716      88913.9705      0               1.03311493e-09 
66676.0716      88913.9705      1.77215601e-10  -0.000636092681
66676.0716      88913.9705      3.15138854e-10  -0.00113115133 
66676.0716      88913.9705      5.60404936e-10  -0.00201150395 
66676.0716      88913.9705      9.96556558e-10  -0.00357701697 
66676.0716      88913.9705      1.77215601e-09  -0.00636093673 
66676.0716      88913.9705      3.15138854e-09  -0.0113115246  
66676.0716      88913.9705      5.60404936e-09  -0.0201150551  
66676.0716      88913.9705      9.96556558e-09  -0.0357701986  
66676.0716      88913.9705      1.77215601e-08  -0.0636094387  
66676.0716      88913.9705      3.15138854e-08  -0.113115452   
66676.0716      88913.9705      5.60404936e-08  -0.201151181   
66676.0716      88913.9705      9.96556558e-08  -0.35770396    
66676.0716      88913.9705      1.77215601e-07  -0.6361006     
66676.0716      88913.9705      3.15138854e-07  -1.1311741     
66676.0716      88913.9705      5.60404936e-07  -2.0115735     
66676.0716      88913.9705      9.96556558e-07  -3.57723335    
66676.0716      88913.9705      1.77215601e-06  -6.36161158    
66676.0716      88913.9705      3.15138854e-06  -11.3136174    
66676.0716      88913.9705      5.60404936e-06  -20.1214632    
66676.0716      88913.9705      9.96556558e-06  -35.7893995    
66676.0716      88913.9705      1.77215601e-05  -63.6650559    
66676.0716      88913.9705      3.15138854e-05  -113.268922    
66676.0716      88913.9705      5.60404936e-05  -201.549046    
66676.0716      88913.9705      9.96556558e-05  -358.664873    
88913.9705      118568.685      0               0.0008959018   
88913.9705      118568.685      1.77215601e-10  0.000433715026 
88913.9705      118568.685      3.15138854e-10  7.40044387e-05 
88913.9705      118568.685      5.60404936e-10  -0.000565661788
88913.9705      118568.685      9.96556558e-10  -0.001703168   
88913.9705      118568.685      1.77215601e-09  -0.00372597485 
88913.9705      118568.685      3.15138854e-09  -0.00732309997 
88913.9705      118568.685      5.60404936e-09  -0.0137198231  
88913.9705      118568.685      9.96556558e-09  -0.0250950777  
88913.9705      118568.685      1.77215601e-08  -0.0453237542  
88913.9705      118568.685      3.15138854e-08  -0.0812969266  
88913.9705      118568.685      5.60404936e-08  -0.145270223   
88913.9705      118568.685      9.96556558e-08  -0.259041893   
88913.9705      118568.685      1.77215601e-07  -0.461388822   
88913.9705      118568.685      3.15138854e-07  -0.821309062   
88913.9705      118568.685      5.60404936e-07  -1.46162863    
88913.9705      118568.685      9.96556558e-07  -2.6011489     
88913.9705      118568.685      1.77215601e-06  -4.63005264    
88913.9705      118568.685      3.15138854e-06  -8.2451023     
88913.9705      118568.685      5.60404936e-06  -14.6922474    
88913.9705      118568.685      9.96556558e-06  -26.2009932    
88913.9705      118568.685      1.77215601e-05  -46.7580045    
88913.9705      118568.685      3.15138854e-05  -83.4787168    
88913.9705      118568.685      5.60404936e-05  -149.038861    
88913.9705      118568.685      9.96556558e-05  -265.994108    
118568.685      158113.883      0               5.14092786e-05 
118568.685      158113.883      1.77215601e-10  -0.000304970171
118568.685      158113.883      3.15138854e-10  -0.00058233296 
118568.685      158113.883      5.60404936e-10  -0.00107556149 
118568.685      158113.883      9.96556558e-10  -0.00195265964 
118568.685      158113.883      1.77215601e-09  -0.00351238522 
118568.685      158113.883      3.15138854e-09  -0.0062860131  
118568.685      158113.883      5.60404936e-09  -0.0112182985  
118568.685      158113.883      9.96556558e-09  -0.0199892799  
118568.685      158113.883      1.77215601e-08  -0.0355865357  
118568.685      158113.883      3.15138854e-08  -0.0633228145  
118568.685      158113.883      5.60404936e-08  -0.112645668   
118568.685      158113.883      9.96556558e-08  -0.200355483   
118568.685      158113.883      1.77215601e-07  -0.356328041   
118568.685      158113.883      3.15138854e-07  -0.633690829   
118568.685      158113.883      5.60404936e-07  -1.12691936    
118568.685      158113.883      9.96556558e-07  -2.00401751    
118568.685      158113.883      1.77215601e-06  -3.56374309    
118568.685      158113.883      3.15138854e-06  -6.33737098    
118568.685      158113.883      5.60404936e-06  -11.2696564    
118568.685      158113.883      9.96556558e-06  -20.0406379    
118568.685      158113.883      1.77215601e-05  -35.637894     
118568.685      158113.883      3.15138854e-05  -63.3741736    
118568.685      158113.883      5.60404936e-05  -112.69703     
118568.685      158113.883      9.96556558e-05  -200.406853    
158113.883      210848.252      0               2.29529243e-06 
158113.883      210848.252      1.77215601e-10  -0.000252244641
158113.883      210848.252      3.15138854e-10  -0.000450347925
158113.883      210848.252      5.60404936e-10  -0.000802631124
158113.883      210848.252      9.96556558e-10  -0.00142908974 
158113.883      210848.252      1.77215601e-09  -0.00254311025 
158113.883      210848.252      3.15138854e-09  -0.00452415652 
158113.883      210848.252      5.60404936e-09  -0.00804703095 
158113.883      210848.252      9.96556558e-09  -0.0143117513  
158113.883      210848.252      1.77215601e-08  -0.0254523806  
158113.883      210848.252      3.15138854e-08  -0.0452641836  
158113.883      210848.252      5.60404936e-08  -0.0804971602  
158113.883      210848.252      9.96556558e-08  -0.143157713   
158113.883      210848.252      1.77215601e-07  -0.254606032   
158113.883      210848.252      3.15138854e-07  -0.452855908   
158113.883      210848.252      5.60404936e-07  -0.805596805   
158113.883      210848.252      9.96556558e-07  -1.43347098    
158113.883      210848.252      1.77215601e-06  -2.55179973    
158113.883      210848.252      3.15138854e-06  -4.54561837    
158113.883      210848.252      5.60404936e-06  -8.10485325    
158113.883      210848.252      9.96556558e-06  -14.4672856    
158113.883      210848.252      1.77215601e-05  -25.8519779    
158113.883      210848.252      3.15138854e-05  -46.2261148    
158113.883      210848.252      5.60404936e-05  -82.6591048    
158113.883      210848.252      9.96556558e-05  -147.72356     
210848.252      281170.663      0               0.0010005212   
210848.252      281170.663      1.77215601e-10  0.000801285582 
210848.252      281170.663      3.15138854e-10  0.000646224605 
210848.252      281170.663      5.60404936e-10  0.000370482863 
210848.252      281170.663      9.96556558e-10  -0.000119862999
210848.252      281170.663      1.77215601e-09  -0.000991834949
210848.252      281170.663      3.15138854e-09  -0.00254244471 
210848.252      281170.663      5.60404936e-09  -0.00529986213 
210848.252      281170.663      9.96556558e-09  -0.0102033208  
210848.252      281170.663      1.77215601e-08  -0.0189230403  
210848.252      281170.663      3.15138854e-08  -0.0344291379  
210848.252      281170.663      5.60404936e-08  -0.0620033122  
210848.252      281170.663      9.96556558e-08  -0.111037899   
210848.252      281170.663      1.77215601e-07  -0.198235094   
210848.252      281170.663      3.15138854e-07  -0.353296073   
210848.252      281170.663      5.60404936e-07  -0.629037821   
210848.252      281170.663      9.96556558e-07  -1.1193837     
210848.252      281170.663      1.77215601e-06  -1.99135571    
210848.252      281170.663      3.15138854e-06  -3.54196567    
210848.252      281170.663      5.60404936e-06  -6.2993837     
210848.252      281170.663      9.96556558e-06  -11.2028443    
210848.252      281170.663      1.77215601e-05  -19.9225698    
210848.252      281170.663      3.15138854e-05  -35.4286867    
210848.252      281170.663      5.60404936e-05  -63.0029215    
210848.252      281170.663      9.96556558e-05  -112.037698    
281170.663      374947.105      0               2.40582443e-10 
281170.663      374947.105      1.77215601e-10  -0.000148128858
281170.663      374947.105      3.15138854e-10  -0.000263414686
281170.663      374947.105      5.60404936e-10  -0.000468425099
281170.663      374947.105      9.96556558e-10  -0.000832990896
281170.663      374947.105      1.77215601e-09  -0.00148129075 
281170.663      374947.105      3.15138854e-09  -0.00263414902 
281170.663      374947.105      5.60404936e-09  -0.00468425316 
281170.663      374947.105      9.96556558e-09  -0.00832991112 
281170.663      374947.105      1.77215601e-08  -0.0148129096  
281170.663      374947.105      3.15138854e-08  -0.0263414924  
281170.663      374947.105      5.60404936e-08  -0.0468425337  
281170.663      374947.105      9.96556558e-08  -0.0832991134  
281170.663      374947.105      1.77215601e-07  -0.148129098   
281170.663      374947.105      3.15138854e-07  -0.263414926   
281170.663      374947.105      5.60404936e-07  -0.468425339   
281170.663      374947.105      9.96556558e-07  -0.832991136   
281170.663      374947.105      1.77215601e-06  -1.48129099    
281170.663      374947.105      3.15138854e-06  -2.63414926    
281170.663      374947.105      5.60404936e-06  -4.6842534     
281170.663      374947.105      9.96556558e-06  -8.32991137    
281170.663      374947.105      1.77215601e-05  -14.8129099    
281170.663      374947.105      3.15138854e-05  -26.3414926    
281170.663      374947.105      5.60404936e-05  -46.842534     
281170.663      374947.105      9.96556558e-05  -83.2991137    
374947.105      500000          0               1.94178705e-06 
374947.105      500000          1.77215601e-10  -0.000105736591
374947.105      500000          3.15138854e-10  -0.000189540456
374947.105      500000          5.60404936e-10  -0.000338567142
374947.105      500000          9.96556558e-10  -0.000603578231
374947.105      500000          1.77215601e-09  -0.00107484199 
374947.105      500000          3.15138854e-09  -0.00191288064 
374947.105      500000          5.60404936e-09  -0.00340314751 
374947.105      500000          9.96556558e-09  -0.0060532584  
374947.105      500000          1.77215601e-08  -0.010765896   
374947.105      500000          3.15138854e-08  -0.0191462825  
374947.105      500000          5.60404936e-08  -0.0340489512  
374947.105      500000          9.96556558e-08  -0.06055006    
374947.105      500000          1.77215601e-07  -0.107676436   
374947.105      500000          3.15138854e-07  -0.191480301   
374947.105      500000          5.60404936e-07  -0.340506988   
374947.105      500000          9.96556558e-07  -0.605518076   
374947.105      500000          1.77215601e-06  -1.07678184    
374947.105      500000          3.15138854e-06  -1.91482048    
374947.105      500000          5.60404936e-06  -3.40508735    
374947.105      500000          9.96556558e-06  -6.05519824    
374947.105      500000          1.77215601e-05  -10.7678359    
374947.105      500000          3.15138854e-05  -19.1482223    
374947.105      500000          5.60404936e-05  -34.0508911    
374947.105      500000          9.96556558e-05  -60.5520001    
