### /nfs/slac/g/ki/ki20/cta/mdwood/fermi/dsph_pipeline/des_dwarfs/v6/p302_6yr_source_psf0123_point_gs_jsigma0.6/results/like_phoenix_II.txt
#[0]emin(MeV) [1]emax(MeV) [2]eflux(MeV/cm^2/s) [3]deltaLogLike
500             666.760716      0               0.00160824875  
500             666.760716      1.77215601e-10  -0.00582980183 
500             666.760716      3.15138854e-10  -0.0116284845  
500             666.760716      5.60404936e-10  -0.0219613218  
500             666.760716      9.96556558e-10  -0.0404027516  
500             666.760716      1.77215601e-09  -0.0734070165  
500             666.760716      3.15138854e-09  -0.132757925   
500             666.760716      5.60404936e-09  -0.240361604   
500             666.760716      9.96556558e-09  -0.438086657   
500             666.760716      1.77215601e-08  -0.809106267   
500             666.760716      3.15138854e-08  -1.52645244    
500             666.760716      5.60404936e-08  -2.9661289     
500             666.760716      9.96556558e-08  -5.96769476    
500             666.760716      1.77215601e-07  -12.4096191    
500             666.760716      3.15138854e-07  -26.4112491    
500             666.760716      5.60404936e-07  -56.7307497    
500             666.760716      9.96556558e-07  -121.412823    
500             666.760716      1.77215601e-06  -256.618106    
500             666.760716      3.15138854e-06  -533.095849    
500             666.760716      5.60404936e-06  -1086.45664    
500             666.760716      9.96556558e-06  -2172.14902    
500             666.760716      1.77215601e-05  -4264.27705    
500             666.760716      3.15138854e-05  -8231.79832    
500             666.760716      5.60404936e-05  -15651.2554    
500             666.760716      9.96556558e-05  -29361.0253    
666.760716      889.139705      0               5.97538019e-09 
666.760716      889.139705      1.77215601e-10  -0.00368771042 
666.760716      889.139705      3.15138854e-10  -0.00656803401 
666.760716      889.139705      5.60404936e-10  -0.0117121815  
666.760716      889.139705      9.96556558e-10  -0.0209297218  
666.760716      889.139705      1.77215601e-09  -0.0375409218  
666.760716      889.139705      3.15138854e-09  -0.0677703715  
666.760716      889.139705      5.60404936e-09  -0.123681018   
666.760716      889.139705      9.96556558e-09  -0.229766213   
666.760716      889.139705      1.77215601e-08  -0.438676825   
666.760716      889.139705      3.15138854e-08  -0.87021101    
666.760716      889.139705      5.60404936e-08  -1.80840046    
666.760716      889.139705      9.96556558e-08  -3.93548855    
666.760716      889.139705      1.77215601e-07  -8.86194161    
666.760716      889.139705      3.15138854e-07  -20.2410649    
666.760716      889.139705      5.60404936e-07  -45.9620152    
666.760716      889.139705      9.96556558e-07  -102.276496    
666.760716      889.139705      1.77215601e-06  -221.398473    
666.760716      889.139705      3.15138854e-06  -465.361691    
666.760716      889.139705      5.60404936e-06  -951.079707    
666.760716      889.139705      9.96556558e-06  -1895.31142    
666.760716      889.139705      1.77215601e-05  -3694.8845     
666.760716      889.139705      3.15138854e-05  -7069.37563    
666.760716      889.139705      5.60404936e-05  -13314.6107    
666.760716      889.139705      9.96556558e-05  -24753.0517    
889.139705      1185.68685      0               0.00232137994  
889.139705      1185.68685      1.77215601e-10  0.00102708694  
889.139705      1185.68685      3.15138854e-10  -2.89443597e-06
889.139705      1185.68685      5.60404936e-10  -0.00188330364 
889.139705      1185.68685      9.96556558e-10  -0.00538072618 
889.139705      1185.68685      1.77215601e-09  -0.0120809873  
889.139705      1185.68685      3.15138854e-09  -0.0254910869  
889.139705      1185.68685      5.60404936e-09  -0.0539286265  
889.139705      1185.68685      9.96556558e-09  -0.11829515    
889.139705      1185.68685      1.77215601e-08  -0.272795114   
889.139705      1185.68685      3.15138854e-08  -0.657601868   
889.139705      1185.68685      5.60404936e-08  -1.62199471    
889.139705      1185.68685      9.96556558e-08  -3.98379946    
889.139705      1185.68685      1.77215601e-07  -9.53031264    
889.139705      1185.68685      3.15138854e-07  -21.9551105    
889.139705      1185.68685      5.60404936e-07  -48.6267673    
889.139705      1185.68685      9.96556558e-07  -103.927036    
889.139705      1185.68685      1.77215601e-06  -215.429914    
889.139705      1185.68685      3.15138854e-06  -435.128675    
889.139705      1185.68685      5.60404936e-06  -859.61414     
889.139705      1185.68685      9.96556558e-06  -1666.12558    
889.139705      1185.68685      1.77215601e-05  -3176.75525    
889.139705      1185.68685      3.15138854e-05  -5972.62881    
889.139705      1185.68685      5.60404936e-05  -11096.8803    
889.139705      1185.68685      9.96556558e-05  -20415.4374    
1185.68685      1581.13883      0               0.00110170771  
1185.68685      1581.13883      1.77215601e-10  -0.000601217407
1185.68685      1581.13883      3.15138854e-10  -0.00194917255 
1185.68685      1581.13883      5.60404936e-10  -0.00439482198 
1185.68685      1581.13883      9.96556558e-10  -0.00889636831 
1185.68685      1581.13883      1.77215601e-09  -0.0173769363  
1185.68685      1581.13883      3.15138854e-09  -0.0339255022  
1185.68685      1581.13883      5.60404936e-09  -0.0678052708  
1185.68685      1581.13883      9.96556558e-09  -0.141180601   
1185.68685      1581.13883      1.77215601e-08  -0.308747977   
1185.68685      1581.13883      3.15138854e-08  -0.705398418   
1185.68685      1581.13883      5.60404936e-08  -1.65422606    
1185.68685      1581.13883      9.96556558e-08  -3.89334836    
1185.68685      1581.13883      1.77215601e-07  -9.01982049    
1185.68685      1581.13883      3.15138854e-07  -20.3111097    
1185.68685      1581.13883      5.60404936e-07  -44.2036791    
1185.68685      1581.13883      9.96556558e-07  -92.9675256    
1185.68685      1581.13883      1.77215601e-06  -189.60368     
1185.68685      1581.13883      3.15138854e-06  -376.765765    
1185.68685      1581.13883      5.60404936e-06  -732.761417    
1185.68685      1581.13883      9.96556558e-06  -1399.98994    
1185.68685      1581.13883      1.77215601e-05  -2635.45819    
1185.68685      1581.13883      3.15138854e-05  -4900.66857    
1185.68685      1581.13883      5.60404936e-05  -9021.6107     
1185.68685      1581.13883      9.96556558e-05  -16473.3474    
1581.13883      2108.48252      0               -0.0230615334  
1581.13883      2108.48252      1.77215601e-10  -0.0215388259  
1581.13883      2108.48252      3.15138854e-10  -0.0203919371  
1581.13883      2108.48252      5.60404936e-10  -0.0184344756  
1581.13883      2108.48252      9.96556558e-10  -0.0152103241  
1581.13883      2108.48252      1.77215601e-09  -0.0102743954  
1581.13883      2108.48252      3.15138854e-09  -0.00394109951 
1581.13883      2108.48252      5.60404936e-09  -1.5561709e-06 
1581.13883      2108.48252      9.96556558e-09  -0.0141367221  
1581.13883      2108.48252      1.77215601e-08  -0.0968938522  
1581.13883      2108.48252      3.15138854e-08  -0.388665475   
1581.13883      2108.48252      5.60404936e-08  -1.23368492    
1581.13883      2108.48252      9.96556558e-08  -3.3880071     
1581.13883      2108.48252      1.77215601e-07  -8.3757728     
1581.13883      2108.48252      3.15138854e-07  -19.1130553    
1581.13883      2108.48252      5.60404936e-07  -41.0509165    
1581.13883      2108.48252      9.96556558e-07  -84.2848       
1581.13883      2108.48252      1.77215601e-06  -167.379218    
1581.13883      2108.48252      3.15138854e-06  -324.222263    
1581.13883      2108.48252      5.60404936e-06  -616.296617    
1581.13883      2108.48252      9.96556558e-06  -1154.63917    
1581.13883      2108.48252      1.77215601e-05  -2138.99994    
1581.13883      2108.48252      3.15138854e-05  -3927.44452    
1581.13883      2108.48252      5.60404936e-05  -7159.98918    
1581.13883      2108.48252      9.96556558e-05  -12978.3544    
2108.48252      2811.70663      0               4.52473614e-09 
2108.48252      2811.70663      1.77215601e-10  -0.00279588134 
2108.48252      2811.70663      3.15138854e-10  -0.00498593275 
2108.48252      2811.70663      5.60404936e-10  -0.00891075202 
2108.48252      2811.70663      9.96556558e-10  -0.0159853886  
2108.48252      2811.70663      1.77215601e-09  -0.0288638713  
2108.48252      2811.70663      3.15138854e-09  -0.0526891842  
2108.48252      2811.70663      5.60404936e-09  -0.0978821803  
2108.48252      2811.70663      9.96556558e-09  -0.186682348   
2108.48252      2811.70663      1.77215601e-08  -0.368822023   
2108.48252      2811.70663      3.15138854e-08  -0.758347153   
2108.48252      2811.70663      5.60404936e-08  -1.61484637    
2108.48252      2811.70663      9.96556558e-08  -3.5070415     
2108.48252      2811.70663      1.77215601e-07  -7.61416659    
2108.48252      2811.70663      3.15138854e-07  -16.2525752    
2108.48252      2811.70663      5.60404936e-07  -33.7935904    
2108.48252      2811.70663      9.96556558e-07  -68.3003864    
2108.48252      2811.70663      1.77215601e-06  -134.475157    
2108.48252      2811.70663      3.15138854e-06  -258.927845    
2108.48252      2811.70663      5.60404936e-06  -489.549108    
2108.48252      2811.70663      9.96556558e-06  -912.207277    
2108.48252      2811.70663      1.77215601e-05  -1680.52673    
2108.48252      2811.70663      3.15138854e-05  -3068.95206    
2108.48252      2811.70663      5.60404936e-05  -5567.20386    
2108.48252      2811.70663      9.96556558e-05  -10048.2968    
2811.70663      3749.47105      0               1.30762601e-08 
2811.70663      3749.47105      1.77215601e-10  -0.00805252819 
2811.70663      3749.47105      3.15138854e-10  -0.0143213133  
2811.70663      3749.47105      5.60404936e-10  -0.0254725444  
2811.70663      3749.47105      9.96556558e-10  -0.0453138426  
2811.70663      3749.47105      1.77215601e-09  -0.0806327837  
2811.70663      3749.47105      3.15138854e-09  -0.143551403   
2811.70663      3749.47105      5.60404936e-09  -0.255786991   
2811.70663      3749.47105      9.96556558e-09  -0.456451753   
2811.70663      3749.47105      1.77215601e-08  -0.816572107   
2811.70663      3749.47105      3.15138854e-08  -1.46669267    
2811.70663      3749.47105      5.60404936e-08  -2.65042227    
2811.70663      3749.47105      9.96556558e-08  -4.8292667     
2811.70663      3749.47105      1.77215601e-07  -8.88585581    
2811.70663      3749.47105      3.15138854e-07  -16.5078364    
2811.70663      3749.47105      5.60404936e-07  -30.8931778    
2811.70663      3749.47105      9.96556558e-07  -58.0221249    
2811.70663      3749.47105      1.77215601e-06  -108.928658    
2811.70663      3749.47105      3.15138854e-06  -203.735876    
2811.70663      3749.47105      5.60404936e-06  -378.807699    
2811.70663      3749.47105      9.96556558e-06  -699.423875    
2811.70663      3749.47105      1.77215601e-05  -1282.28619    
2811.70663      3749.47105      3.15138854e-05  -2335.5561     
2811.70663      3749.47105      5.60404936e-05  -4230.11624    
2811.70663      3749.47105      9.96556558e-05  -7626.35202    
3749.47105      5000            0               -0.0124148142  
3749.47105      5000            1.77215601e-10  -0.0115384055  
3749.47105      5000            3.15138854e-10  -0.010877839   
3749.47105      5000            5.60404936e-10  -0.00974932489 
3749.47105      5000            9.96556558e-10  -0.00788673323 
3749.47105      5000            1.77215601e-09  -0.00502108344 
3749.47105      5000            3.15138854e-09  -0.00128650587 
3749.47105      5000            5.60404936e-09  0.00131108508  
3749.47105      5000            9.96556558e-09  -0.00558929338 
3749.47105      5000            1.77215601e-08  -0.0486855923  
3749.47105      5000            3.15138854e-08  -0.201029419   
3749.47105      5000            5.60404936e-08  -0.639394847   
3749.47105      5000            9.96556558e-08  -1.74950877    
3749.47105      5000            1.77215601e-07  -4.30617014    
3749.47105      5000            3.15138854e-07  -9.77413581    
3749.47105      5000            5.60404936e-07  -20.8204633    
3749.47105      5000            9.96556558e-07  -42.2214733    
3749.47105      5000            1.77215601e-06  -82.5047312    
3749.47105      5000            3.15138854e-06  -156.92174     
3749.47105      5000            5.60404936e-06  -292.784831    
3749.47105      5000            9.96556558e-06  -538.986921    
3749.47105      5000            1.77215601e-05  -982.93302     
3749.47105      5000            3.15138854e-05  -1780.62379    
3749.47105      5000            5.60404936e-05  -3210.11914    
3749.47105      5000            9.96556558e-05  -5766.6063     
5000            6667.60716      0               -0.000728680151
5000            6667.60716      1.77215601e-10  -0.000438857992
5000            6667.60716      3.15138854e-10  -0.000242701172
5000            6667.60716      5.60404936e-10  4.3389809e-05  
5000            6667.60716      9.96556558e-10  0.000357605648 
5000            6667.60716      1.77215601e-09  0.000321880974 
5000            6667.60716      3.15138854e-09  -0.00151356633 
5000            6667.60716      5.60404936e-09  -0.00984527708 
5000            6667.60716      9.96556558e-09  -0.0382435615  
5000            6667.60716      1.77215601e-08  -0.121845056   
5000            6667.60716      3.15138854e-08  -0.34168099    
5000            6667.60716      5.60404936e-08  -0.86506773    
5000            6667.60716      9.96556558e-08  -2.01020796    
5000            6667.60716      1.77215601e-07  -4.35885369    
5000            6667.60716      3.15138854e-07  -8.96804478    
5000            6667.60716      5.60404936e-07  -17.7668699    
5000            6667.60716      9.96556558e-07  -34.2779444    
5000            6667.60716      1.77215601e-06  -64.9030354    
5000            6667.60716      3.15138854e-06  -121.198258    
5000            6667.60716      5.60404936e-06  -223.897696    
5000            6667.60716      9.96556558e-06  -410.036731    
5000            6667.60716      1.77215601e-05  -745.596019    
5000            6667.60716      3.15138854e-05  -1348.00381    
5000            6667.60716      5.60404936e-05  -2426.21109    
5000            6667.60716      9.96556558e-05  -4352.02017    
6667.60716      8891.39705      0               7.61519914e-09 
6667.60716      8891.39705      1.77215601e-10  -0.00468861201 
6667.60716      8891.39705      3.15138854e-10  -0.00833779495 
6667.60716      8891.39705      5.60404936e-10  -0.0148273359  
6667.60716      8891.39705      9.96556558e-10  -0.0263684194  
6667.60716      8891.39705      1.77215601e-09  -0.0468944276  
6667.60716      8891.39705      3.15138854e-09  -0.0834040462  
6667.60716      8891.39705      5.60404936e-09  -0.148355593   
6667.60716      8891.39705      9.96556558e-09  -0.263943287   
6667.60716      8891.39705      1.77215601e-08  -0.469758979   
6667.60716      8891.39705      3.15138854e-08  -0.836591907   
6667.60716      8891.39705      5.60404936e-08  -1.49148921    
6667.60716      8891.39705      9.96556558e-08  -2.6637993     
6667.60716      8891.39705      1.77215601e-07  -4.77092902    
6667.60716      8891.39705      3.15138854e-07  -8.57973726    
6667.60716      8891.39705      5.60404936e-07  -15.509732     
6667.60716      8891.39705      9.96556558e-07  -28.1913433    
6667.60716      8891.39705      1.77215601e-06  -51.4623496    
6667.60716      8891.39705      3.15138854e-06  -94.1081097    
6667.60716      8891.39705      5.60404936e-06  -171.902863    
6667.60716      8891.39705      9.96556558e-06  -312.989435    
6667.60716      8891.39705      1.77215601e-05  -567.463795    
6667.60716      8891.39705      3.15138854e-05  -1024.45897    
6667.60716      8891.39705      5.60404936e-05  -1842.55689    
6667.60716      8891.39705      9.96556558e-05  -3303.88456    
8891.39705      11856.8685      0               6.54722498e-09 
8891.39705      11856.8685      1.77215601e-10  -0.00403110464 
8891.39705      11856.8685      3.15138854e-10  -0.00716849072 
8891.39705      11856.8685      5.60404936e-10  -0.0127477592  
8891.39705      11856.8685      9.96556558e-10  -0.0226696349  
8891.39705      11856.8685      1.77215601e-09  -0.040314694   
8891.39705      11856.8685      3.15138854e-09  -0.0716963007  
8891.39705      11856.8685      5.60404936e-09  -0.127513417   
8891.39705      11856.8685      9.96556558e-09  -0.226809076   
8891.39705      11856.8685      1.77215601e-08  -0.403500882   
8891.39705      11856.8685      3.15138854e-08  -0.718068903   
8891.39705      11856.8685      5.60404936e-08  -1.2785594     
8891.39705      11856.8685      9.96556558e-08  -2.27854308    
8891.39705      11856.8685      1.77215601e-07  -4.06614361    
8891.39705      11856.8685      3.15138854e-07  -7.2700556     
8891.39705      11856.8685      5.60404936e-07  -13.0289381    
8891.39705      11856.8685      9.96556558e-07  -23.4043578    
8891.39705      11856.8685      1.77215601e-06  -42.1140552    
8891.39705      11856.8685      3.15138854e-06  -75.8243489    
8891.39705      11856.8685      5.60404936e-06  -136.431365    
8891.39705      11856.8685      9.96556558e-06  -245.111159    
8891.39705      11856.8685      1.77215601e-05  -439.539411    
8891.39705      11856.8685      3.15138854e-05  -786.763102    
8891.39705      11856.8685      5.60404936e-05  -1406.11331    
8891.39705      11856.8685      9.96556558e-05  -2509.94863    
11856.8685      15811.3883      0               5.41240297e-09 
11856.8685      15811.3883      1.77215601e-10  -0.00333251824 
11856.8685      15811.3883      3.15138854e-10  -0.00592615336 
11856.8685      15811.3883      5.60404936e-10  -0.0105383625  
11856.8685      15811.3883      9.96556558e-10  -0.0187401629  
11856.8685      15811.3883      1.77215601e-09  -0.0333252681  
11856.8685      15811.3883      3.15138854e-09  -0.0592616989  
11856.8685      15811.3883      5.60404936e-09  -0.105384043   
11856.8685      15811.3883      9.96556558e-09  -0.187402844   
11856.8685      15811.3883      1.77215601e-08  -0.333256413   
11856.8685      15811.3883      3.15138854e-08  -0.592628672   
11856.8685      15811.3883      5.60404936e-08  -1.05387718    
11856.8685      15811.3883      9.96556558e-08  -1.8741441     
11856.8685      15811.3883      1.77215601e-07  -3.33292719    
11856.8685      15811.3883      3.15138854e-07  -5.92742051    
11856.8685      15811.3883      5.60404936e-07  -10.5422801    
11856.8685      15811.3883      9.96556558e-07  -18.7521304    
11856.8685      15811.3883      1.77215601e-06  -33.3610388    
11856.8685      15811.3883      3.15138854e-06  -59.3650983    
11856.8685      15811.3883      5.60404936e-06  -105.669437    
11856.8685      15811.3883      9.96556558e-06  -188.147052    
11856.8685      15811.3883      1.77215601e-05  -335.080086    
11856.8685      15811.3883      3.15138854e-05  -596.831125    
11856.8685      15811.3883      5.60404936e-05  -1063.0293     
11856.8685      15811.3883      9.96556558e-05  -1893.11702    
15811.3883      21084.8252      0               0.00749159773  
15811.3883      21084.8252      1.77215601e-10  0.00497359466  
15811.3883      21084.8252      3.15138854e-10  0.00301388458  
15811.3883      21084.8252      5.60404936e-10  -0.000471027787
15811.3883      21084.8252      9.96556558e-10  -0.00666817662 
15811.3883      21084.8252      1.77215601e-09  -0.0176884417  
15811.3883      21084.8252      3.15138854e-09  -0.0372855615  
15811.3883      21084.8252      5.60404936e-09  -0.0721347452  
15811.3883      21084.8252      9.96556558e-09  -0.134106423   
15811.3883      21084.8252      1.77215601e-08  -0.244309674   
15811.3883      21084.8252      3.15138854e-08  -0.440282765   
15811.3883      21084.8252      5.60404936e-08  -0.788780581   
15811.3883      21084.8252      9.96556558e-08  -1.40851621    
15811.3883      21084.8252      1.77215601e-07  -2.51060802    
15811.3883      21084.8252      3.15138854e-07  -4.47052475    
15811.3883      21084.8252      5.60404936e-07  -7.95608106    
15811.3883      21084.8252      9.96556558e-07  -14.1552146    
15811.3883      21084.8252      1.77215601e-06  -25.181486     
15811.3883      21084.8252      3.15138854e-06  -44.7962549    
15811.3883      21084.8252      5.60404936e-06  -79.6950435    
15811.3883      21084.8252      9.96556558e-06  -141.797871    
15811.3883      21084.8252      1.77215601e-05  -252.323074    
15811.3883      21084.8252      3.15138854e-05  -449.027552    
15811.3883      21084.8252      5.60404936e-05  -799.075712    
15811.3883      21084.8252      9.96556558e-05  -1421.92574    
21084.8252      28117.0663      0               3.03521119e-09 
21084.8252      28117.0663      1.77215601e-10  -0.0018688268  
21084.8252      28117.0663      3.15138854e-10  -0.00332329885 
21084.8252      28117.0663      5.60404936e-10  -0.00590975713 
21084.8252      28117.0663      9.96556558e-10  -0.0105092045  
21084.8252      28117.0663      1.77215601e-09  -0.0186883129  
21084.8252      28117.0663      3.15138854e-09  -0.0332330713  
21084.8252      28117.0663      5.60404936e-09  -0.0590977742  
21084.8252      28117.0663      9.96556558e-09  -0.105092627   
21084.8252      28117.0663      1.77215601e-08  -0.18688491    
21084.8252      28117.0663      3.15138854e-08  -0.332336283   
21084.8252      28117.0663      5.60404936e-08  -0.590995273   
21084.8252      28117.0663      9.96556558e-08  -1.05098151    
21084.8252      28117.0663      1.77215601e-07  -1.86902298    
21084.8252      28117.0663      3.15138854e-07  -3.32390846    
21084.8252      28117.0663      5.60404936e-07  -5.91165516    
21084.8252      28117.0663      9.96556558e-07  -10.5150751    
21084.8252      28117.0663      1.77215601e-06  -18.7062161    
21084.8252      28117.0663      3.15138854e-06  -33.2864089    
21084.8252      28117.0663      5.60404936e-06  -59.2512066    
21084.8252      28117.0663      9.96556558e-06  -105.513453    
21084.8252      28117.0663      1.77215601e-05  -187.974056    
21084.8252      28117.0663      3.15138854e-05  -334.982758    
21084.8252      28117.0663      5.60404936e-05  -597.038904    
21084.8252      28117.0663      9.96556558e-05  -1064.0264     
28117.0663      37494.7105      0               1.2413202e-05  
28117.0663      37494.7105      1.77215601e-10  -0.00136416865 
28117.0663      37494.7105      3.15138854e-10  -0.00243553585 
28117.0663      37494.7105      5.60404936e-10  -0.00434073017 
28117.0663      37494.7105      9.96556558e-10  -0.00772871094 
28117.0663      37494.7105      1.77215601e-09  -0.0137535282  
28117.0663      37494.7105      3.15138854e-09  -0.024467466   
28117.0663      37494.7105      5.60404936e-09  -0.0435202492  
28117.0663      37494.7105      9.96556558e-09  -0.0774027108  
28117.0663      37494.7105      1.77215601e-08  -0.137659263   
28117.0663      37494.7105      3.15138854e-08  -0.244825065   
28117.0663      37494.7105      5.60404936e-08  -0.435436045   
28117.0663      37494.7105      9.96556558e-08  -0.774521314   
28117.0663      37494.7105      1.77215601e-07  -1.37789855    
28117.0663      37494.7105      3.15138854e-07  -2.45205573    
28117.0663      37494.7105      5.60404936e-07  -4.36571399    
28117.0663      37494.7105      9.96556558e-07  -7.77866691    
28117.0663      37494.7105      1.77215601e-06  -13.8741244    
28117.0663      37494.7105      3.15138854e-06  -24.7765748    
28117.0663      37494.7105      5.60404936e-06  -44.2975649    
28117.0663      37494.7105      9.96556558e-06  -79.2562362    
28117.0663      37494.7105      1.77215601e-05  -141.812842    
28117.0663      37494.7105      3.15138854e-05  -253.606437    
28117.0663      37494.7105      5.60404936e-05  -453.11535     
28117.0663      37494.7105      9.96556558e-05  -808.757455    
37494.7105      50000           0               -0.000429048382
37494.7105      50000           1.77215601e-10  -0.000298349493
37494.7105      50000           3.15138854e-10  -0.000197661175
37494.7105      50000           5.60404936e-10  -2.08348129e-05
37494.7105      50000           9.96556558e-10  0.000286600266 
37494.7105      50000           1.77215601e-09  0.000811280183 
37494.7105      50000           3.15138854e-09  0.00167547187  
37494.7105      50000           5.60404936e-09  0.00299903619  
37494.7105      50000           9.96556558e-09  0.00470249832  
37494.7105      50000           1.77215601e-08  0.0058006058   
37494.7105      50000           3.15138854e-08  0.0022625547   
37494.7105      50000           5.60404936e-08  -0.0186085942  
37494.7105      50000           9.96556558e-08  -0.0907596433  
37494.7105      50000           1.77215601e-07  -0.29287997    
37494.7105      50000           3.15138854e-07  -0.785724723   
37494.7105      50000           5.60404936e-07  -1.86857215    
37494.7105      50000           9.96556558e-07  -4.07266577    
37494.7105      50000           1.77215601e-06  -8.32997882    
37494.7105      50000           3.15138854e-06  -16.2813364    
37494.7105      50000           5.60404936e-06  -30.8307425    
37494.7105      50000           9.96556558e-06  -57.1342565    
37494.7105      50000           1.77215601e-05  -104.360669    
37494.7105      50000           3.15138854e-05  -188.826117    
37494.7105      50000           5.60404936e-05  -339.572852    
37494.7105      50000           9.96556558e-05  -608.289426    
50000           66676.0716      0               0.000207722529 
50000           66676.0716      1.77215601e-10  -0.000615123904
50000           66676.0716      3.15138854e-10  -0.00125552834 
50000           66676.0716      5.60404936e-10  -0.00239434636 
50000           66676.0716      9.96556558e-10  -0.00441948301 
50000           66676.0716      1.77215601e-09  -0.0080207418  
50000           66676.0716      3.15138854e-09  -0.0144247862  
50000           66676.0716      5.60404936e-09  -0.0258129664  
50000           66676.0716      9.96556558e-09  -0.0460643328  
50000           66676.0716      1.77215601e-08  -0.0820769208  
50000           66676.0716      3.15138854e-08  -0.146117364   
50000           66676.0716      5.60404936e-08  -0.259999167   
50000           66676.0716      9.96556558e-08  -0.462512832   
50000           66676.0716      1.77215601e-07  -0.822638712   
50000           66676.0716      3.15138854e-07  -1.46304315    
50000           66676.0716      5.60404936e-07  -2.60186119    
50000           66676.0716      9.96556558e-07  -4.62699788    
50000           66676.0716      1.77215601e-06  -8.22825682    
50000           66676.0716      3.15138854e-06  -14.6323016    
50000           66676.0716      5.60404936e-06  -26.0204833    
50000           66676.0716      9.96556558e-06  -46.2718543    
50000           66676.0716      1.77215601e-05  -82.2844566    
50000           66676.0716      3.15138854e-05  -146.324946    
50000           66676.0716      5.60404936e-05  -260.20689     
50000           66676.0716      9.96556558e-05  -462.721001    
66676.0716      88913.9705      0               0.00034824108  
66676.0716      88913.9705      1.77215601e-10  -0.000264863027
66676.0716      88913.9705      3.15138854e-10  -0.000742029331
66676.0716      88913.9705      5.60404936e-10  -0.00159056435 
66676.0716      88913.9705      9.96556558e-10  -0.00309949669 
66676.0716      88913.9705      1.77215601e-09  -0.00578280003 
66676.0716      88913.9705      3.15138854e-09  -0.0105544632  
66676.0716      88913.9705      5.60404936e-09  -0.0190398136  
66676.0716      88913.9705      9.96556558e-09  -0.0341291379  
66676.0716      88913.9705      1.77215601e-08  -0.0609621739  
66676.0716      88913.9705      3.15138854e-08  -0.108678813   
66676.0716      88913.9705      5.60404936e-08  -0.193532344   
66676.0716      88913.9705      9.96556558e-08  -0.344425671   
66676.0716      88913.9705      1.77215601e-07  -0.612756295   
66676.0716      88913.9705      3.15138854e-07  -1.08992352    
66676.0716      88913.9705      5.60404936e-07  -1.93846146    
66676.0716      88913.9705      9.96556558e-07  -3.44740304    
66676.0716      88913.9705      1.77215601e-06  -6.13073548    
66676.0716      88913.9705      3.15138854e-06  -10.9024901    
66676.0716      88913.9705      5.60404936e-06  -19.3881269    
66676.0716      88913.9705      9.96556558e-06  -34.4783411    
66676.0716      88913.9705      1.77215601e-05  -61.3141065    
66676.0716      88913.9705      3.15138854e-05  -109.038939    
66676.0716      88913.9705      5.60404936e-05  -193.916242    
66676.0716      88913.9705      9.96556558e-05  -344.875159    
88913.9705      118568.685      0               0.000248113616 
88913.9705      118568.685      1.77215601e-10  -0.000210549756
88913.9705      118568.685      3.15138854e-10  -0.000567518015
88913.9705      118568.685      5.60404936e-10  -0.00120230732 
88913.9705      118568.685      9.96556558e-10  -0.00233114007 
88913.9705      118568.685      1.77215601e-09  -0.00433852011 
88913.9705      118568.685      3.15138854e-09  -0.00790820269 
88913.9705      118568.685      5.60404936e-09  -0.0142560957  
88913.9705      118568.685      9.96556558e-09  -0.0255444233  
88913.9705      118568.685      1.77215601e-08  -0.0456182237  
88913.9705      118568.685      3.15138854e-08  -0.0813150497  
88913.9705      118568.685      5.60404936e-08  -0.144793981   
88913.9705      118568.685      9.96556558e-08  -0.257677258   
88913.9705      118568.685      1.77215601e-07  -0.458415268   
88913.9705      118568.685      3.15138854e-07  -0.815383546   
88913.9705      118568.685      5.60404936e-07  -1.45017291    
88913.9705      118568.685      9.96556558e-07  -2.57900586    
88913.9705      118568.685      1.77215601e-06  -4.58638651    
88913.9705      118568.685      3.15138854e-06  -8.15607106    
88913.9705      118568.685      5.60404936e-06  -14.5039703    
88913.9705      118568.685      9.96556558e-06  -25.7923173    
88913.9705      118568.685      1.77215601e-05  -45.8661789    
88913.9705      118568.685      3.15138854e-05  -81.5631971    
88913.9705      118568.685      5.60404936e-05  -145.042727    
88913.9705      118568.685      9.96556558e-05  -257.927852    
118568.685      158113.883      0               0.0012141796   
118568.685      158113.883      1.77215601e-10  0.000873236696 
118568.685      158113.883      3.15138854e-10  0.000607887856 
118568.685      158113.883      5.60404936e-10  0.000136023477 
118568.685      158113.883      9.96556558e-10  -0.000703083236
118568.685      158113.883      1.77215601e-09  -0.00219524943 
118568.685      158113.883      3.15138854e-09  -0.00484873788 
118568.685      158113.883      5.60404936e-09  -0.00956738183 
118568.685      158113.883      9.96556558e-09  -0.0179584494  
118568.685      158113.883      1.77215601e-08  -0.0328801129  
118568.685      158113.883      3.15138854e-08  -0.0594150022  
118568.685      158113.883      5.60404936e-08  -0.106601457   
118568.685      158113.883      9.96556558e-08  -0.19051218    
118568.685      158113.883      1.77215601e-07  -0.339728966   
118568.685      158113.883      3.15138854e-07  -0.605078334   
118568.685      158113.883      5.60404936e-07  -1.07694438    
118568.685      158113.883      9.96556558e-07  -1.91605636    
118568.685      158113.883      1.77215601e-06  -3.40823918    
118568.685      158113.883      3.15138854e-06  -6.06177997    
118568.685      158113.883      5.60404936e-06  -10.7805881    
118568.685      158113.883      9.96556558e-06  -19.1721682    
118568.685      158113.883      1.77215601e-05  -34.0954145    
118568.685      158113.883      3.15138854e-05  -60.6351116    
118568.685      158113.883      5.60404936e-05  -107.835774    
118568.685      158113.883      9.96556558e-05  -191.786751    
158113.883      210848.252      0               0.000154325135 
158113.883      210848.252      1.77215601e-10  -0.000101154749
158113.883      210848.252      3.15138854e-10  -0.000299989483
158113.883      210848.252      5.60404936e-10  -0.000653573195
158113.883      210848.252      9.96556558e-10  -0.00128234383 
158113.883      210848.252      1.77215601e-09  -0.0024004737  
158113.883      210848.252      3.15138854e-09  -0.00438882104 
158113.883      210848.252      5.60404936e-09  -0.00792465816 
158113.883      210848.252      9.96556558e-09  -0.0142123645  
158113.883      210848.252      1.77215601e-08  -0.0253936633  
158113.883      210848.252      3.15138854e-08  -0.0452771366  
158113.883      210848.252      5.60404936e-08  -0.0806355079  
158113.883      210848.252      9.96556558e-08  -0.143512572   
158113.883      210848.252      1.77215601e-07  -0.255325559   
158113.883      210848.252      3.15138854e-07  -0.454160294   
158113.883      210848.252      5.60404936e-07  -0.80774401    
158113.883      210848.252      9.96556558e-07  -1.43651466    
158113.883      210848.252      1.77215601e-06  -2.55464457    
158113.883      210848.252      3.15138854e-06  -4.54299202    
158113.883      210848.252      5.60404936e-06  -8.07882953    
158113.883      210848.252      9.96556558e-06  -14.3665371    
158113.883      210848.252      1.77215601e-05  -25.5478396    
158113.883      210848.252      3.15138854e-05  -45.4313249    
158113.883      210848.252      5.60404936e-05  -80.7897339    
158113.883      210848.252      9.96556558e-05  -143.666916    
210848.252      281170.663      0               0.000515744399 
210848.252      281170.663      1.77215601e-10  0.000325062697 
210848.252      281170.663      3.15138854e-10  0.000176659054 
210848.252      281170.663      5.60404936e-10  -8.72440884e-05
210848.252      281170.663      9.96556558e-10  -0.000556537613
210848.252      281170.663      1.77215601e-09  -0.00139107263 
210848.252      281170.663      3.15138854e-09  -0.00287510906 
210848.252      281170.663      5.60404936e-09  -0.00551414049 
210848.252      281170.663      9.96556558e-09  -0.0102070758  
210848.252      281170.663      1.77215601e-08  -0.018552426   
210848.252      281170.663      3.15138854e-08  -0.0333927907  
210848.252      281170.663      5.60404936e-08  -0.0597831062  
210848.252      281170.663      9.96556558e-08  -0.106712463   
210848.252      281170.663      1.77215601e-07  -0.190165976   
210848.252      281170.663      3.15138854e-07  -0.338569659   
210848.252      281170.663      5.60404936e-07  -0.602472928   
210848.252      281170.663      9.96556558e-07  -1.07176685    
210848.252      281170.663      1.77215601e-06  -1.90630312    
210848.252      281170.663      3.15138854e-06  -3.39034353    
210848.252      281170.663      5.60404936e-06  -6.02938752    
210848.252      281170.663      9.96556558e-06  -10.7223624    
210848.252      281170.663      1.77215601e-05  -19.0678368    
210848.252      281170.663      3.15138854e-05  -33.9085898    
210848.252      281170.663      5.60404936e-05  -60.3001083    
210848.252      281170.663      9.96556558e-05  -107.233136    
281170.663      374947.105      0               2.30402142e-10 
281170.663      374947.105      1.77215601e-10  -0.000141860677
281170.663      374947.105      3.15138854e-10  -0.0002522681  
281170.663      374947.105      5.60404936e-10  -0.000448603347
281170.663      374947.105      9.96556558e-10  -0.000797742274
281170.663      374947.105      1.77215601e-09  -0.00141860884 
281170.663      374947.105      3.15138854e-09  -0.00252268307 
281170.663      374947.105      5.60404936e-09  -0.00448603554 
281170.663      374947.105      9.96556558e-09  -0.00797742481 
281170.663      374947.105      1.77215601e-08  -0.0141860905  
281170.663      374947.105      3.15138854e-08  -0.0252268328  
281170.663      374947.105      5.60404936e-08  -0.0448603575  
281170.663      374947.105      9.96556558e-08  -0.0797742502  
281170.663      374947.105      1.77215601e-07  -0.141860907   
281170.663      374947.105      3.15138854e-07  -0.25226833    
281170.663      374947.105      5.60404936e-07  -0.448603577   
281170.663      374947.105      9.96556558e-07  -0.797742504   
281170.663      374947.105      1.77215601e-06  -1.41860907    
281170.663      374947.105      3.15138854e-06  -2.5226833     
281170.663      374947.105      5.60404936e-06  -4.48603577    
281170.663      374947.105      9.96556558e-06  -7.97742505    
281170.663      374947.105      1.77215601e-05  -14.1860907    
281170.663      374947.105      3.15138854e-05  -25.226833     
281170.663      374947.105      5.60404936e-05  -44.8603577    
281170.663      374947.105      9.96556558e-05  -79.7742505    
374947.105      500000          0               0.000367062551 
374947.105      500000          1.77215601e-10  0.000263991003 
374947.105      500000          3.15138854e-10  0.000183772539 
374947.105      500000          5.60404936e-10  4.1121696e-05  
374947.105      500000          9.96556558e-10  -0.000212551361
374947.105      500000          1.77215601e-09  -0.000663652934
374947.105      500000          3.15138854e-09  -0.00146583757 
374947.105      500000          5.60404936e-09  -0.002892346   
374947.105      500000          9.96556558e-09  -0.00542907657 
374947.105      500000          1.77215601e-08  -0.0099400923  
374947.105      500000          3.15138854e-08  -0.0179619387  
374947.105      500000          5.60404936e-08  -0.032227023   
374947.105      500000          9.96556558e-08  -0.0575943287  
374947.105      500000          1.77215601e-07  -0.102704486   
374947.105      500000          3.15138854e-07  -0.18292295    
374947.105      500000          5.60404936e-07  -0.325573793   
374947.105      500000          9.96556558e-07  -0.57924685    
374947.105      500000          1.77215601e-06  -1.03034843    
374947.105      500000          3.15138854e-06  -1.83253307    
374947.105      500000          5.60404936e-06  -3.25904152    
374947.105      500000          9.96556558e-06  -5.79577214    
374947.105      500000          1.77215601e-05  -10.306788     
374947.105      500000          3.15138854e-05  -18.328635     
374947.105      500000          5.60404936e-05  -32.593721     
374947.105      500000          9.96556558e-05  -57.961032     
