### /nfs/slac/g/ki/ki20/cta/mdwood/fermi/dsph_pipeline/des_dwarfs/v6/p302_6yr_source_psf0123_point_gs_jsigma0.6/results/like_sagittarius_II.txt
#[0]emin(MeV) [1]emax(MeV) [2]eflux(MeV/cm^2/s) [3]deltaLogLike
500             666.760716      0               0.00835055844  
500             666.760716      1.77215601e-10  0.00759478335  
500             666.760716      3.15138854e-10  0.0070029782   
500             666.760716      5.60404936e-10  0.00594280117  
500             666.760716      9.96556558e-10  0.0040329201   
500             666.760716      1.77215601e-09  0.000558964341 
500             666.760716      3.15138854e-09  -0.00586366181 
500             666.760716      5.60404936e-09  -0.0180561759  
500             666.760716      9.96556558e-09  -0.0421583334  
500             666.760716      1.77215601e-08  -0.0925708973  
500             666.760716      3.15138854e-08  -0.205550555   
500             666.760716      5.60404936e-08  -0.477361265   
500             666.760716      9.96556558e-08  -1.170537      
500             666.760716      1.77215601e-07  -2.99981575    
500             666.760716      3.15138854e-07  -7.85795406    
500             666.760716      5.60404936e-07  -20.5268213    
500             666.760716      9.96556558e-07  -52.4137089    
500             666.760716      1.77215601e-06  -129.18791     
500             666.760716      3.15138854e-06  -305.662593    
500             666.760716      5.60404936e-06  -693.925956    
500             666.760716      9.96556558e-06  -1515.39962    
500             666.760716      1.77215601e-05  -3195.56497    
500             666.760716      3.15138854e-05  -6534.21944    
500             666.760716      5.60404936e-05  -13009.0912    
500             666.760716      9.96556558e-05  -25314.9776    
666.760716      889.139705      0               0.000311519401 
666.760716      889.139705      1.77215601e-10  -0.00161046316 
666.760716      889.139705      3.15138854e-10  -0.00311028467 
666.760716      889.139705      5.60404936e-10  -0.0057859903  
666.760716      889.139705      9.96556558e-10  -0.0105713211  
666.760716      889.139705      1.77215601e-09  -0.0191667578  
666.760716      889.139705      3.15138854e-09  -0.0347221886  
666.760716      889.139705      5.60404936e-09  -0.0632338637  
666.760716      889.139705      9.96556558e-09  -0.116594531   
666.760716      889.139705      1.77215601e-08  -0.219739301   
666.760716      889.139705      3.15138854e-08  -0.428447196   
666.760716      889.139705      5.60404936e-08  -0.87539583    
666.760716      889.139705      9.96556558e-08  -1.88997738    
666.760716      889.139705      1.77215601e-07  -4.30159365    
666.760716      889.139705      3.15138854e-07  -10.1671375    
666.760716      889.139705      5.60404936e-07  -24.3999931    
666.760716      889.139705      9.96556558e-07  -58.1708764    
666.760716      889.139705      1.77215601e-06  -135.608886    
666.760716      889.139705      3.15138854e-06  -306.524652    
666.760716      889.139705      5.60404936e-06  -670.053841    
666.760716      889.139705      9.96556558e-06  -1417.86247    
666.760716      889.139705      1.77215601e-05  -2911.98437    
666.760716      889.139705      3.15138854e-05  -5823.7663     
666.760716      889.139705      5.60404936e-05  -11380.8444    
666.760716      889.139705      9.96556558e-05  -21805.6909    
889.139705      1185.68685      0               4.87852958e-09 
889.139705      1185.68685      1.77215601e-10  -0.00301012047 
889.139705      1185.68685      3.15138854e-10  -0.00535941074 
889.139705      1185.68685      5.60404936e-10  -0.00955129439 
889.139705      1185.68685      9.96556558e-10  -0.0170504095  
889.139705      1185.68685      1.77215601e-09  -0.030526989   
889.139705      1185.68685      3.15138854e-09  -0.0549352115  
889.139705      1185.68685      5.60404936e-09  -0.0997246765  
889.139705      1185.68685      9.96556558e-09  -0.183662834   
889.139705      1185.68685      1.77215601e-08  -0.346019344   
889.139705      1185.68685      3.15138854e-08  -0.673698682   
889.139705      1185.68685      5.60404936e-08  -1.36790547    
889.139705      1185.68685      9.96556558e-08  -2.90362499    
889.139705      1185.68685      1.77215601e-07  -6.38892645    
889.139705      1185.68685      3.15138854e-07  -14.3187908    
889.139705      1185.68685      5.60404936e-07  -32.0751524    
889.139705      1185.68685      9.96556558e-07  -70.8425366    
889.139705      1185.68685      1.77215601e-06  -153.199667    
889.139705      1185.68685      3.15138854e-06  -323.62134     
889.139705      1185.68685      5.60404936e-06  -667.749885    
889.139705      1185.68685      9.96556558e-06  -1347.19984    
889.139705      1185.68685      1.77215601e-05  -2661.91013    
889.139705      1185.68685      3.15138854e-05  -5161.40453    
889.139705      1185.68685      5.60404936e-05  -9842.91442    
889.139705      1185.68685      9.96556558e-05  -18503.8328    
1185.68685      1581.13883      0               -0.429429118   
1185.68685      1581.13883      1.77215601e-10  -0.426215019   
1185.68685      1581.13883      3.15138854e-10  -0.423723556   
1185.68685      1581.13883      5.60404936e-10  -0.419314609   
1185.68685      1581.13883      9.96556558e-10  -0.411542225   
1185.68685      1581.13883      1.77215601e-09  -0.397934205   
1185.68685      1581.13883      3.15138854e-09  -0.37440238    
1185.68685      1581.13883      5.60404936e-09  -0.334622552   
1185.68685      1581.13883      9.96556558e-09  -0.270190675   
1185.68685      1581.13883      1.77215601e-08  -0.17441911    
1185.68685      1581.13883      3.15138854e-08  -0.0582169784  
1185.68685      1581.13883      5.60404936e-08  0.000260957513 
1185.68685      1581.13883      9.96556558e-08  -0.277087326   
1185.68685      1581.13883      1.77215601e-07  -1.68431526    
1185.68685      1581.13883      3.15138854e-07  -6.2140185     
1185.68685      1581.13883      5.60404936e-07  -18.4138845    
1185.68685      1581.13883      9.96556558e-07  -47.92801      
1185.68685      1581.13883      1.77215601e-06  -114.128366    
1185.68685      1581.13883      3.15138854e-06  -254.511188    
1185.68685      1581.13883      5.60404936e-06  -539.927188    
1185.68685      1581.13883      9.96556558e-06  -1102.12506    
1185.68685      1581.13883      1.77215601e-05  -2183.22794    
1185.68685      1581.13883      3.15138854e-05  -4224.01813    
1185.68685      1581.13883      5.60404936e-05  -8020.90475    
1185.68685      1581.13883      9.96556558e-05  -15004.7901    
1581.13883      2108.48252      0               0.000156715725 
1581.13883      2108.48252      1.77215601e-10  -0.00233128309 
1581.13883      2108.48252      3.15138854e-10  -0.00427482621 
1581.13883      2108.48252      5.60404936e-10  -0.0077464921  
1581.13883      2108.48252      9.96556558e-10  -0.0139689599  
1581.13883      2108.48252      1.77215601e-09  -0.0251879709  
1581.13883      2108.48252      3.15138854e-09  -0.0456200009  
1581.13883      2108.48252      5.60404936e-09  -0.0834510913  
1581.13883      2108.48252      9.96556558e-09  -0.155323246   
1581.13883      2108.48252      1.77215601e-08  -0.29695765    
1581.13883      2108.48252      3.15138854e-08  -0.588998806   
1581.13883      2108.48252      5.60404936e-08  -1.21912273    
1581.13883      2108.48252      9.96556558e-08  -2.62354922    
1581.13883      2108.48252      1.77215601e-07  -5.78459042    
1581.13883      2108.48252      3.15138854e-07  -12.809699     
1581.13883      2108.48252      5.60404936e-07  -28.0088994    
1581.13883      2108.48252      9.96556558e-07  -59.8761155    
1581.13883      2108.48252      1.77215601e-06  -124.723539    
1581.13883      2108.48252      3.15138854e-06  -253.307274    
1581.13883      2108.48252      5.60404936e-06  -502.801843    
1581.13883      2108.48252      9.96556558e-06  -978.26405     
1581.13883      2108.48252      1.77215601e-05  -1870.91185    
1581.13883      2108.48252      3.15138854e-05  -3526.22829    
1581.13883      2108.48252      5.60404936e-05  -6564.98136    
1581.13883      2108.48252      9.96556558e-05  -12098.2955    
2108.48252      2811.70663      0               -0.497599628   
2108.48252      2811.70663      1.77215601e-10  -0.492864948   
2108.48252      2811.70663      3.15138854e-10  -0.48920081    
2108.48252      2811.70663      5.60404936e-10  -0.482729627   
2108.48252      2811.70663      9.96556558e-10  -0.471362309   
2108.48252      2811.70663      1.77215601e-09  -0.451585875   
2108.48252      2811.70663      3.15138854e-09  -0.417771436   
2108.48252      2811.70663      5.60404936e-09  -0.36175577    
2108.48252      2811.70663      9.96556558e-09  -0.274319372   
2108.48252      2811.70663      1.77215601e-08  -0.153309068   
2108.48252      2811.70663      3.15138854e-08  -0.0296370779  
2108.48252      2811.70663      5.60404936e-08  -0.0324925461  
2108.48252      2811.70663      9.96556558e-08  -0.527024041   
2108.48252      2811.70663      1.77215601e-07  -2.37427291    
2108.48252      2811.70663      3.15138854e-07  -7.40031974    
2108.48252      2811.70663      5.60404936e-07  -19.2391102    
2108.48252      2811.70663      9.96556558e-07  -44.8561167    
2108.48252      2811.70663      1.77215601e-06  -97.3280196    
2108.48252      2811.70663      3.15138854e-06  -200.919633    
2108.48252      2811.70663      5.60404936e-06  -400.259974    
2108.48252      2811.70663      9.96556558e-06  -776.748639    
2108.48252      2811.70663      1.77215601e-05  -1477.73959    
2108.48252      2811.70663      3.15138854e-05  -2768.37259    
2108.48252      2811.70663      5.60404936e-05  -5123.65849    
2108.48252      2811.70663      9.96556558e-05  -9392.2447     
2811.70663      3749.47105      0               -0.0478869743  
2811.70663      3749.47105      1.77215601e-10  -0.0455268994  
2811.70663      3749.47105      3.15138854e-10  -0.0437390589  
2811.70663      3749.47105      5.60404936e-10  -0.0406639663  
2811.70663      3749.47105      9.96556558e-10  -0.0355175874  
2811.70663      3749.47105      1.77215601e-09  -0.0273442404  
2811.70663      3749.47105      3.15138854e-09  -0.0156986552  
2811.70663      3749.47105      5.60404936e-09  -0.00313574336 
2811.70663      3749.47105      9.96556558e-09  -0.00221881446 
2811.70663      3749.47105      1.77215601e-08  -0.0517876245  
2811.70663      3749.47105      3.15138854e-08  -0.249104393   
2811.70663      3749.47105      5.60404936e-08  -0.808099977   
2811.70663      3749.47105      9.96556558e-08  -2.1662407     
2811.70663      3749.47105      1.77215601e-07  -5.18534967    
2811.70663      3749.47105      3.15138854e-07  -11.5171502    
2811.70663      3749.47105      5.60404936e-07  -24.2472242    
2811.70663      3749.47105      9.96556558e-07  -49.0433216    
2811.70663      3749.47105      1.77215601e-06  -96.2535764    
2811.70663      3749.47105      3.15138854e-06  -184.745998    
2811.70663      3749.47105      5.60404936e-06  -348.841203    
2811.70663      3749.47105      9.96556558e-06  -650.683476    
2811.70663      3749.47105      1.77215601e-05  -1202.20028    
2811.70663      3749.47105      3.15138854e-05  -2204.07012    
2811.70663      3749.47105      5.60404936e-05  -4014.99119    
2811.70663      3749.47105      9.96556558e-05  -7274.96774    
3749.47105      5000            0               -0.531081074   
3749.47105      5000            1.77215601e-10  -0.524274445   
3749.47105      5000            3.15138854e-10  -0.519027627   
3749.47105      5000            5.60404936e-10  -0.509805324   
3749.47105      5000            9.96556558e-10  -0.493740329   
3749.47105      5000            1.77215601e-09  -0.466195172   
3749.47105      5000            3.15138854e-09  -0.420260528   
3749.47105      5000            5.60404936e-09  -0.347302975   
3749.47105      5000            9.96556558e-09  -0.241066508   
3749.47105      5000            1.77215601e-08  -0.110272819   
3749.47105      5000            3.15138854e-08  -0.00708257415 
3749.47105      5000            5.60404936e-08  -0.0809472001  
3749.47105      5000            9.96556558e-08  -0.672900374   
3749.47105      5000            1.77215601e-07  -2.47819246    
3749.47105      5000            3.15138854e-07  -6.82713267    
3749.47105      5000            5.60404936e-07  -16.1761713    
3749.47105      5000            9.96556558e-07  -34.9852377    
3749.47105      5000            1.77215601e-06  -71.3060712    
3749.47105      5000            3.15138854e-06  -139.655894    
3749.47105      5000            5.60404936e-06  -266.177931    
3749.47105      5000            9.96556558e-06  -497.84863     
3749.47105      5000            1.77215601e-05  -918.860119    
3749.47105      5000            3.15138854e-05  -1679.76388    
3749.47105      5000            5.60404936e-05  -3049.32314    
3749.47105      5000            9.96556558e-05  -5506.73757    
5000            6667.60716      0               -1.14428918    
5000            6667.60716      1.77215601e-10  -1.1301764     
5000            6667.60716      3.15138854e-10  -1.11935973    
5000            6667.60716      5.60404936e-10  -1.10047463    
5000            6667.60716      9.96556558e-10  -1.06794976    
5000            6667.60716      1.77215601e-09  -1.01320991    
5000            6667.60716      3.15138854e-09  -0.924483032   
5000            6667.60716      5.60404936e-09  -0.788854214   
5000            6667.60716      9.96556558e-09  -0.598775207   
5000            6667.60716      1.77215601e-08  -0.364097589   
5000            6667.60716      3.15138854e-08  -0.129255423   
5000            6667.60716      5.60404936e-08  -0.000383296738
5000            6667.60716      9.96556558e-08  -0.20094454    
5000            6667.60716      1.77215601e-07  -1.18738223    
5000            6667.60716      3.15138854e-07  -3.8671276     
5000            6667.60716      5.60404936e-07  -9.98853453    
5000            6667.60716      9.96556558e-07  -22.8328262    
5000            6667.60716      1.77215601e-06  -48.4398245    
5000            6667.60716      3.15138854e-06  -97.776641     
5000            6667.60716      5.60404936e-06  -190.587054    
5000            6667.60716      9.96556558e-06  -362.250928    
5000            6667.60716      1.77215601e-05  -676.028098    
5000            6667.60716      3.15138854e-05  -1244.8924     
5000            6667.60716      5.60404936e-05  -2270.38047    
5000            6667.60716      9.96556558e-05  -4111.61124    
6667.60716      8891.39705      0               -0.0184017731  
6667.60716      8891.39705      1.77215601e-10  -0.0175678614  
6667.60716      8891.39705      3.15138854e-10  -0.0169292862  
6667.60716      8891.39705      5.60404936e-10  -0.0158161545  
6667.60716      8891.39705      9.96556558e-10  -0.0139069823  
6667.60716      8891.39705      1.77215601e-09  -0.0107306132  
6667.60716      8891.39705      3.15138854e-09  -0.00575417765 
6667.60716      8891.39705      5.60404936e-09  0.00107266018  
6667.60716      8891.39705      9.96556558e-09  0.00733183838  
6667.60716      8891.39705      1.77215601e-08  0.00227158751  
6667.60716      8891.39705      3.15138854e-08  -0.047870108   
6667.60716      8891.39705      5.60404936e-08  -0.231010332   
6667.60716      8891.39705      9.96556558e-08  -0.745993462   
6667.60716      8891.39705      1.77215601e-07  -1.99692752    
6667.60716      8891.39705      3.15138854e-07  -4.75008756    
6667.60716      8891.39705      5.60404936e-07  -10.4092107    
6667.60716      8891.39705      9.96556558e-07  -21.5168103    
6667.60716      8891.39705      1.77215601e-06  -42.6718189    
6667.60716      8891.39705      3.15138854e-06  -82.1899866    
6667.60716      8891.39705      5.60404936e-06  -155.069715    
6667.60716      8891.39705      9.96556558e-06  -288.255959    
6667.60716      8891.39705      1.77215601e-05  -529.973595    
6667.60716      8891.39705      3.15138854e-05  -966.288342    
6667.60716      8891.39705      5.60404936e-05  -1750.5255     
6667.60716      8891.39705      9.96556558e-05  -3155.58306    
8891.39705      11856.8685      0               5.38287763e-05 
8891.39705      11856.8685      1.77215601e-10  -0.00293132909 
8891.39705      11856.8685      3.15138854e-10  -0.00525486676 
8891.39705      11856.8685      5.60404936e-10  -0.00938730772 
8891.39705      11856.8685      9.96556558e-10  -0.0167376534  
8891.39705      11856.8685      1.77215601e-09  -0.02981402    
8891.39705      11856.8685      3.15138854e-09  -0.0530844553  
8891.39705      11856.8685      5.60404936e-09  -0.0945191721  
8891.39705      11856.8685      9.96556558e-09  -0.168368359   
8891.39705      11856.8685      1.77215601e-08  -0.300208381   
8891.39705      11856.8685      3.15138854e-08  -0.536225423   
8891.39705      11856.8685      5.60404936e-08  -0.960574327   
8891.39705      11856.8685      9.96556558e-08  -1.72835209    
8891.39705      11856.8685      1.77215601e-07  -3.12865448    
8891.39705      11856.8685      3.15138854e-07  -5.70388334    
8891.39705      11856.8685      5.60404936e-07  -10.469723     
8891.39705      11856.8685      9.96556558e-07  -19.3105723    
8891.39705      11856.8685      1.77215601e-06  -35.6823882    
8891.39705      11856.8685      3.15138854e-06  -65.8615867    
8891.39705      11856.8685      5.60404936e-06  -121.166545    
8891.39705      11856.8685      9.96556558e-06  -221.906013    
8891.39705      11856.8685      1.77215601e-05  -404.3909      
8891.39705      11856.8685      3.15138854e-05  -733.392083    
8891.39705      11856.8685      5.60404936e-05  -1324.3005     
8891.39705      11856.8685      9.96556558e-05  -2382.56501    
11856.8685      15811.3883      0               4.956064e-09   
11856.8685      15811.3883      1.77215601e-10  -0.00305173374 
11856.8685      15811.3883      3.15138854e-10  -0.00542684666 
11856.8685      15811.3883      5.60404936e-10  -0.00965047734 
11856.8685      15811.3883      9.96556558e-10  -0.0171613243  
11856.8685      15811.3883      1.77215601e-09  -0.0305178713  
11856.8685      15811.3883      3.15138854e-09  -0.054270058   
11856.8685      15811.3883      5.60404936e-09  -0.0965097056  
11856.8685      15811.3883      9.96556558e-09  -0.171628722   
11856.8685      15811.3883      1.77215601e-08  -0.305227452   
11856.8685      15811.3883      3.15138854e-08  -0.542853962   
11856.8685      15811.3883      5.60404936e-08  -0.965578403   
11856.8685      15811.3883      9.96556558e-08  -1.71778956    
11856.8685      15811.3883      1.77215601e-07  -3.05691887    
11856.8685      15811.3883      3.15138854e-07  -5.44266947    
11856.8685      15811.3883      5.60404936e-07  -9.69768795    
11856.8685      15811.3883      9.96556558e-07  -17.2975016    
11856.8685      15811.3883      1.77215601e-06  -30.893102     
11856.8685      15811.3883      3.15138854e-06  -55.2484798    
11856.8685      15811.3883      5.60404936e-06  -98.9136189    
11856.8685      15811.3883      9.96556558e-06  -177.198438    
11856.8685      15811.3883      1.77215601e-05  -317.446712    
11856.8685      15811.3883      3.15138854e-05  -568.385863    
11856.8685      15811.3883      5.60404936e-05  -1016.73285    
11856.8685      15811.3883      9.96556558e-05  -1816.73784    
15811.3883      21084.8252      0               3.87512955e-09 
15811.3883      21084.8252      1.77215601e-10  -0.00238594626 
15811.3883      21084.8252      3.15138854e-10  -0.00424288262 
15811.3883      21084.8252      5.60404936e-10  -0.00754503541 
15811.3883      21084.8252      9.96556558e-10  -0.0134171891  
15811.3883      21084.8252      1.77215601e-09  -0.02385953    
15811.3883      21084.8252      3.15138854e-09  -0.042428964   
15811.3883      21084.8252      5.60404936e-09  -0.0754507141  
15811.3883      21084.8252      9.96556558e-09  -0.134172954   
15811.3883      21084.8252      1.77215601e-08  -0.238598583   
15811.3883      21084.8252      3.15138854e-08  -0.424299935   
15811.3883      21084.8252      5.60404936e-08  -0.754539561   
15811.3883      21084.8252      9.96556558e-08  -1.34183165    
15811.3883      21084.8252      1.77215601e-07  -2.38630675    
15811.3883      21084.8252      3.15138854e-07  -4.24400368    
15811.3883      21084.8252      5.60404936e-07  -7.54851476    
15811.3883      21084.8252      9.96556558e-07  -13.4278791    
15811.3883      21084.8252      1.77215601e-06  -23.891774     
15811.3883      21084.8252      3.15138854e-06  -42.5234737    
15811.3883      21084.8252      5.60404936e-06  -75.7168089    
15811.3883      21084.8252      9.96556558e-06  -134.885234    
15811.3883      21084.8252      1.77215601e-05  -240.40018     
15811.3883      21084.8252      3.15138854e-05  -428.601084    
15811.3883      21084.8252      5.60404936e-05  -764.25681     
15811.3883      21084.8252      9.96556558e-05  -1362.70381    
21084.8252      28117.0663      0               6.35078777e-05 
21084.8252      28117.0663      1.77215601e-10  -0.00169743104 
21084.8252      28117.0663      3.15138854e-10  -0.00306793485 
21084.8252      28117.0663      5.60404936e-10  -0.00550507641 
21084.8252      28117.0663      9.96556558e-10  -0.00983900402 
21084.8252      28117.0663      1.77215601e-09  -0.0175459666  
21084.8252      28117.0663      3.15138854e-09  -0.0312511893  
21084.8252      28117.0663      5.60404936e-09  -0.0556231881  
21084.8252      28117.0663      9.96556558e-09  -0.0989643077  
21084.8252      28117.0663      1.77215601e-08  -0.176039758   
21084.8252      28117.0663      3.15138854e-08  -0.313110368   
21084.8252      28117.0663      5.60404936e-08  -0.556888312   
21084.8252      28117.0663      9.96556558e-08  -0.990481777   
21084.8252      28117.0663      1.77215601e-07  -1.7618071     
21084.8252      28117.0663      3.15138854e-07  -3.13428786    
21084.8252      28117.0663      5.60404936e-07  -5.57751556    
21084.8252      28117.0663      9.96556558e-07  -9.9298278     
21084.8252      28117.0663      1.77215601e-06  -17.6906703    
21084.8252      28117.0663      3.15138854e-06  -31.5468338    
21084.8252      28117.0663      5.60404936e-06  -56.3166293    
21084.8252      28117.0663      9.96556558e-06  -100.632246    
21084.8252      28117.0663      1.77215601e-05  -179.920352    
21084.8252      28117.0663      3.15138854e-05  -321.681458    
21084.8252      28117.0663      5.60404936e-05  -574.867874    
21084.8252      28117.0663      9.96556558e-05  -1026.56973    
28117.0663      37494.7105      0               2.1161668e-09  
28117.0663      37494.7105      1.77215601e-10  -0.00130293867 
28117.0663      37494.7105      3.15138854e-10  -0.00231699791 
28117.0663      37494.7105      5.60404936e-10  -0.00412029427 
28117.0663      37494.7105      9.96556558e-10  -0.00732710866 
28117.0663      37494.7105      1.77215601e-09  -0.0130298774  
28117.0663      37494.7105      3.15138854e-09  -0.0231714889  
28117.0663      37494.7105      5.60404936e-09  -0.0412076711  
28117.0663      37494.7105      9.96556558e-09  -0.0732859707  
28117.0663      37494.7105      1.77215601e-08  -0.130345648   
28117.0663      37494.7105      3.15138854e-08  -0.231862226   
28117.0663      37494.7105      5.60404936e-08  -0.412537887   
28117.0663      37494.7105      9.96556558e-08  -0.73429233    
28117.0663      37494.7105      1.77215601e-07  -1.3078493     
28117.0663      37494.7105      3.15138854e-07  -2.3318035     
28117.0663      37494.7105      5.60404936e-07  -4.16359537    
28117.0663      37494.7105      9.96556558e-07  -7.44821403    
28117.0663      37494.7105      1.77215601e-06  -13.3491446    
28117.0663      37494.7105      3.15138854e-06  -23.9569595    
28117.0663      37494.7105      5.60404936e-06  -43.007859     
28117.0663      37494.7105      9.96556558e-06  -77.1543227    
28117.0663      37494.7105      1.77215601e-05  -138.228179    
28117.0663      37494.7105      3.15138854e-05  -247.2782      
28117.0663      37494.7105      5.60404936e-05  -441.762269    
28117.0663      37494.7105      9.96556558e-05  -788.337905    
37494.7105      50000           0               1.70433623e-09 
37494.7105      50000           1.77215601e-10  -0.00104937374 
37494.7105      50000           3.15138854e-10  -0.00186608136 
37494.7105      50000           5.60404936e-10  -0.00331841637 
37494.7105      50000           9.96556558e-10  -0.00590107597 
37494.7105      50000           1.77215601e-09  -0.0104937731  
37494.7105      50000           3.15138854e-09  -0.0186608932  
37494.7105      50000           5.60404936e-09  -0.0331843824  
37494.7105      50000           9.96556558e-09  -0.0590114177  
37494.7105      50000           1.77215601e-08  -0.104939778   
37494.7105      50000           3.15138854e-08  -0.186615363   
37494.7105      50000           5.60404936e-08  -0.331864084   
37494.7105      50000           9.96556558e-08  -0.59017797    
37494.7105      50000           1.77215601e-07  -1.04959813    
37494.7105      50000           3.15138854e-07  -1.8667798     
37494.7105      50000           5.60404936e-07  -3.32058077    
37494.7105      50000           9.96556558e-07  -5.90770113    
37494.7105      50000           1.77215601e-06  -10.5136194    
37494.7105      50000           3.15138854e-06  -18.7183681    
37494.7105      50000           5.60404936e-06  -33.3429762    
37494.7105      50000           9.96556558e-06  -59.422775     
37494.7105      50000           1.77215601e-05  -105.934875    
37494.7105      50000           3.15138854e-05  -188.862137    
37494.7105      50000           5.60404936e-05  -336.637771    
37494.7105      50000           9.96556558e-05  -599.833422    
50000           66676.0716      0               1.29909949e-09 
50000           66676.0716      1.77215601e-10  -0.000799872452
50000           66676.0716      3.15138854e-10  -0.00142239774 
50000           66676.0716      5.60404936e-10  -0.00252942168 
50000           66676.0716      9.96556558e-10  -0.00449801967 
50000           66676.0716      1.77215601e-09  -0.00799873732 
50000           66676.0716      3.15138854e-09  -0.0142239926  
50000           66676.0716      5.60404936e-09  -0.0252942395  
50000           66676.0716      9.96556558e-09  -0.0449802433  
50000           66676.0716      1.77215601e-08  -0.079987495   
50000           66676.0716      3.15138854e-08  -0.142240286   
50000           66676.0716      5.60404936e-08  -0.252943508   
50000           66676.0716      9.96556558e-08  -0.449805923   
50000           66676.0716      1.77215601e-07  -0.799885944   
50000           66676.0716      3.15138854e-07  -1.4224375     
50000           66676.0716      5.60404936e-07  -2.52954406    
50000           66676.0716      9.96556558e-07  -4.49840083    
50000           66676.0716      1.77215601e-06  -7.9999232     
50000           66676.0716      3.15138854e-06  -14.2276501    
50000           66676.0716      5.60404936e-06  -25.3053341    
50000           66676.0716      9.96556558e-06  -45.0129935    
50000           66676.0716      1.77215601e-05  -80.0803005    
50000           66676.0716      3.15138854e-05  -142.489041    
50000           66676.0716      5.60404936e-05  -253.56688     
50000           66676.0716      9.96556558e-05  -451.260341    
66676.0716      88913.9705      0               9.63154889e-10 
66676.0716      88913.9705      1.77215601e-10  -0.000593010858
66676.0716      88913.9705      3.15138854e-10  -0.00105453979 
66676.0716      88913.9705      5.60404936e-10  -0.0018752673  
66676.0716      88913.9705      9.96556558e-10  -0.00333475043 
66676.0716      88913.9705      1.77215601e-09  -0.00593012023 
66676.0716      88913.9705      3.15138854e-09  -0.010545416   
66676.0716      88913.9705      5.60404936e-09  -0.0187527114  
66676.0716      88913.9705      9.96556558e-09  -0.0333476071  
66676.0716      88913.9705      1.77215601e-08  -0.0593015084  
66676.0716      88913.9705      3.15138854e-08  -0.105455109   
66676.0716      88913.9705      5.60404936e-08  -0.187530093   
66676.0716      88913.9705      9.96556558e-08  -0.33348546    
66676.0716      88913.9705      1.77215601e-07  -0.593044679   
66676.0716      88913.9705      3.15138854e-07  -1.05464423    
66676.0716      88913.9705      5.60404936e-07  -1.87559307    
66676.0716      88913.9705      9.96556558e-07  -3.3357653     
66676.0716      88913.9705      1.77215601e-06  -5.93325592    
66676.0716      88913.9705      3.15138854e-06  -10.5549543    
66676.0716      88913.9705      5.60404936e-06  -18.780989     
66676.0716      88913.9705      9.96556558e-06  -33.4282348    
66676.0716      88913.9705      1.77215601e-05  -59.5193433    
66676.0716      88913.9705      3.15138854e-05  -106.005853    
66676.0716      88913.9705      5.60404936e-05  -188.825943    
66676.0716      88913.9705      9.96556558e-05  -336.331929    
88913.9705      118568.685      0               7.18529236e-10 
88913.9705      118568.685      1.77215601e-10  -0.000442413286
88913.9705      118568.685      3.15138854e-10  -0.000786735024
88913.9705      118568.685      5.60404936e-10  -0.00139903534 
88913.9705      118568.685      9.96556558e-10  -0.00248787659 
88913.9705      118568.685      1.77215601e-09  -0.00442414117 
88913.9705      118568.685      3.15138854e-09  -0.00786736253 
88913.9705      118568.685      5.60404936e-09  -0.0139903783  
88913.9705      118568.685      9.96556558e-09  -0.0248788306  
88913.9705      118568.685      1.77215601e-08  -0.0442416021  
88913.9705      118568.685      3.15138854e-08  -0.0786742135  
88913.9705      118568.685      5.60404936e-08  -0.139905628   
88913.9705      118568.685      9.96556558e-08  -0.248794118   
88913.9705      118568.685      1.77215601e-07  -0.442434352   
88913.9705      118568.685      3.15138854e-07  -0.786799881   
88913.9705      118568.685      5.60404936e-07  -1.39923772    
88913.9705      118568.685      9.96556558e-07  -2.48850853    
88913.9705      118568.685      1.77215601e-06  -4.42610281    
88913.9705      118568.685      3.15138854e-06  -7.87337686    
88913.9705      118568.685      5.60404936e-06  -14.0084351    
88913.9705      118568.685      9.96556558e-06  -24.9312914    
88913.9705      118568.685      1.77215601e-05  -44.3869836    
88913.9705      118568.685      3.15138854e-05  -79.0532079    
88913.9705      118568.685      5.60404936e-05  -140.827079    
88913.9705      118568.685      9.96556558e-05  -250.883392    
118568.685      158113.883      0               0.000726406536 
118568.685      158113.883      1.77215601e-10  0.000392089589 
118568.685      158113.883      3.15138854e-10  0.000131897593 
118568.685      158113.883      5.60404936e-10  -0.000330796476
118568.685      158113.883      9.96556558e-10  -0.00115359581 
118568.685      158113.883      1.77215601e-09  -0.00261676293 
118568.685      158113.883      3.15138854e-09  -0.00521868289 
118568.685      158113.883      5.60404936e-09  -0.00984562358 
118568.685      158113.883      9.96556558e-09  -0.018073617   
118568.685      158113.883      1.77215601e-08  -0.0327052882  
118568.685      158113.883      3.15138854e-08  -0.0587244879  
118568.685      158113.883      5.60404936e-08  -0.104993895   
118568.685      158113.883      9.96556558e-08  -0.18727383    
118568.685      158113.883      1.77215601e-07  -0.333590546   
118568.685      158113.883      3.15138854e-07  -0.593782555   
118568.685      158113.883      5.60404936e-07  -1.05647667    
118568.685      158113.883      9.96556558e-07  -1.87927614    
118568.685      158113.883      1.77215601e-06  -3.34244368    
118568.685      158113.883      3.15138854e-06  -5.94436498    
118568.685      158113.883      5.60404936e-06  -10.5713099    
118568.685      158113.883      9.96556558e-06  -18.7993167    
118568.685      158113.883      1.77215601e-05  -33.4310301    
118568.685      158113.883      3.15138854e-05  -59.4503624    
118568.685      158113.883      5.60404936e-05  -105.720185    
118568.685      158113.883      9.96556558e-05  -188.001413    
158113.883      210848.252      0               0.000874891404 
158113.883      210848.252      1.77215601e-10  0.000624788786 
158113.883      210848.252      3.15138854e-10  0.000430139068 
158113.883      210848.252      5.60404936e-10  8.39974821e-05 
158113.883      210848.252      9.96556558e-10  -0.000531538973
158113.883      210848.252      1.77215601e-09  -0.00162613478 
158113.883      210848.252      3.15138854e-09  -0.00357263196 
158113.883      210848.252      5.60404936e-09  -0.00703404782 
158113.883      210848.252      9.96556558e-09  -0.0131894124  
158113.883      210848.252      1.77215601e-08  -0.0241353704  
158113.883      210848.252      3.15138854e-08  -0.0436003422  
158113.883      210848.252      5.60404936e-08  -0.0782145008  
158113.883      210848.252      9.96556558e-08  -0.139768146   
158113.883      210848.252      1.77215601e-07  -0.249227727   
158113.883      210848.252      3.15138854e-07  -0.443877445   
158113.883      210848.252      5.60404936e-07  -0.790019032   
158113.883      210848.252      9.96556558e-07  -1.40555549    
158113.883      210848.252      1.77215601e-06  -2.5001513     
158113.883      210848.252      3.15138854e-06  -4.44664851    
158113.883      210848.252      5.60404936e-06  -7.90806446    
158113.883      210848.252      9.96556558e-06  -14.0634293    
158113.883      210848.252      1.77215601e-05  -25.0093882    
158113.883      210848.252      3.15138854e-05  -44.4743629    
158113.883      210848.252      5.60404936e-05  -79.0885304    
158113.883      210848.252      9.96556558e-05  -140.642204    
210848.252      281170.663      0               3.026841e-10   
210848.252      281170.663      1.77215601e-10  -0.000186367167
210848.252      281170.663      3.15138854e-10  -0.000331413131
210848.252      281170.663      5.60404936e-10  -0.000589345383
210848.252      281170.663      9.96556558e-10  -0.001048021   
210848.252      281170.663      1.77215601e-09  -0.0018636744  
210848.252      281170.663      3.15138854e-09  -0.00331413406 
210848.252      281170.663      5.60404936e-09  -0.00589345664 
210848.252      281170.663      9.96556558e-09  -0.010480213   
210848.252      281170.663      1.77215601e-08  -0.0186367476  
210848.252      281170.663      3.15138854e-08  -0.033141346   
210848.252      281170.663      5.60404936e-08  -0.0589345776  
210848.252      281170.663      9.96556558e-08  -0.104802159   
210848.252      281170.663      1.77215601e-07  -0.186367563   
210848.252      281170.663      3.15138854e-07  -0.331413731   
210848.252      281170.663      5.60404936e-07  -0.589346625   
210848.252      281170.663      9.96556558e-07  -1.04802427    
210848.252      281170.663      1.77215601e-06  -1.86368408    
210848.252      281170.663      3.15138854e-06  -3.31416394    
210848.252      281170.663      5.60404936e-06  -5.89355012    
210848.252      281170.663      9.96556558e-06  -10.4805059    
210848.252      281170.663      1.77215601e-05  -18.6376622    
210848.252      281170.663      3.15138854e-05  -33.1441779    
210848.252      281170.663      5.60404936e-05  -58.9432165    
210848.252      281170.663      9.96556558e-05  -104.827884    
281170.663      374947.105      0               2.25668373e-10 
281170.663      374947.105      1.77215601e-10  -0.000138946738
281170.663      374947.105      3.15138854e-10  -0.000247086299
281170.663      374947.105      5.60404936e-10  -0.000439388654
281170.663      374947.105      9.96556558e-10  -0.000781355972
281170.663      374947.105      1.77215601e-09  -0.00138946941 
281170.663      374947.105      3.15138854e-09  -0.00247086502 
281170.663      374947.105      5.60404936e-09  -0.00439388857 
281170.663      374947.105      9.96556558e-09  -0.00781356175 
281170.663      374947.105      1.77215601e-08  -0.0138946962  
281170.663      374947.105      3.15138854e-08  -0.0247086523  
281170.663      374947.105      5.60404936e-08  -0.0439388878  
281170.663      374947.105      9.96556558e-08  -0.0781356196  
281170.663      374947.105      1.77215601e-07  -0.138946964   
281170.663      374947.105      3.15138854e-07  -0.247086525   
281170.663      374947.105      5.60404936e-07  -0.43938888    
281170.663      374947.105      9.96556558e-07  -0.781356198   
281170.663      374947.105      1.77215601e-06  -1.38946964    
281170.663      374947.105      3.15138854e-06  -2.47086525    
281170.663      374947.105      5.60404936e-06  -4.3938888     
281170.663      374947.105      9.96556558e-06  -7.81356198    
281170.663      374947.105      1.77215601e-05  -13.8946964    
281170.663      374947.105      3.15138854e-05  -24.7086525    
281170.663      374947.105      5.60404936e-05  -43.9388881    
281170.663      374947.105      9.96556558e-05  -78.13562      
374947.105      500000          0               0.000297868864 
374947.105      500000          1.77215601e-10  0.000196833565 
374947.105      500000          3.15138854e-10  0.000118199871 
374947.105      500000          5.60404936e-10  -2.16328063e-05
374947.105      500000          9.96556558e-10  -0.000270294378
374947.105      500000          1.77215601e-09  -0.000712484131
374947.105      500000          3.15138854e-09  -0.00149882106 
374947.105      500000          5.60404936e-09  -0.00289714784 
374947.105      500000          9.96556558e-09  -0.00538376356 
374947.105      500000          1.77215601e-08  -0.00980566109 
374947.105      500000          3.15138854e-08  -0.0176690304  
374947.105      500000          5.60404936e-08  -0.0316522982  
374947.105      500000          9.96556558e-08  -0.0565184554  
374947.105      500000          1.77215601e-07  -0.100737431   
374947.105      500000          3.15138854e-07  -0.179371124   
374947.105      500000          5.60404936e-07  -0.319203803   
374947.105      500000          9.96556558e-07  -0.567865377   
374947.105      500000          1.77215601e-06  -1.01005514    
374947.105      500000          3.15138854e-06  -1.7963921     
374947.105      500000          5.60404936e-06  -3.19471896    
374947.105      500000          9.96556558e-06  -5.68133493    
374947.105      500000          1.77215601e-05  -10.1032333    
374947.105      500000          3.15138854e-05  -17.9666052    
374947.105      500000          5.60404936e-05  -31.949881     
374947.105      500000          9.96556558e-05  -56.8160637    
