### /nfs/slac/g/ki/ki20/cta/mdwood/fermi/dsph_pipeline/des_dwarfs/v6/p302_6yr_source_psf0123_point_gs_jsigma0.6/results/like_canes_venatici_I.txt
#[0]emin(MeV) [1]emax(MeV) [2]eflux(MeV/cm^2/s) [3]deltaLogLike
500             666.760716      0               0.000282762812 
500             666.760716      1.77215601e-10  -0.0032075966  
500             666.760716      3.15138854e-10  -0.00593256883 
500             666.760716      5.60404936e-10  -0.0107966794  
500             666.760716      9.96556558e-10  -0.0195043343  
500             666.760716      1.77215601e-09  -0.0351714498  
500             666.760716      3.15138854e-09  -0.0636053878  
500             666.760716      5.60404936e-09  -0.115962384   
500             666.760716      9.96556558e-09  -0.214631614   
500             666.760716      1.77215601e-08  -0.407117001   
500             666.760716      3.15138854e-08  -0.800342784   
500             666.760716      5.60404936e-08  -1.64681662    
500             666.760716      9.96556558e-08  -3.55710716    
500             666.760716      1.77215601e-07  -7.99982454    
500             666.760716      3.15138854e-07  -18.4087356    
500             666.760716      5.60404936e-07  -42.4976768    
500             666.760716      9.96556558e-07  -96.8939262    
500             666.760716      1.77215601e-06  -216.105673    
500             666.760716      3.15138854e-06  -469.347296    
500             666.760716      5.60404936e-06  -991.285194    
500             666.760716      9.96556558e-06  -2037.31884    
500             666.760716      1.77215601e-05  -4082.21489    
500             666.760716      3.15138854e-05  -7995.4341     
500             666.760716      5.60404936e-05  -15352.2011    
500             666.760716      9.96556558e-05  -28985.01      
666.760716      889.139705      0               -0.00816655806 
666.760716      889.139705      1.77215601e-10  -0.00759116344 
666.760716      889.139705      3.15138854e-10  -0.00715811323 
666.760716      889.139705      5.60404936e-10  -0.00641987897 
666.760716      889.139705      9.96556558e-10  -0.00520743654 
666.760716      889.139705      1.77215601e-09  -0.00336661062 
666.760716      889.139705      3.15138854e-09  -0.00107849793 
666.760716      889.139705      5.60404936e-09  -6.33693217e-05
666.760716      889.139705      9.96556558e-09  -0.00758518372 
666.760716      889.139705      1.77215601e-08  -0.0487800076  
666.760716      889.139705      3.15138854e-08  -0.202030325   
666.760716      889.139705      5.60404936e-08  -0.692936684   
666.760716      889.139705      9.96556558e-08  -2.12379058    
666.760716      889.139705      1.77215601e-07  -5.98976269    
666.760716      889.139705      3.15138854e-07  -15.7623977    
666.760716      889.139705      5.60404936e-07  -39.0470128    
666.760716      889.139705      9.96556558e-07  -91.7119975    
666.760716      889.139705      1.77215601e-06  -205.562037    
666.760716      889.139705      3.15138854e-06  -442.311123    
666.760716      889.139705      5.60404936e-06  -918.723631    
666.760716      889.139705      9.96556558e-06  -1851.55023    
666.760716      889.139705      1.77215601e-05  -3637.59451    
666.760716      889.139705      3.15138854e-05  -6996.22087    
666.760716      889.139705      5.60404936e-05  -13222.7804    
666.760716      889.139705      9.96556558e-05  -24638.8232    
889.139705      1185.68685      0               0.000739722655 
889.139705      1185.68685      1.77215601e-10  -0.00101477544 
889.139705      1185.68685      3.15138854e-10  -0.0024014026  
889.139705      1185.68685      5.60404936e-10  -0.00491274933 
889.139705      1185.68685      9.96556558e-10  -0.00952184996 
889.139705      1185.68685      1.77215601e-09  -0.0181667421  
889.139705      1185.68685      3.15138854e-09  -0.0349348809  
889.139705      1185.68685      5.60404936e-09  -0.0690379214  
889.139705      1185.68685      9.96556558e-09  -0.14256679    
889.139705      1185.68685      1.77215601e-08  -0.310756318   
889.139705      1185.68685      3.15138854e-08  -0.71301075    
889.139705      1185.68685      5.60404936e-08  -1.69225152    
889.139705      1185.68685      9.96556558e-08  -4.04906131    
889.139705      1185.68685      1.77215601e-07  -9.54138481    
889.139705      1185.68685      3.15138854e-07  -21.8331208    
889.139705      1185.68685      5.60404936e-07  -48.2878769    
889.139705      1185.68685      9.96556558e-07  -103.330514    
889.139705      1185.68685      1.77215601e-06  -214.638476    
889.139705      1185.68685      3.15138854e-06  -434.397227    
889.139705      1185.68685      5.60404936e-06  -859.58442     
889.139705      1185.68685      9.96556558e-06  -1668.2568     
889.139705      1185.68685      1.77215601e-05  -3184.10724    
889.139705      1185.68685      3.15138854e-05  -5991.01577    
889.139705      1185.68685      5.60404936e-05  -11136.3876    
889.139705      1185.68685      9.96556558e-05  -20492.5997    
1185.68685      1581.13883      0               2.06728146e-08 
1185.68685      1581.13883      1.77215601e-10  -0.0127317908  
1185.68685      1581.13883      3.15138854e-10  -0.0226472199  
1185.68685      1581.13883      5.60404936e-10  -0.0402936915  
1185.68685      1581.13883      9.96556558e-10  -0.0717183766  
1185.68685      1581.13883      1.77215601e-09  -0.127739534   
1185.68685      1581.13883      3.15138854e-09  -0.227796348   
1185.68685      1581.13883      5.60404936e-09  -0.407075802   
1185.68685      1581.13883      9.96556558e-09  -0.730012302   
1185.68685      1581.13883      1.77215601e-08  -1.31660148    
1185.68685      1581.13883      3.15138854e-08  -2.39512058    
1185.68685      1581.13883      5.60404936e-08  -4.40925972    
1185.68685      1581.13883      9.96556558e-08  -8.233784      
1185.68685      1581.13883      1.77215601e-07  -15.5957066    
1185.68685      1581.13883      3.15138854e-07  -29.8694007    
1185.68685      1581.13883      5.60404936e-07  -57.5484175    
1185.68685      1581.13883      9.96556558e-07  -110.953427    
1185.68685      1581.13883      1.77215601e-06  -213.179304    
1185.68685      1581.13883      3.15138854e-06  -407.026461    
1185.68685      1581.13883      5.60404936e-06  -770.989083    
1185.68685      1581.13883      9.96556558e-06  -1447.79387    
1185.68685      1581.13883      1.77215601e-05  -2695.27308    
1185.68685      1581.13883      3.15138854e-05  -4976.9198     
1185.68685      1581.13883      5.60404936e-05  -9122.9448     
1185.68685      1581.13883      9.96556558e-05  -16616.6521    
1581.13883      2108.48252      0               0.000457058382 
1581.13883      2108.48252      1.77215601e-10  -0.00799669184 
1581.13883      2108.48252      3.15138854e-10  -0.0145830639  
1581.13883      2108.48252      5.60404936e-10  -0.0263105451  
1581.13883      2108.48252      9.96556558e-10  -0.0472127227  
1581.13883      2108.48252      1.77215601e-09  -0.0845314279  
1581.13883      2108.48252      3.15138854e-09  -0.151358316   
1581.13883      2108.48252      5.60404936e-09  -0.271625546   
1581.13883      2108.48252      9.96556558e-09  -0.489826826   
1581.13883      2108.48252      1.77215601e-08  -0.890596322   
1581.13883      2108.48252      3.15138854e-08  -1.63915002    
1581.13883      2108.48252      5.60404936e-08  -3.06518661    
1581.13883      2108.48252      9.96556558e-08  -5.83352616    
1581.13883      2108.48252      1.77215601e-07  -11.2798381    
1581.13883      2108.48252      3.15138854e-07  -22.0505724    
1581.13883      2108.48252      5.60404936e-07  -43.2927754    
1581.13883      2108.48252      9.96556558e-07  -84.8249711    
1581.13883      2108.48252      1.77215601e-06  -165.048565    
1581.13883      2108.48252      3.15138854e-06  -317.945837    
1581.13883      2108.48252      5.60404936e-06  -605.548781    
1581.13883      2108.48252      9.96556558e-06  -1140.09285    
1581.13883      2108.48252      1.77215601e-05  -2123.3339     
1581.13883      2108.48252      3.15138854e-05  -3916.38829    
1581.13883      2108.48252      5.60404936e-05  -7163.96069    
1581.13883      2108.48252      9.96556558e-05  -13015.3976    
2108.48252      2811.70663      0               1.19776087e-05 
2108.48252      2811.70663      1.77215601e-10  -0.000464939971
2108.48252      2811.70663      3.15138854e-10  -0.000884220696
2108.48252      2811.70663      5.60404936e-10  -0.00173226652 
2108.48252      2811.70663      9.96556558e-10  -0.00355726857 
2108.48252      2811.70663      1.77215601e-09  -0.00776731979 
2108.48252      2811.70663      3.15138854e-09  -0.0181110632  
2108.48252      2811.70663      5.60404936e-09  -0.0446015177  
2108.48252      2811.70663      9.96556558e-09  -0.113167918   
2108.48252      2811.70663      1.77215601e-08  -0.286973981   
2108.48252      2811.70663      3.15138854e-08  -0.708365644   
2108.48252      2811.70663      5.60404936e-08  -1.67565215    
2108.48252      2811.70663      9.96556558e-08  -3.78392102    
2108.48252      2811.70663      1.77215601e-07  -8.19043264    
2108.48252      2811.70663      3.15138854e-07  -17.1140731    
2108.48252      2811.70663      5.60404936e-07  -34.7561163    
2108.48252      2811.70663      9.96556558e-07  -68.9670508    
2108.48252      2811.70663      1.77215601e-06  -134.238214    
2108.48252      2811.70663      3.15138854e-06  -257.047672    
2108.48252      2811.70663      5.60404936e-06  -485.357524    
2108.48252      2811.70663      9.96556558e-06  -905.442203    
2108.48252      2811.70663      1.77215601e-05  -1671.76988    
2108.48252      2811.70663      3.15138854e-05  -3060.17032    
2108.48252      2811.70663      5.60404936e-05  -5562.46195    
2108.48252      2811.70663      9.96556558e-05  -10054.8039    
2811.70663      3749.47105      0               1.62453944e-08 
2811.70663      3749.47105      1.77215601e-10  -0.0100027804  
2811.70663      3749.47105      3.15138854e-10  -0.0177888387  
2811.70663      3749.47105      5.60404936e-10  -0.0316369731  
2811.70663      3749.47105      9.96556558e-10  -0.0562702289  
2811.70663      3749.47105      1.77215601e-09  -0.100098341   
2811.70663      3749.47105      3.15138854e-09  -0.178110042   
2811.70663      3749.47105      5.60404936e-09  -0.317064335   
2811.70663      3749.47105      9.96556558e-09  -0.564865622   
2811.70663      3749.47105      1.77215601e-08  -1.00764816    
2811.70663      3749.47105      3.15138854e-08  -1.80126563    
2811.70663      3749.47105      5.60404936e-08  -3.22995251    
2811.70663      3749.47105      9.96556558e-08  -5.8160461     
2811.70663      3749.47105      1.77215601e-07  -10.523851     
2811.70663      3749.47105      3.15138854e-07  -19.1336449    
2811.70663      3749.47105      5.60404936e-07  -34.9222063    
2811.70663      3749.47105      9.96556558e-07  -63.8986578    
2811.70663      3749.47105      1.77215601e-06  -117.041563    
2811.70663      3749.47105      3.15138854e-06  -214.319932    
2811.70663      3749.47105      5.60404936e-06  -391.866925    
2811.70663      3749.47105      9.96556558e-06  -714.717017    
2811.70663      3749.47105      1.77215601e-05  -1299.39361    
2811.70663      3749.47105      3.15138854e-05  -2354.00445    
2811.70663      3749.47105      5.60404936e-05  -4249.50006    
2811.70663      3749.47105      9.96556558e-05  -7646.39476    
3749.47105      5000            0               0.000316888539 
3749.47105      5000            1.77215601e-10  -0.00846988928 
3749.47105      5000            3.15138854e-10  -0.0153086506  
3749.47105      5000            5.60404936e-10  -0.0274702961  
3749.47105      5000            9.96556558e-10  -0.049098418   
3749.47105      5000            1.77215601e-09  -0.0875634244  
3749.47105      5000            3.15138854e-09  -0.155978084   
3749.47105      5000            5.60404936e-09  -0.277679808   
3749.47105      5000            9.96556558e-09  -0.494229219   
3749.47105      5000            1.77215601e-08  -0.879719335   
3749.47105      5000            3.15138854e-08  -1.56647843    
3749.47105      5000            5.60404936e-08  -2.79152153    
3749.47105      5000            9.96556558e-08  -4.98117574    
3749.47105      5000            1.77215601e-07  -8.90649473    
3749.47105      5000            3.15138854e-07  -15.9696932    
3749.47105      5000            5.60404936e-07  -28.7289264    
3749.47105      5000            9.96556558e-07  -51.8455648    
3749.47105      5000            1.77215601e-06  -93.7696974    
3749.47105      5000            3.15138854e-06  -169.725751    
3749.47105      5000            5.60404936e-06  -307.018444    
3749.47105      5000            9.96556558e-06  -554.486249    
3749.47105      5000            1.77215601e-05  -999.332836    
3749.47105      5000            3.15138854e-05  -1797.05805    
3749.47105      5000            5.60404936e-05  -3224.66982    
3749.47105      5000            9.96556558e-05  -5775.31217    
5000            6667.60716      0               -0.400813548   
5000            6667.60716      1.77215601e-10  -0.3869924     
5000            6667.60716      3.15138854e-10  -0.376545817   
5000            6667.60716      5.60404936e-10  -0.35861056    
5000            6667.60716      9.96556558e-10  -0.328623255   
5000            6667.60716      1.77215601e-09  -0.280722023   
5000            6667.60716      3.15138854e-09  -0.209958237   
5000            6667.60716      5.60404936e-09  -0.118816737   
5000            6667.60716      9.96556558e-09  -0.029967537   
5000            6667.60716      1.77215601e-08  -0.00457125009 
5000            6667.60716      3.15138854e-08  -0.164945164   
5000            6667.60716      5.60404936e-08  -0.727822043   
5000            6667.60716      9.96556558e-08  -2.06598476    
5000            6667.60716      1.77215601e-07  -4.82587307    
5000            6667.60716      3.15138854e-07  -10.1432057    
5000            6667.60716      5.60404936e-07  -20.0297948    
5000            6667.60716      9.96556558e-07  -38.0645957    
5000            6667.60716      1.77215601e-06  -70.6302548    
5000            6667.60716      3.15138854e-06  -129.129631    
5000            6667.60716      5.60404936e-06  -233.957876    
5000            6667.60716      9.96556558e-06  -421.600565    
5000            6667.60716      1.77215601e-05  -757.268238    
5000            6667.60716      3.15138854e-05  -1357.32805    
5000            6667.60716      5.60404936e-05  -2429.12702    
5000            6667.60716      9.96556558e-05  -4341.76923    
6667.60716      8891.39705      0               -0.0334604271  
6667.60716      8891.39705      1.77215601e-10  -0.0319778297  
6667.60716      8891.39705      3.15138854e-10  -0.0308514229  
6667.60716      8891.39705      5.60404936e-10  -0.0289069779  
6667.60716      8891.39705      9.96556558e-10  -0.0256311057  
6667.60716      8891.39705      1.77215601e-09  -0.0203621054  
6667.60716      8891.39705      3.15138854e-09  -0.0126535563  
6667.60716      8891.39705      5.60404936e-09  -0.00370946761 
6667.60716      8891.39705      9.96556558e-09  -0.000623428588
6667.60716      8891.39705      1.77215601e-08  -0.0265463032  
6667.60716      8891.39705      3.15138854e-08  -0.140589764   
6667.60716      8891.39705      5.60404936e-08  -0.470450599   
6667.60716      8891.39705      9.96556558e-08  -1.26266763    
6667.60716      8891.39705      1.77215601e-07  -2.96779827    
6667.60716      8891.39705      3.15138854e-07  -6.3998572     
6667.60716      8891.39705      5.60404936e-07  -13.0357269    
6667.60716      8891.39705      9.96556558e-07  -25.5587679    
6667.60716      8891.39705      1.77215601e-06  -48.824523     
6667.60716      8891.39705      3.15138854e-06  -91.5687442    
6667.60716      8891.39705      5.60404936e-06  -169.435251    
6667.60716      8891.39705      9.96556558e-06  -310.349785    
6667.60716      8891.39705      1.77215601e-05  -564.06085     
6667.60716      8891.39705      3.15138854e-05  -1019.10043    
6667.60716      8891.39705      5.60404936e-05  -1832.96877    
6667.60716      8891.39705      9.96556558e-05  -3285.8515     
8891.39705      11856.8685      0               5.95764504e-09 
8891.39705      11856.8685      1.77215601e-10  -0.00366832138 
8891.39705      11856.8685      3.15138854e-10  -0.00652343867 
8891.39705      11856.8685      5.60404936e-10  -0.0116009237  
8891.39705      11856.8685      9.96556558e-10  -0.0206310232  
8891.39705      11856.8685      1.77215601e-09  -0.0366919429  
8891.39705      11856.8685      3.15138854e-09  -0.0652618232  
8891.39705      11856.8685      5.60404936e-09  -0.116095595   
8891.39705      11856.8685      9.96556558e-09  -0.206581601   
8891.39705      11856.8685      1.77215601e-08  -0.367768609   
8891.39705      11856.8685      3.15138854e-08  -0.655255279   
8891.39705      11856.8685      5.60404936e-08  -1.16903869    
8891.39705      11856.8685      9.96556558e-08  -2.09006459    
8891.39705      11856.8685      1.77215601e-07  -3.74804819    
8891.39705      11856.8685      3.15138854e-07  -6.74713977    
8891.39705      11856.8685      5.60404936e-07  -12.1956108    
8891.39705      11856.8685      9.96556558e-07  -22.1177714    
8891.39705      11856.8685      1.77215601e-06  -40.1836507    
8891.39705      11856.8685      3.15138854e-06  -72.9976189    
8891.39705      11856.8685      5.60404936e-06  -132.375731    
8891.39705      11856.8685      9.96556558e-06  -239.380435    
8891.39705      11856.8685      1.77215601e-05  -431.494483    
8891.39705      11856.8685      3.15138854e-05  -775.40165     
8891.39705      11856.8685      5.60404936e-05  -1389.74813    
8891.39705      11856.8685      9.96556558e-05  -2485.63568    
11856.8685      15811.3883      0               4.83964868e-09 
11856.8685      15811.3883      1.77215601e-10  -0.00297988294 
11856.8685      15811.3883      3.15138854e-10  -0.00529912633 
11856.8685      15811.3883      5.60404936e-10  -0.00942351463 
11856.8685      15811.3883      9.96556558e-10  -0.016758226   
11856.8685      15811.3883      1.77215601e-09  -0.0298026446  
11856.8685      15811.3883      3.15138854e-09  -0.0530032154  
11856.8685      15811.3883      5.60404936e-09  -0.0942727453  
11856.8685      15811.3883      9.96556558e-09  -0.167700493   
11856.8685      15811.3883      1.77215601e-08  -0.298397065   
11856.8685      15811.3883      3.15138854e-08  -0.531186672   
11856.8685      15811.3883      5.60404936e-08  -0.946284643   
11856.8685      15811.3883      9.96556558e-08  -1.68776499    
11856.8685      15811.3883      1.77215601e-07  -3.01557063    
11856.8685      15811.3883      3.15138854e-07  -5.40062781    
11856.8685      15811.3883      5.60404936e-07  -9.69728453    
11856.8685      15811.3883      9.96556558e-07  -17.4510979    
11856.8685      15811.3883      1.77215601e-06  -31.4423732    
11856.8685      15811.3883      3.15138854e-06  -56.6469469    
11856.8685      15811.3883      5.60404936e-06  -101.94239     
11856.8685      15811.3883      9.96556558e-06  -183.1416      
11856.8685      15811.3883      1.77215601e-05  -328.385184    
11856.8685      15811.3883      3.15138854e-05  -587.729663    
11856.8685      15811.3883      5.60404936e-05  -1050.20217    
11856.8685      15811.3883      9.96556558e-05  -1874.13755    
15811.3883      21084.8252      0               0.00843115814  
15811.3883      21084.8252      1.77215601e-10  0.00658356605  
15811.3883      21084.8252      3.15138854e-10  0.00514541386  
15811.3883      21084.8252      5.60404936e-10  0.00258752533  
15811.3883      21084.8252      9.96556558e-10  -0.00196254242 
15811.3883      21084.8252      1.77215601e-09  -0.0100583344  
15811.3883      21084.8252      3.15138854e-09  -0.0244690711  
15811.3883      21084.8252      5.60404936e-09  -0.0501397434  
15811.3883      21084.8252      9.96556558e-09  -0.0959273693  
15811.3883      21084.8252      1.77215601e-08  -0.177774648   
15811.3883      21084.8252      3.15138854e-08  -0.324598058   
15811.3883      21084.8252      5.60404936e-08  -0.589397969   
15811.3883      21084.8252      9.96556558e-08  -1.07046413    
15811.3883      21084.8252      1.77215601e-07  -1.95161719    
15811.3883      21084.8252      3.15138854e-07  -3.57632497    
15811.3883      21084.8252      5.60404936e-07  -6.57875939    
15811.3883      21084.8252      9.96556558e-07  -12.1110263    
15811.3883      21084.8252      1.77215601e-06  -22.2426168    
15811.3883      21084.8252      3.15138854e-06  -40.6753758    
15811.3883      21084.8252      5.60404936e-06  -74.0233188    
15811.3883      21084.8252      9.96556558e-06  -134.087279    
15811.3883      21084.8252      1.77215601e-05  -241.890594    
15811.3883      21084.8252      3.15138854e-05  -434.853885    
15811.3883      21084.8252      5.60404936e-05  -779.562137    
15811.3883      21084.8252      9.96556558e-05  -1394.4726     
21084.8252      28117.0663      0               3.036007e-09   
21084.8252      28117.0663      1.77215601e-10  -0.00186930117 
21084.8252      28117.0663      3.15138854e-10  -0.00332414231 
21084.8252      28117.0663      5.60404936e-10  -0.00591125672 
21084.8252      28117.0663      9.96556558e-10  -0.0105118702  
21084.8252      28117.0663      1.77215601e-09  -0.01869305    
21084.8252      28117.0663      3.15138854e-09  -0.0332414851  
21084.8252      28117.0663      5.60404936e-09  -0.0591127041  
21084.8252      28117.0663      9.96556558e-09  -0.105119075   
21084.8252      28117.0663      1.77215601e-08  -0.186931622   
21084.8252      28117.0663      3.15138854e-08  -0.332418339   
21084.8252      28117.0663      5.60404936e-08  -0.591138      
21084.8252      28117.0663      9.96556558e-08  -1.05122528    
21084.8252      28117.0663      1.77215601e-07  -1.86942494    
21084.8252      28117.0663      3.15138854e-07  -3.32452489    
21084.8252      28117.0663      5.60404936e-07  -5.9124476     
21084.8252      28117.0663      9.96556558e-07  -10.5155622    
21084.8252      28117.0663      1.77215601e-06  -18.7043625    
21084.8252      28117.0663      3.15138854e-06  -33.2754419    
21084.8252      28117.0663      5.60404936e-06  -59.2114459    
21084.8252      28117.0663      9.96556558e-06  -105.393677    
21084.8252      28117.0663      1.77215601e-05  -187.653604    
21084.8252      28117.0663      3.15138854e-05  -334.201078    
21084.8252      28117.0663      5.60404936e-05  -595.271562    
21084.8252      28117.0663      9.96556558e-05  -1060.27004    
28117.0663      37494.7105      0               2.31051445e-09 
28117.0663      37494.7105      1.77215601e-10  -0.00142256508 
28117.0663      37494.7105      3.15138854e-10  -0.00252972032 
28117.0663      37494.7105      5.60404936e-10  -0.00449855237 
28117.0663      37494.7105      9.96556558e-10  -0.00799968809 
28117.0663      37494.7105      1.77215601e-09  -0.0142256926  
28117.0663      37494.7105      3.15138854e-09  -0.0252972905  
28117.0663      37494.7105      5.60404936e-09  -0.0449857548  
28117.0663      37494.7105      9.96556558e-09  -0.0799975664  
28117.0663      37494.7105      1.77215601e-08  -0.142259048   
28117.0663      37494.7105      3.15138854e-08  -0.25297956    
28117.0663      37494.7105      5.60404936e-08  -0.449878508   
28117.0663      37494.7105      9.96556558e-08  -0.800041666   
28117.0663      37494.7105      1.77215601e-07  -1.42279784    
28117.0663      37494.7105      3.15138854e-07  -2.53044406    
28117.0663      37494.7105      5.60404936e-07  -4.50079629    
28117.0663      37494.7105      9.96556558e-07  -8.00656746    
28117.0663      37494.7105      1.77215601e-06  -14.2463599    
28117.0663      37494.7105      3.15138854e-06  -25.3574304    
28117.0663      37494.7105      5.60404936e-06  -45.1529583    
28117.0663      37494.7105      9.96556558e-06  -80.4361071    
28117.0663      37494.7105      1.77215601e-05  -143.336131    
28117.0663      37494.7105      3.15138854e-05  -255.457703    
28117.0663      37494.7105      5.60404936e-05  -455.255454    
28117.0663      37494.7105      9.96556558e-05  -811.14712     
37494.7105      50000           0               1.78499704e-09 
37494.7105      50000           1.77215601e-10  -0.00109902324 
37494.7105      50000           3.15138854e-10  -0.00195437179 
37494.7105      50000           5.60404936e-10  -0.00347542051 
37494.7105      50000           9.96556558e-10  -0.00618027013 
37494.7105      50000           1.77215601e-09  -0.0109902486  
37494.7105      50000           3.15138854e-09  -0.0195437342  
37494.7105      50000           5.60404936e-09  -0.034754222   
37494.7105      50000           9.96556558e-09  -0.06180272    
37494.7105      50000           1.77215601e-08  -0.10990251    
37494.7105      50000           3.15138854e-08  -0.195437384   
37494.7105      50000           5.60404936e-08  -0.347542317   
37494.7105      50000           9.96556558e-08  -0.618027474   
37494.7105      50000           1.77215601e-07  -1.09902593    
37494.7105      50000           3.15138854e-07  -1.95437644    
37494.7105      50000           5.60404936e-07  -3.47543134    
37494.7105      50000           9.96556558e-07  -6.18030049    
37494.7105      50000           1.77215601e-06  -10.9903404    
37494.7105      50000           3.15138854e-06  -19.5440189    
37494.7105      50000           5.60404936e-06  -34.7551086    
37494.7105      50000           9.96556558e-06  -61.8054666    
37494.7105      50000           1.77215601e-05  -109.910909    
37494.7105      50000           3.15138854e-05  -195.462513    
37494.7105      50000           5.60404936e-05  -347.614991    
37494.7105      50000           9.96556558e-05  -618.227935    
50000           66676.0716      0               1.22909682e-09 
50000           66676.0716      1.77215601e-10  -0.00075675479 
50000           66676.0716      3.15138854e-10  -0.0013457244  
50000           66676.0716      5.60404936e-10  -0.00239308119 
50000           66676.0716      9.96556558e-10  -0.00425558774 
50000           66676.0716      1.77215601e-09  -0.00756768752 
50000           66676.0716      3.15138854e-09  -0.0134576614  
50000           66676.0716      5.60404936e-09  -0.0239321076  
50000           66676.0716      9.96556558e-09  -0.0425599472  
50000           66676.0716      1.77215601e-08  -0.0756897018  
50000           66676.0716      3.15138854e-08  -0.134617044   
50000           66676.0716      5.60404936e-08  -0.239448299   
50000           66676.0716      9.96556558e-08  -0.425998424   
50000           66676.0716      1.77215601e-07  -0.758140272   
50000           66676.0716      3.15138854e-07  -1.35000325    
50000           66676.0716      5.60404936e-07  -2.40608785    
50000           66676.0716      9.96556558e-07  -4.29411853    
50000           66676.0716      1.77215601e-06  -7.6775147     
50000           66676.0716      3.15138854e-06  -13.7547445    
50000           66676.0716      5.60404936e-06  -24.686368     
50000           66676.0716      9.96556558e-06  -44.3490476    
50000           66676.0716      1.77215601e-05  -79.6647562    
50000           66676.0716      3.15138854e-05  -142.953737    
50000           66676.0716      5.60404936e-05  -256.116447    
50000           66676.0716      9.96556558e-05  -458.079007    
66676.0716      88913.9705      0               1.00042996e-09 
66676.0716      88913.9705      1.77215601e-10  -0.000615978792
66676.0716      88913.9705      3.15138854e-10  -0.00109538318 
66676.0716      88913.9705      5.60404936e-10  -0.00194789814 
66676.0716      88913.9705      9.96556558e-10  -0.00346390793 
66676.0716      88913.9705      1.77215601e-09  -0.00615979693 
66676.0716      88913.9705      3.15138854e-09  -0.0109538408  
66676.0716      88913.9705      5.60404936e-09  -0.0194789904  
66676.0716      88913.9705      9.96556558e-09  -0.0346390884  
66676.0716      88913.9705      1.77215601e-08  -0.0615979785  
66676.0716      88913.9705      3.15138854e-08  -0.109538418   
66676.0716      88913.9705      5.60404936e-08  -0.194789916   
66676.0716      88913.9705      9.96556558e-08  -0.346390901   
66676.0716      88913.9705      1.77215601e-07  -0.615979821   
66676.0716      88913.9705      3.15138854e-07  -1.09538427    
66676.0716      88913.9705      5.60404936e-07  -1.94789943    
66676.0716      88913.9705      9.96556558e-07  -3.46390985    
66676.0716      88913.9705      1.77215601e-06  -6.15980086    
66676.0716      88913.9705      3.15138854e-06  -10.9538511    
66676.0716      88913.9705      5.60404936e-06  -19.4790206    
66676.0716      88913.9705      9.96556558e-06  -34.6391815    
66676.0716      88913.9705      1.77215601e-05  -61.5982696    
66676.0716      88913.9705      3.15138854e-05  -109.539328    
66676.0716      88913.9705      5.60404936e-05  -194.792749    
66676.0716      88913.9705      9.96556558e-05  -346.399631    
88913.9705      118568.685      0               1.64681975e-05 
88913.9705      118568.685      1.77215601e-10  -0.000440159802
88913.9705      118568.685      3.15138854e-10  -0.000795543982
88913.9705      118568.685      5.60404936e-10  -0.00142751637 
88913.9705      118568.685      9.96556558e-10  -0.00255133993 
88913.9705      118568.685      1.77215601e-09  -0.00454981245 
88913.9705      118568.685      3.15138854e-09  -0.00810365565 
88913.9705      118568.685      5.60404936e-09  -0.014423384   
88913.9705      118568.685      9.96556558e-09  -0.0256616336  
88913.9705      118568.685      1.77215601e-08  -0.0456464029  
88913.9705      118568.685      3.15138854e-08  -0.0811849746  
88913.9705      118568.685      5.60404936e-08  -0.1443827     
88913.9705      118568.685      9.96556558e-08  -0.256766591   
88913.9705      118568.685      1.77215601e-07  -0.45661869    
88913.9705      118568.685      3.15138854e-07  -0.812018305   
88913.9705      118568.685      5.60404936e-07  -1.4440393     
88913.9705      118568.685      9.96556558e-07  -2.56801545    
88913.9705      118568.685      1.77215601e-06  -4.56696427    
88913.9705      118568.685      3.15138854e-06  -8.12228006    
88913.9705      118568.685      5.60404936e-06  -14.4464876    
88913.9705      118568.685      9.96556558e-06  -25.6980043    
88913.9705      118568.685      1.77215601e-05  -45.7204927    
88913.9705      118568.685      3.15138854e-05  -81.360259     
88913.9705      118568.685      5.60404936e-05  -144.810318    
88913.9705      118568.685      9.96556558e-05  -257.774944    
118568.685      158113.883      0               0.000496716348 
118568.685      158113.883      1.77215601e-10  0.000162813575 
118568.685      158113.883      3.15138854e-10  -9.70561332e-05
118568.685      158113.883      5.60404936e-10  -0.000559177202
118568.685      158113.883      9.96556558e-10  -0.00138095796 
118568.685      158113.883      1.77215601e-09  -0.00284231493 
118568.685      158113.883      3.15138854e-09  -0.00544101968 
118568.685      158113.883      5.60404936e-09  -0.0100622546  
118568.685      158113.883      9.96556558e-09  -0.0182801388  
118568.685      158113.883      1.77215601e-08  -0.0328939508  
118568.685      158113.883      3.15138854e-08  -0.0588817638  
118568.685      158113.883      5.60404936e-08  -0.105096531   
118568.685      158113.883      9.96556558e-08  -0.187283006   
118568.685      158113.883      1.77215601e-07  -0.333445181   
118568.685      158113.883      3.15138854e-07  -0.593398924   
118568.685      158113.883      5.60404936e-07  -1.05578317    
118568.685      158113.883      9.96556558e-07  -1.87838217    
118568.685      158113.883      1.77215601e-06  -3.34225156    
118568.685      158113.883      3.15138854e-06  -5.94851183    
118568.685      158113.883      5.60404936e-06  -10.5917282    
118568.685      158113.883      9.96556558e-06  -18.8704922    
118568.685      158113.883      1.77215601e-05  -33.6421085    
118568.685      158113.883      3.15138854e-05  -60.0080919    
118568.685      158113.883      5.60404936e-05  -107.059244    
118568.685      158113.883      9.96556558e-05  -190.969053    
158113.883      210848.252      0               4.15738555e-10 
158113.883      210848.252      1.77215601e-10  -0.000255971172
158113.883      210848.252      3.15138854e-10  -0.000455188588
158113.883      210848.252      5.60404936e-10  -0.000809452817
158113.883      210848.252      9.96556558e-10  -0.0014394336  
158113.883      210848.252      1.77215601e-09  -0.00255971546 
158113.883      210848.252      3.15138854e-09  -0.00455188963 
158113.883      210848.252      5.60404936e-09  -0.00809453195 
158113.883      210848.252      9.96556558e-09  -0.0143943399  
158113.883      210848.252      1.77215601e-08  -0.0255971588  
158113.883      210848.252      3.15138854e-08  -0.0455189015  
158113.883      210848.252      5.60404936e-08  -0.0809453278  
158113.883      210848.252      9.96556558e-08  -0.143943417   
158113.883      210848.252      1.77215601e-07  -0.255971637   
158113.883      210848.252      3.15138854e-07  -0.455189161   
158113.883      210848.252      5.60404936e-07  -0.809453733   
158113.883      210848.252      9.96556558e-07  -1.4394356     
158113.883      210848.252      1.77215601e-06  -2.55972088    
158113.883      210848.252      3.15138854e-06  -4.55190584    
158113.883      210848.252      5.60404936e-06  -8.09458218    
158113.883      210848.252      9.96556558e-06  -14.3944971    
158113.883      210848.252      1.77215601e-05  -25.5976506    
158113.883      210848.252      3.15138854e-05  -45.5204324    
158113.883      210848.252      5.60404936e-05  -80.9500426    
158113.883      210848.252      9.96556558e-05  -143.957674    
210848.252      281170.663      0               3.10996118e-10 
210848.252      281170.663      1.77215601e-10  -0.000191483087
210848.252      281170.663      3.15138854e-10  -0.000340510674
210848.252      281170.663      5.60404936e-10  -0.000605523362
210848.252      281170.663      9.96556558e-10  -0.00107678997 
210848.252      281170.663      1.77215601e-09  -0.00191483367 
210848.252      281170.663      3.15138854e-09  -0.00340510953 
210848.252      281170.663      5.60404936e-09  -0.00605523642 
210848.252      281170.663      9.96556558e-09  -0.0107679025  
210848.252      281170.663      1.77215601e-08  -0.0191483395  
210848.252      281170.663      3.15138854e-08  -0.0340510981  
210848.252      281170.663      5.60404936e-08  -0.060552367   
210848.252      281170.663      9.96556558e-08  -0.107679028   
210848.252      281170.663      1.77215601e-07  -0.191483398   
210848.252      281170.663      3.15138854e-07  -0.340510984   
210848.252      281170.663      5.60404936e-07  -0.605523672   
210848.252      281170.663      9.96556558e-07  -1.07679028    
210848.252      281170.663      1.77215601e-06  -1.91483398    
210848.252      281170.663      3.15138854e-06  -3.40510985    
210848.252      281170.663      5.60404936e-06  -6.05523673    
210848.252      281170.663      9.96556558e-06  -10.7679028    
210848.252      281170.663      1.77215601e-05  -19.1483398    
210848.252      281170.663      3.15138854e-05  -34.0510985    
210848.252      281170.663      5.60404936e-05  -60.5523673    
210848.252      281170.663      9.96556558e-05  -107.679028    
281170.663      374947.105      0               2.3113067e-10  
281170.663      374947.105      1.77215601e-10  -0.000142310303
281170.663      374947.105      3.15138854e-10  -0.000253067661
281170.663      374947.105      5.60404936e-10  -0.000450025191
281170.663      374947.105      9.96556558e-10  -0.000800270711
281170.663      374947.105      1.77215601e-09  -0.00142310511 
281170.663      374947.105      3.15138854e-09  -0.00253067869 
281170.663      374947.105      5.60404936e-09  -0.00450025399 
281170.663      374947.105      9.96556558e-09  -0.00800270919 
281170.663      374947.105      1.77215601e-08  -0.0142310532  
281170.663      374947.105      3.15138854e-08  -0.025306789   
281170.663      374947.105      5.60404936e-08  -0.045002542   
281170.663      374947.105      9.96556558e-08  -0.080027094   
281170.663      374947.105      1.77215601e-07  -0.142310534   
281170.663      374947.105      3.15138854e-07  -0.253067892   
281170.663      374947.105      5.60404936e-07  -0.450025422   
281170.663      374947.105      9.96556558e-07  -0.800270942   
281170.663      374947.105      1.77215601e-06  -1.42310534    
281170.663      374947.105      3.15138854e-06  -2.53067892    
281170.663      374947.105      5.60404936e-06  -4.50025422    
281170.663      374947.105      9.96556558e-06  -8.00270942    
281170.663      374947.105      1.77215601e-05  -14.2310534    
281170.663      374947.105      3.15138854e-05  -25.3067892    
281170.663      374947.105      5.60404936e-05  -45.0025422    
281170.663      374947.105      9.96556558e-05  -80.0270942    
374947.105      500000          0               1.68005387e-10 
374947.105      500000          1.77215601e-10  -0.000103442379
374947.105      500000          3.15138854e-10  -0.000183949583
374947.105      500000          5.60404936e-10  -0.000327113886
374947.105      500000          9.96556558e-10  -0.000581700019
374947.105      500000          1.77215601e-09  -0.0010344253  
374947.105      500000          3.15138854e-09  -0.00183949734 
374947.105      500000          5.60404936e-09  -0.00327114037 
374947.105      500000          9.96556558e-09  -0.0058170017  
374947.105      500000          1.77215601e-08  -0.0103442545  
374947.105      500000          3.15138854e-08  -0.0183949749  
374947.105      500000          5.60404936e-08  -0.0327114052  
374947.105      500000          9.96556558e-08  -0.0581700185  
374947.105      500000          1.77215601e-07  -0.103442546   
374947.105      500000          3.15138854e-07  -0.18394975    
374947.105      500000          5.60404936e-07  -0.327114054   
374947.105      500000          9.96556558e-07  -0.581700187   
374947.105      500000          1.77215601e-06  -1.03442547    
374947.105      500000          3.15138854e-06  -1.83949751    
374947.105      500000          5.60404936e-06  -3.27114054    
374947.105      500000          9.96556558e-06  -5.81700187    
374947.105      500000          1.77215601e-05  -10.3442547    
374947.105      500000          3.15138854e-05  -18.3949751    
374947.105      500000          5.60404936e-05  -32.7114054    
374947.105      500000          9.96556558e-05  -58.1700187    
