### /nfs/slac/g/ki/ki20/cta/mdwood/fermi/dsph_pipeline/des_dwarfs/v6/p302_6yr_source_psf0123_point_gs_jsigma0.6/results/like_triangulum_II.txt
#[0]emin(MeV) [1]emax(MeV) [2]eflux(MeV/cm^2/s) [3]deltaLogLike
500             666.760716      0               -0.116116558   
500             666.760716      1.77215601e-10  -0.114730674   
500             666.760716      3.15138854e-10  -0.113657991   
500             666.760716      5.60404936e-10  -0.111763257   
500             666.760716      9.96556558e-10  -0.1084343     
500             666.760716      1.77215601e-09  -0.10264198    
500             666.760716      3.15138854e-09  -0.0927431603  
500             666.760716      5.60404936e-09  -0.0764010313  
500             666.760716      9.96556558e-09  -0.0512771059  
500             666.760716      1.77215601e-08  -0.0187793585  
500             666.760716      3.15138854e-08  0.0019196326   
500             666.760716      5.60404936e-08  -0.0713806125  
500             666.760716      9.96556558e-08  -0.516114785   
500             666.760716      1.77215601e-07  -2.15713605    
500             666.760716      3.15138854e-07  -7.22458076    
500             666.760716      5.60404936e-07  -21.287329     
500             666.760716      9.96556558e-07  -57.3619808    
500             666.760716      1.77215601e-06  -144.249345    
500             666.760716      3.15138854e-06  -342.755014    
500             666.760716      5.60404936e-06  -776.188101    
500             666.760716      9.96556558e-06  -1686.4393     
500             666.760716      1.77215601e-05  -3535.75555    
500             666.760716      3.15138854e-05  -7189.69582    
500             666.760716      5.60404936e-05  -14243.1384    
500             666.760716      9.96556558e-05  -27597.3827    
666.760716      889.139705      0               0.00713673333  
666.760716      889.139705      1.77215601e-10  0.00465884187  
666.760716      889.139705      3.15138854e-10  0.00272192651  
666.760716      889.139705      5.60404936e-10  -0.000740631276
666.760716      889.139705      9.96556558e-10  -0.0069553695  
666.760716      889.139705      1.77215601e-09  -0.0181874044  
666.760716      889.139705      3.15138854e-09  -0.0387272105  
666.760716      889.139705      5.60404936e-09  -0.0770173338  
666.760716      889.139705      9.96556558e-09  -0.15055015    
666.760716      889.139705      1.77215601e-08  -0.297801161   
666.760716      889.139705      3.15138854e-08  -0.608212665   
666.760716      889.139705      5.60404936e-08  -1.29725002    
666.760716      889.139705      9.96556558e-08  -2.8876216     
666.760716      889.139705      1.77215601e-07  -6.62363451    
666.760716      889.139705      3.15138854e-07  -15.3691871    
666.760716      889.139705      5.60404936e-07  -35.4712645    
666.760716      889.139705      9.96556558e-07  -80.4860699    
666.760716      889.139705      1.77215601e-06  -178.388051    
666.760716      889.139705      3.15138854e-06  -385.162421    
666.760716      889.139705      5.60404936e-06  -809.962966    
666.760716      889.139705      9.96556558e-06  -1661.04662    
666.760716      889.139705      1.77215601e-05  -3328.7721     
666.760716      889.139705      3.15138854e-05  -6534.27081    
666.760716      889.139705      5.60404936e-05  -12593.8934    
666.760716      889.139705      9.96556558e-05  -23887.7938    
889.139705      1185.68685      0               -1.09704751    
889.139705      1185.68685      1.77215601e-10  -1.09123652    
889.139705      1185.68685      3.15138854e-10  -1.08672722    
889.139705      1185.68685      5.60404936e-10  -1.0787371     
889.139705      1185.68685      9.96556558e-10  -1.06461878    
889.139705      1185.68685      1.77215601e-09  -1.03979657    
889.139705      1185.68685      3.15138854e-09  -0.996545465   
889.139705      1185.68685      5.60404936e-09  -0.922398383   
889.139705      1185.68685      9.96556558e-09  -0.799031726   
889.139705      1185.68685      1.77215601e-08  -0.605154678   
889.139705      1185.68685      3.15138854e-08  -0.334466287   
889.139705      1185.68685      5.60404936e-08  -0.057641361   
889.139705      1185.68685      9.96556558e-08  -0.0923946645  
889.139705      1185.68685      1.77215601e-07  -1.40369332    
889.139705      1185.68685      3.15138854e-07  -6.45075496    
889.139705      1185.68685      5.60404936e-07  -20.8751533    
889.139705      1185.68685      9.96556558e-07  -56.7602974    
889.139705      1185.68685      1.77215601e-06  -138.764783    
889.139705      1185.68685      3.15138854e-06  -315.414449    
889.139705      1185.68685      5.60404936e-06  -679.632533    
889.139705      1185.68685      9.96556558e-06  -1405.80589    
889.139705      1185.68685      1.77215601e-05  -2816.3061     
889.139705      1185.68685      3.15138854e-05  -5500.26501    
889.139705      1185.68685      5.60404936e-05  -10524.9129    
889.139705      1185.68685      9.96556558e-05  -19810.8769    
1185.68685      1581.13883      0               0.000171586064 
1185.68685      1581.13883      1.77215601e-10  -0.00934814622 
1185.68685      1581.13883      3.15138854e-10  -0.0167638152  
1185.68685      1581.13883      5.60404936e-10  -0.0299653081  
1185.68685      1581.13883      9.96556558e-10  -0.0534865102  
1185.68685      1581.13883      1.77215601e-09  -0.0954560344  
1185.68685      1581.13883      3.15138854e-09  -0.170534628   
1185.68685      1581.13883      5.60404936e-09  -0.30542649    
1185.68685      1581.13883      9.96556558e-09  -0.549528939   
1185.68685      1581.13883      1.77215601e-08  -0.996251325   
1185.68685      1581.13883      3.15138854e-08  -1.82706661    
1185.68685      1581.13883      5.60404936e-08  -3.40373676    
1185.68685      1581.13883      9.96556558e-08  -6.4583348     
1185.68685      1581.13883      1.77215601e-07  -12.4701164    
1185.68685      1581.13883      3.15138854e-07  -24.386634     
1185.68685      1581.13883      5.60404936e-07  -47.9835084    
1185.68685      1581.13883      9.96556558e-07  -94.4262583    
1185.68685      1581.13883      1.77215601e-06  -185.07865     
1185.68685      1581.13883      3.15138854e-06  -360.433494    
1185.68685      1581.13883      5.60404936e-06  -696.468921    
1185.68685      1581.13883      9.96556558e-06  -1334.18953    
1185.68685      1581.13883      1.77215601e-05  -2532.44244    
1185.68685      1581.13883      3.15138854e-05  -4761.85902    
1185.68685      1581.13883      5.60404936e-05  -8871.65326    
1185.68685      1581.13883      9.96556558e-05  -16385.7312    
1581.13883      2108.48252      0               -0.651953916   
1581.13883      2108.48252      1.77215601e-10  -0.644941026   
1581.13883      2108.48252      3.15138854e-10  -0.639518077   
1581.13883      2108.48252      5.60404936e-10  -0.629949882   
1581.13883      2108.48252      9.96556558e-10  -0.613171142   
1581.13883      2108.48252      1.77215601e-09  -0.584069659   
1581.13883      2108.48252      3.15138854e-09  -0.534585858   
1581.13883      2108.48252      5.60404936e-09  -0.453440875   
1581.13883      2108.48252      9.96556558e-09  -0.329205579   
1581.13883      2108.48252      1.77215601e-08  -0.164189322   
1581.13883      2108.48252      3.15138854e-08  -0.0156510794  
1581.13883      2108.48252      5.60404936e-08  -0.0929731638  
1581.13883      2108.48252      9.96556558e-08  -0.951750033   
1581.13883      2108.48252      1.77215601e-07  -3.84696632    
1581.13883      2108.48252      3.15138854e-07  -11.3663863    
1581.13883      2108.48252      5.60404936e-07  -28.5870457    
1581.13883      2108.48252      9.96556558e-07  -65.1995086    
1581.13883      2108.48252      1.77215601e-06  -139.386445    
1581.13883      2108.48252      3.15138854e-06  -284.854968    
1581.13883      2108.48252      5.60404936e-06  -563.509608    
1581.13883      2108.48252      9.96556558e-06  -1088.16371    
1581.13883      2108.48252      1.77215601e-05  -2063.07042    
1581.13883      2108.48252      3.15138854e-05  -3856.10956    
1581.13883      2108.48252      5.60404936e-05  -7127.26989    
1581.13883      2108.48252      9.96556558e-05  -13057.1965    
2108.48252      2811.70663      0               0.00102082074  
2108.48252      2811.70663      1.77215601e-10  -0.00334173071 
2108.48252      2811.70663      3.15138854e-10  -0.00675095988 
2108.48252      2811.70663      5.60404936e-10  -0.0128434527  
2108.48252      2811.70663      9.96556558e-10  -0.0237712451  
2108.48252      2811.70663      1.77215601e-09  -0.0434944807  
2108.48252      2811.70663      3.15138854e-09  -0.079457015   
2108.48252      2811.70663      5.60404936e-09  -0.146065696   
2108.48252      2811.70663      9.96556558e-09  -0.272159745   
2108.48252      2811.70663      1.77215601e-08  -0.517157234   
2108.48252      2811.70663      3.15138854e-08  -1.0049856     
2108.48252      2811.70663      5.60404936e-08  -1.99195556    
2108.48252      2811.70663      9.96556558e-08  -3.99788636    
2108.48252      2811.70663      1.77215601e-07  -8.05876601    
2108.48252      2811.70663      3.15138854e-07  -16.2128784    
2108.48252      2811.70663      5.60404936e-07  -32.4135338    
2108.48252      2811.70663      9.96556558e-07  -64.1978169    
2108.48252      2811.70663      1.77215601e-06  -125.705816    
2108.48252      2811.70663      3.15138854e-06  -243.125249    
2108.48252      2811.70663      5.60404936e-06  -464.448217    
2108.48252      2811.70663      9.96556558e-06  -876.851177    
2108.48252      2811.70663      1.77215601e-05  -1637.60801    
2108.48252      2811.70663      3.15138854e-05  -3029.11059    
2108.48252      2811.70663      5.60404936e-05  -5556.78663    
2108.48252      2811.70663      9.96556558e-05  -10123.211     
2811.70663      3749.47105      0               0.000769307955 
2811.70663      3749.47105      1.77215601e-10  -0.00294828634 
2811.70663      3749.47105      3.15138854e-10  -0.00585495261 
2811.70663      3749.47105      5.60404936e-10  -0.011052428   
2811.70663      3749.47105      9.96556558e-10  -0.0203844105  
2811.70663      3749.47105      1.77215601e-09  -0.037256274   
2811.70663      3749.47105      3.15138854e-09  -0.0681041261  
2811.70663      3749.47105      5.60404936e-09  -0.125472032   
2811.70663      3749.47105      9.96556558e-09  -0.234648619   
2811.70663      3749.47105      1.77215601e-08  -0.44794589    
2811.70663      3749.47105      3.15138854e-08  -0.874146803   
2811.70663      3749.47105      5.60404936e-08  -1.73542769    
2811.70663      3749.47105      9.96556558e-08  -3.47290328    
2811.70663      3749.47105      1.77215601e-07  -6.94445761    
2811.70663      3749.47105      3.15138854e-07  -13.803529     
2811.70663      3749.47105      5.60404936e-07  -27.2124392    
2811.70663      3749.47105      9.96556558e-07  -53.1376615    
2811.70663      3749.47105      1.77215601e-06  -102.652786    
2811.70663      3749.47105      3.15138854e-06  -196.036106    
2811.70663      3749.47105      5.60404936e-06  -370.105088    
2811.70663      3749.47105      9.96556558e-06  -691.335166    
2811.70663      3749.47105      1.77215601e-05  -1279.22202    
2811.70663      3749.47105      3.15138854e-05  -2347.78492    
2811.70663      3749.47105      5.60404936e-05  -4279.30327    
2811.70663      3749.47105      9.96556558e-05  -7755.42553    
3749.47105      5000            0               -1.14025055    
3749.47105      5000            1.77215601e-10  -1.1259354     
3749.47105      5000            3.15138854e-10  -1.11491161    
3749.47105      5000            5.60404936e-10  -1.09555795    
3749.47105      5000            9.96556558e-10  -1.06191278    
3749.47105      5000            1.77215601e-09  -1.00442135    
3749.47105      5000            3.15138854e-09  -0.909073244   
3749.47105      5000            5.60404936e-09  -0.758842005   
3749.47105      5000            9.96556558e-09  -0.542035855   
3749.47105      5000            1.77215601e-08  -0.27467048    
3749.47105      5000            3.15138854e-08  -0.0423854757  
3749.47105      5000            5.60404936e-08  -0.0619387417  
3749.47105      5000            9.96556558e-08  -0.767390533   
3749.47105      5000            1.77215601e-07  -2.95484535    
3749.47105      5000            3.15138854e-07  -8.05955322    
3749.47105      5000            5.60404936e-07  -18.6795586    
3749.47105      5000            9.96556558e-07  -39.5278977    
3749.47105      5000            1.77215601e-06  -79.138908     
3749.47105      5000            3.15138854e-06  -152.926027    
3749.47105      5000            5.60404936e-06  -288.666355    
3749.47105      5000            9.96556558e-06  -536.309028    
3749.47105      5000            1.77215601e-05  -985.436706    
3749.47105      5000            3.15138854e-05  -1796.27228    
3749.47105      5000            5.60404936e-05  -3254.75468    
3749.47105      5000            9.96556558e-05  -5870.49621    
5000            6667.60716      0               0.000101831554 
5000            6667.60716      1.77215601e-10  -0.00554606382 
5000            6667.60716      3.15138854e-10  -0.00994312031 
5000            6667.60716      5.60404936e-10  -0.0177653684  
5000            6667.60716      9.96556558e-10  -0.0316851282  
5000            6667.60716      1.77215601e-09  -0.0564685503  
5000            6667.60716      3.15138854e-09  -0.100634732   
5000            6667.60716      5.60404936e-09  -0.179466457   
5000            6667.60716      9.96556558e-09  -0.320540204   
5000            6667.60716      1.77215601e-08  -0.574043158   
5000            6667.60716      3.15138854e-08  -1.03231358    
5000            6667.60716      5.60404936e-08  -1.86705877    
5000            6667.60716      9.96556558e-08  -3.39931216    
5000            6667.60716      1.77215601e-07  -6.22711385    
5000            6667.60716      3.15138854e-07  -11.4528659    
5000            6667.60716      5.60404936e-07  -21.0872439    
5000            6667.60716      9.96556558e-07  -38.7722778    
5000            6667.60716      1.77215601e-06  -71.0751876    
5000            6667.60716      3.15138854e-06  -129.793512    
5000            6667.60716      5.60404936e-06  -236.060247    
5000            6667.60716      9.96556558e-06  -427.66424     
5000            6667.60716      1.77215601e-05  -772.097859    
5000            6667.60716      3.15138854e-05  -1389.77293    
5000            6667.60716      5.60404936e-05  -2495.28238    
5000            6667.60716      9.96556558e-05  -4470.73762    
6667.60716      8891.39705      0               1.95677785e-09 
6667.60716      8891.39705      1.77215601e-10  -0.00121250409 
6667.60716      8891.39705      3.15138854e-10  -0.00216733146 
6667.60716      8891.39705      5.60404936e-10  -0.00388920937 
6667.60716      8891.39705      9.96556558e-10  -0.00702594471 
6667.60716      8891.39705      1.77215601e-09  -0.0128353403  
6667.60716      8891.39705      3.15138854e-09  -0.0238710267  
6667.60716      8891.39705      5.60404936e-09  -0.0455857428  
6667.60716      8891.39705      9.96556558e-09  -0.0901280201  
6667.60716      8891.39705      1.77215601e-08  -0.185018322   
6667.60716      8891.39705      3.15138854e-08  -0.391291616   
6667.60716      8891.39705      5.60404936e-08  -0.836993768   
6667.60716      8891.39705      9.96556558e-08  -1.772839      
6667.60716      8891.39705      1.77215601e-07  -3.66368694    
6667.60716      8891.39705      3.15138854e-07  -7.35035958    
6667.60716      8891.39705      5.60404936e-07  -14.3501363    
6667.60716      8891.39705      9.96556558e-07  -27.4101246    
6667.60716      8891.39705      1.77215601e-06  -51.5023867    
6667.60716      8891.39705      3.15138854e-06  -95.5906356    
6667.60716      8891.39705      5.60404936e-06  -175.762013    
6667.60716      8891.39705      9.96556558e-06  -320.787603    
6667.60716      8891.39705      1.77215601e-05  -582.004354    
6667.60716      8891.39705      3.15138854e-05  -1050.88767    
6667.60716      8891.39705      5.60404936e-05  -1890.31753    
6667.60716      8891.39705      9.96556558e-05  -3390.21595    
8891.39705      11856.8685      0               6.06928552e-09 
8891.39705      11856.8685      1.77215601e-10  -0.00373724809 
8891.39705      11856.8685      3.15138854e-10  -0.00664601495 
8891.39705      11856.8685      5.60404936e-10  -0.0118189154  
8891.39705      11856.8685      9.96556558e-10  -0.0210187261  
8891.39705      11856.8685      1.77215601e-09  -0.037381555   
8891.39705      11856.8685      3.15138854e-09  -0.0664886824  
8891.39705      11856.8685      5.60404936e-09  -0.118279019   
8891.39705      11856.8685      9.96556558e-09  -0.210469956   
8891.39705      11856.8685      1.77215601e-08  -0.374701813   
8891.39705      11856.8685      3.15138854e-08  -0.667647782   
8891.39705      11856.8685      5.60404936e-08  -1.19129755    
8891.39705      11856.8685      9.96556558e-08  -2.13043728    
8891.39705      11856.8685      1.77215601e-07  -3.82263372    
8891.39705      11856.8685      3.15138854e-07  -6.8890565     
8891.39705      11856.8685      5.60404936e-07  -12.4753051    
8891.39705      11856.8685      9.96556558e-07  -22.6826441    
8891.39705      11856.8685      1.77215601e-06  -41.3236599    
8891.39705      11856.8685      3.15138854e-06  -75.2444526    
8891.39705      11856.8685      5.60404936e-06  -136.662701    
8891.39705      11856.8685      9.96556558e-06  -247.333648    
8891.39705      11856.8685      1.77215601e-05  -445.985355    
8891.39705      11856.8685      3.15138854e-05  -801.574434    
8891.39705      11856.8685      5.60404936e-05  -1436.87838    
8891.39705      11856.8685      9.96556558e-05  -2570.43951    
11856.8685      15811.3883      0               -0.00234586796 
11856.8685      15811.3883      1.77215601e-10  -0.00215106882 
11856.8685      15811.3883      3.15138854e-10  -0.00200543466 
11856.8685      15811.3883      5.60404936e-10  -0.00175929572 
11856.8685      15811.3883      9.96556558e-10  -0.00136183621 
11856.8685      15811.3883      1.77215601e-09  -0.000780336531
11856.8685      15811.3883      3.15138854e-09  -0.000131781574
11856.8685      15811.3883      5.60404936e-09  -0.000140873592
11856.8685      15811.3883      9.96556558e-09  -0.00354508146 
11856.8685      15811.3883      1.77215601e-08  -0.0189498588  
11856.8685      15811.3883      3.15138854e-08  -0.0701157638  
11856.8685      15811.3883      5.60404936e-08  -0.215072407   
11856.8685      15811.3883      9.96556558e-08  -0.579674061   
11856.8685      15811.3883      1.77215601e-07  -1.41170169    
11856.8685      15811.3883      3.15138854e-07  -3.17264094    
11856.8685      15811.3883      5.60404936e-07  -6.7082148     
11856.8685      15811.3883      9.96556558e-07  -13.5687505    
11856.8685      15811.3883      1.77215601e-06  -26.5869445    
11856.8685      15811.3883      3.15138854e-06  -50.8872038    
11856.8685      15811.3883      5.60404936e-06  -95.6460191    
11856.8685      15811.3883      9.96556558e-06  -177.205562    
11856.8685      15811.3883      1.77215601e-05  -324.630004    
11856.8685      15811.3883      3.15138854e-05  -589.624457    
11856.8685      15811.3883      5.60404936e-05  -1064.20741    
11856.8685      15811.3883      9.96556558e-05  -1912.15801    
15811.3883      21084.8252      0               4.11887413e-09 
15811.3883      21084.8252      1.77215601e-10  -0.00253608682 
15811.3883      21084.8252      3.15138854e-10  -0.00450987511 
15811.3883      21084.8252      5.60404936e-10  -0.00801982416 
15811.3883      21084.8252      9.96556558e-10  -0.0142615006  
15811.3883      21084.8252      1.77215601e-09  -0.0253609651  
15811.3883      21084.8252      3.15138854e-09  -0.0450989774  
15811.3883      21084.8252      5.60404936e-09  -0.0801988769  
15811.3883      21084.8252      9.96556558e-09  -0.142616934   
15811.3883      21084.8252      1.77215601e-08  -0.253615663   
15811.3883      21084.8252      3.15138854e-08  -0.451008677   
15811.3883      21084.8252      5.60404936e-08  -0.802048312   
15811.3883      21084.8252      9.96556558e-08  -1.42635669    
15811.3883      21084.8252      1.77215601e-07  -2.53674428    
15811.3883      21084.8252      3.15138854e-07  -4.51191894    
15811.3883      21084.8252      5.60404936e-07  -8.02613651    
15811.3883      21084.8252      9.96556558e-07  -14.2807107    
15811.3883      21084.8252      1.77215601e-06  -25.4180032    
15811.3883      21084.8252      3.15138854e-06  -45.2621753    
15811.3883      21084.8252      5.60404936e-06  -80.6428922    
15811.3883      21084.8252      9.96556558e-06  -143.753456    
15811.3883      21084.8252      1.77215601e-05  -256.340334    
15811.3883      21084.8252      3.15138854e-05  -457.142862    
15811.3883      21084.8252      5.60404936e-05  -815.116577    
15811.3883      21084.8252      9.96556558e-05  -1452.95128    
21084.8252      28117.0663      0               3.10240011e-09 
21084.8252      28117.0663      1.77215601e-10  -0.00191017871 
21084.8252      28117.0663      3.15138854e-10  -0.00339683571 
21084.8252      28117.0663      5.60404936e-10  -0.00604053122 
21084.8252      28117.0663      9.96556558e-10  -0.010741773   
21084.8252      28117.0663      1.77215601e-09  -0.0191019341  
21084.8252      28117.0663      3.15138854e-09  -0.0339687617  
21084.8252      28117.0663      5.60404936e-09  -0.0604065305  
21084.8252      28117.0663      9.96556558e-09  -0.107421519   
21084.8252      28117.0663      1.77215601e-08  -0.191031243   
21084.8252      28117.0663      3.15138854e-08  -0.339725082   
21084.8252      28117.0663      5.60404936e-08  -0.60418311    
21084.8252      28117.0663      9.96556558e-08  -1.07458428    
21084.8252      28117.0663      1.77215601e-07  -1.911461      
21084.8252      28117.0663      3.15138854e-07  -3.40078326    
21084.8252      28117.0663      5.60404936e-07  -6.05248288    
21084.8252      28117.0663      9.96556558e-07  -10.7769618    
21084.8252      28117.0663      1.77215601e-06  -19.2012868    
21084.8252      28117.0663      3.15138854e-06  -34.2338034    
21084.8252      28117.0663      5.60404936e-06  -61.0670217    
21084.8252      28117.0663      9.96556558e-06  -108.953397    
21084.8252      28117.0663      1.77215601e-05  -194.353766    
21084.8252      28117.0663      3.15138854e-05  -346.534808    
21084.8252      28117.0663      5.60404936e-05  -617.531814    
21084.8252      28117.0663      9.96556558e-05  -1099.87903    
28117.0663      37494.7105      0               2.42374654e-09 
28117.0663      37494.7105      1.77215601e-10  -0.00149228332 
28117.0663      37494.7105      3.15138854e-10  -0.00265369859 
28117.0663      37494.7105      5.60404936e-10  -0.00471901948 
28117.0663      37494.7105      9.96556558e-10  -0.00839173716 
28117.0663      37494.7105      1.77215601e-09  -0.0149228556  
28117.0663      37494.7105      3.15138854e-09  -0.0265370097  
28117.0663      37494.7105      5.60404936e-09  -0.0471902228  
28117.0663      37494.7105      9.96556558e-09  -0.0839174128  
28117.0663      37494.7105      1.77215601e-08  -0.149228639   
28117.0663      37494.7105      3.15138854e-08  -0.265370312   
28117.0663      37494.7105      5.60404936e-08  -0.471902863   
28117.0663      37494.7105      9.96556558e-08  -0.839176089   
28117.0663      37494.7105      1.77215601e-07  -1.49229254    
28117.0663      37494.7105      3.15138854e-07  -2.6537225     
28117.0663      37494.7105      5.60404936e-07  -4.7190897     
28117.0663      37494.7105      9.96556558e-07  -8.39195323    
28117.0663      37494.7105      1.77215601e-06  -14.9235294    
28117.0663      37494.7105      3.15138854e-06  -26.5391123    
28117.0663      37494.7105      5.60404936e-06  -47.1967421    
28117.0663      37494.7105      9.96556558e-06  -83.9373662    
28117.0663      37494.7105      1.77215601e-05  -149.288412    
28117.0663      37494.7105      3.15138854e-05  -265.543618    
28117.0663      37494.7105      5.60404936e-05  -472.383078    
28117.0663      37494.7105      9.96556558e-05  -840.433549    
37494.7105      50000           0               1.0025051e-05  
37494.7105      50000           1.77215601e-10  -0.00110171803 
37494.7105      50000           3.15138854e-10  -0.00196696497 
37494.7105      50000           5.60404936e-10  -0.0035056162  
37494.7105      50000           9.96556558e-10  -0.00624176932 
37494.7105      50000           1.77215601e-09  -0.0111074182  
37494.7105      50000           3.15138854e-09  -0.0197599147  
37494.7105      50000           5.60404936e-09  -0.0351465125  
37494.7105      50000           9.96556558e-09  -0.062508314   
37494.7105      50000           1.77215601e-08  -0.111165657   
37494.7105      50000           3.15138854e-08  -0.197693321   
37494.7105      50000           5.60404936e-08  -0.351567817   
37494.7105      50000           9.96556558e-08  -0.625212681   
37494.7105      50000           1.77215601e-07  -1.11187053    
37494.7105      50000           3.15138854e-07  -1.97741137    
37494.7105      50000           5.60404936e-07  -3.51697696    
37494.7105      50000           9.96556558e-07  -6.2559409     
37494.7105      50000           1.77215601e-06  -11.1300606    
37494.7105      50000           3.15138854e-06  -19.8072945    
37494.7105      50000           5.60404936e-06  -35.262869     
37494.7105      50000           9.96556558e-06  -62.805561     
37494.7105      50000           1.77215601e-05  -111.904738    
37494.7105      50000           3.15138854e-05  -199.437714    
37494.7105      50000           5.60404936e-05  -355.462766    
37494.7105      50000           9.96556558e-05  -633.487369    
50000           66676.0716      0               7.39785304e-06 
50000           66676.0716      1.77215601e-10  -0.000812998537
50000           66676.0716      3.15138854e-10  -0.00145149683 
50000           66676.0716      5.60404936e-10  -0.00258692664 
50000           66676.0716      9.96556558e-10  -0.00460604268 
50000           66676.0716      1.77215601e-09  -0.00819660968 
50000           66676.0716      3.15138854e-09  -0.0145816869  
50000           66676.0716      5.60404936e-09  -0.0259362831  
50000           66676.0716      9.96556558e-09  -0.0461283858  
50000           66676.0716      1.77215601e-08  -0.0820370315  
50000           66676.0716      3.15138854e-08  -0.145897194   
50000           66676.0716      5.60404936e-08  -0.25947274    
50000           66676.0716      9.96556558e-08  -0.461486694   
50000           66676.0716      1.77215601e-07  -0.820863572   
50000           66676.0716      3.15138854e-07  -1.4603648     
50000           66676.0716      5.60404936e-07  -2.59886488    
50000           66676.0716      9.96556558e-07  -4.62716891    
50000           66676.0716      1.77215601e-06  -8.24426583    
50000           66676.0716      3.15138854e-06  -14.7020426    
50000           66676.0716      5.60404936e-06  -26.2425854    
50000           66676.0716      9.96556558e-06  -46.8739172    
50000           66676.0716      1.77215601e-05  -83.7411521    
50000           66676.0716      3.15138854e-05  -149.555893    
50000           66676.0716      5.60404936e-05  -266.916303    
50000           66676.0716      9.96556558e-05  -475.998438    
66676.0716      88913.9705      0               1.0317649e-09  
66676.0716      88913.9705      1.77215601e-10  -0.000635282166
66676.0716      88913.9705      3.15138854e-10  -0.00112971    
66676.0716      88913.9705      5.60404936e-10  -0.00200894083 
66676.0716      88913.9705      9.96556558e-10  -0.00357245892 
66676.0716      88913.9705      1.77215601e-09  -0.00635283096 
66676.0716      88913.9705      3.15138854e-09  -0.0112971093  
66676.0716      88913.9705      5.60404936e-09  -0.0200894177  
66676.0716      88913.9705      9.96556558e-09  -0.0357245989  
66676.0716      88913.9705      1.77215601e-08  -0.0635283199  
66676.0716      88913.9705      3.15138854e-08  -0.112971106   
66676.0716      88913.9705      5.60404936e-08  -0.200894197   
66676.0716      88913.9705      9.96556558e-08  -0.357246031   
66676.0716      88913.9705      1.77215601e-07  -0.635283313   
66676.0716      88913.9705      3.15138854e-07  -1.1297114     
66676.0716      88913.9705      5.60404936e-07  -2.00894303    
66676.0716      88913.9705      9.96556558e-07  -3.57246364    
66676.0716      88913.9705      1.77215601e-06  -6.35284364    
66676.0716      88913.9705      3.15138854e-06  -11.2971471    
66676.0716      88913.9705      5.60404936e-06  -20.0895348    
66676.0716      88913.9705      9.96556558e-06  -35.7249648    
66676.0716      88913.9705      1.77215601e-05  -63.5294644    
66676.0716      88913.9705      3.15138854e-05  -112.974665    
66676.0716      88913.9705      5.60404936e-05  -200.905144    
66676.0716      88913.9705      9.96556558e-05  -357.279071    
88913.9705      118568.685      0               7.70057795e-10 
88913.9705      118568.685      1.77215601e-10  -0.000474149906
88913.9705      118568.685      3.15138854e-10  -0.000843171616
88913.9705      118568.685      5.60404936e-10  -0.00149939532 
88913.9705      118568.685      9.96556558e-10  -0.00266634444 
88913.9705      118568.685      1.77215601e-09  -0.00474150604 
88913.9705      118568.685      3.15138854e-09  -0.00843172322 
88913.9705      118568.685      5.60404936e-09  -0.0149939606  
88913.9705      118568.685      9.96556558e-09  -0.0266634527  
88913.9705      118568.685      1.77215601e-08  -0.0474150715  
88913.9705      118568.685      3.15138854e-08  -0.0843172524  
88913.9705      118568.685      5.60404936e-08  -0.149939655   
88913.9705      118568.685      9.96556558e-08  -0.266634666   
88913.9705      118568.685      1.77215601e-07  -0.474151141   
88913.9705      118568.685      3.15138854e-07  -0.843173856   
88913.9705      118568.685      5.60404936e-07  -1.49940074    
88913.9705      118568.685      9.96556558e-07  -2.66635988    
88913.9705      118568.685      1.77215601e-06  -4.74155308    
88913.9705      118568.685      3.15138854e-06  -8.43186962    
88913.9705      118568.685      5.60404936e-06  -14.9944179    
88913.9705      118568.685      9.96556558e-06  -26.6648757    
88913.9705      118568.685      1.77215601e-05  -47.4194541    
88913.9705      118568.685      3.15138854e-05  -84.3305089    
88913.9705      118568.685      5.60404936e-05  -149.978614    
88913.9705      118568.685      9.96556558e-05  -266.744389    
118568.685      158113.883      0               5.73677994e-10 
118568.685      158113.883      1.77215601e-10  -0.000353221175
118568.685      158113.883      3.15138854e-10  -0.000628126389
118568.685      158113.883      5.60404936e-10  -0.00111698467 
118568.685      158113.883      9.96556558e-10  -0.00198631129 
118568.685      158113.883      1.77215601e-09  -0.00353221692 
118568.685      158113.883      3.15138854e-09  -0.00628126907 
118568.685      158113.883      5.60404936e-09  -0.0111698519  
118568.685      158113.883      9.96556558e-09  -0.0198631182  
118568.685      158113.883      1.77215601e-08  -0.0353221748  
118568.685      158113.883      3.15138854e-08  -0.0628126973  
118568.685      158113.883      5.60404936e-08  -0.111698529   
118568.685      158113.883      9.96556558e-08  -0.198631201   
118568.685      158113.883      1.77215601e-07  -0.353221797   
118568.685      158113.883      3.15138854e-07  -0.628127116   
118568.685      158113.883      5.60404936e-07  -1.11698573    
118568.685      158113.883      9.96556558e-07  -1.9863134     
118568.685      158113.883      1.77215601e-06  -3.53222234    
118568.685      158113.883      3.15138854e-06  -6.28128496    
118568.685      158113.883      5.60404936e-06  -11.1699008    
118568.685      158113.883      9.96556558e-06  -19.8632711    
118568.685      158113.883      1.77215601e-05  -35.3226542    
118568.685      158113.883      3.15138854e-05  -62.8141955    
118568.685      158113.883      5.60404936e-05  -111.703176    
118568.685      158113.883      9.96556558e-05  -198.645427    
158113.883      210848.252      0               4.2730619e-10  
158113.883      210848.252      1.77215601e-10  -0.000263101585
158113.883      210848.252      3.15138854e-10  -0.000467868465
158113.883      210848.252      5.60404936e-10  -0.000832001194
158113.883      210848.252      9.96556558e-10  -0.00147953093 
158113.883      210848.252      1.77215601e-09  -0.00263101976 
158113.883      210848.252      3.15138854e-09  -0.00467868868 
158113.883      210848.252      5.60404936e-09  -0.00832001637 
158113.883      210848.252      9.96556558e-09  -0.014795315   
158113.883      210848.252      1.77215601e-08  -0.0263102072  
158113.883      210848.252      3.15138854e-08  -0.0467869091  
158113.883      210848.252      5.60404936e-08  -0.0832002257  
158113.883      210848.252      9.96556558e-08  -0.147953338   
158113.883      210848.252      1.77215601e-07  -0.263102657   
158113.883      210848.252      3.15138854e-07  -0.467870931   
158113.883      210848.252      5.60404936e-07  -0.832008061   
158113.883      210848.252      9.96556558e-07  -1.47955169    
158113.883      210848.252      1.77215601e-06  -2.63108426    
158113.883      210848.252      3.15138854e-06  -4.6788906     
158113.883      210848.252      5.60404936e-06  -8.32064761    
158113.883      210848.252      9.96556558e-06  -14.7972756    
158113.883      210848.252      1.77215601e-05  -26.3162219    
158113.883      210848.252      3.15138854e-05  -46.8049822    
158113.883      210848.252      5.60404936e-05  -83.2528044    
158113.883      210848.252      9.96556558e-05  -148.099349    
210848.252      281170.663      0               0.000208291203 
210848.252      281170.663      1.77215601e-10  1.08306206e-05 
210848.252      281170.663      3.15138854e-10  -0.000142848885
210848.252      281170.663      5.60404936e-10  -0.000416133986
210848.252      281170.663      9.96556558e-10  -0.000902111254
210848.252      281170.663      1.77215601e-09  -0.00176631462 
210848.252      281170.663      3.15138854e-09  -0.00330310968 
210848.252      281170.663      5.60404936e-09  -0.00603596069 
210848.252      281170.663      9.96556558e-09  -0.0108957334  
210848.252      281170.663      1.77215601e-08  -0.0195377671  
210848.252      281170.663      3.15138854e-08  -0.0349057176  
210848.252      281170.663      5.60404936e-08  -0.0622342277  
210848.252      281170.663      9.96556558e-08  -0.110831955   
210848.252      281170.663      1.77215601e-07  -0.197252292   
210848.252      281170.663      3.15138854e-07  -0.350931798   
210848.252      281170.663      5.60404936e-07  -0.624216901   
210848.252      281170.663      9.96556558e-07  -1.11019417    
210848.252      281170.663      1.77215601e-06  -1.97439756    
210848.252      281170.663      3.15138854e-06  -3.51119268    
210848.252      281170.663      5.60404936e-06  -6.24404388    
210848.252      281170.663      9.96556558e-06  -11.1038172    
210848.252      281170.663      1.77215601e-05  -19.7458528    
210848.252      281170.663      3.15138854e-05  -35.1138095    
210848.252      281170.663      5.60404936e-05  -62.4423388    
210848.252      281170.663      9.96556558e-05  -111.040126    
281170.663      374947.105      0               2.38400855e-10 
281170.663      374947.105      1.77215601e-10  -0.000146785575
281170.663      374947.105      3.15138854e-10  -0.000261025952
281170.663      374947.105      5.60404936e-10  -0.000464177262
281170.663      374947.105      9.96556558e-10  -0.000825437052
281170.663      374947.105      1.77215601e-09  -0.0014678579  
281170.663      374947.105      3.15138854e-09  -0.00261026167 
281170.663      374947.105      5.60404936e-09  -0.00464177476 
281170.663      374947.105      9.96556558e-09  -0.00825437267 
281170.663      374947.105      1.77215601e-08  -0.0146785811  
281170.663      374947.105      3.15138854e-08  -0.0261026188  
281170.663      374947.105      5.60404936e-08  -0.0464177498  
281170.663      374947.105      9.96556558e-08  -0.0825437288  
281170.663      374947.105      1.77215601e-07  -0.146785814   
281170.663      374947.105      3.15138854e-07  -0.26102619    
281170.663      374947.105      5.60404936e-07  -0.4641775     
281170.663      374947.105      9.96556558e-07  -0.825437291   
281170.663      374947.105      1.77215601e-06  -1.46785814    
281170.663      374947.105      3.15138854e-06  -2.6102619     
281170.663      374947.105      5.60404936e-06  -4.641775      
281170.663      374947.105      9.96556558e-06  -8.25437291    
281170.663      374947.105      1.77215601e-05  -14.6785814    
281170.663      374947.105      3.15138854e-05  -26.102619     
281170.663      374947.105      5.60404936e-05  -46.41775      
281170.663      374947.105      9.96556558e-05  -82.5437291    
374947.105      500000          0               1.73269843e-10 
374947.105      500000          1.77215601e-10  -0.000106683771
374947.105      500000          3.15138854e-10  -0.000189713688
374947.105      500000          5.60404936e-10  -0.000337364079
374947.105      500000          9.96556558e-10  -0.000599927731
374947.105      500000          1.77215601e-09  -0.00106683927 
374947.105      500000          3.15138854e-09  -0.00189713844 
374947.105      500000          5.60404936e-09  -0.00337364235 
374947.105      500000          9.96556558e-09  -0.00599927887 
374947.105      500000          1.77215601e-08  -0.0106683942  
374947.105      500000          3.15138854e-08  -0.0189713859  
374947.105      500000          5.60404936e-08  -0.0337364251  
374947.105      500000          9.96556558e-08  -0.0599927903  
374947.105      500000          1.77215601e-07  -0.106683944   
374947.105      500000          3.15138854e-07  -0.189713861   
374947.105      500000          5.60404936e-07  -0.337364253   
374947.105      500000          9.96556558e-07  -0.599927904   
374947.105      500000          1.77215601e-06  -1.06683944    
374947.105      500000          3.15138854e-06  -1.89713861    
374947.105      500000          5.60404936e-06  -3.37364253    
374947.105      500000          9.96556558e-06  -5.99927904    
374947.105      500000          1.77215601e-05  -10.6683944    
374947.105      500000          3.15138854e-05  -18.9713861    
374947.105      500000          5.60404936e-05  -33.7364253    
374947.105      500000          9.96556558e-05  -59.9927904    
