### /nfs/slac/g/ki/ki20/cta/mdwood/fermi/dsph_pipeline/des_dwarfs/v6/p302_6yr_source_psf0123_point_gs_jsigma0.6/results/like_ursa_major_I.txt
#[0]emin(MeV) [1]emax(MeV) [2]eflux(MeV/cm^2/s) [3]deltaLogLike
500             666.760716      0               0.000435504022 
500             666.760716      1.77215601e-10  -0.00359711839 
500             666.760716      3.15138854e-10  -0.00674694837 
500             666.760716      5.60404936e-10  -0.0123726707  
500             666.760716      9.96556558e-10  -0.0224538984  
500             666.760716      1.77215601e-09  -0.0406240189  
500             666.760716      3.15138854e-09  -0.0736980828  
500             666.760716      5.60404936e-09  -0.13489382    
500             666.760716      9.96556558e-09  -0.251081101   
500             666.760716      1.77215601e-08  -0.480117517   
500             666.760716      3.15138854e-08  -0.953978477   
500             666.760716      5.60404936e-08  -1.98684649    
500             666.760716      9.96556558e-08  -4.33880783    
500             666.760716      1.77215601e-07  -9.82615742    
500             666.760716      3.15138854e-07  -22.6480753    
500             666.760716      5.60404936e-07  -52.1122062    
500             666.760716      9.96556558e-07  -118.000818    
500             666.760716      1.77215601e-06  -260.807836    
500             666.760716      3.15138854e-06  -560.784072    
500             666.760716      5.60404936e-06  -1172.70036    
500             666.760716      9.96556558e-06  -2388.47328    
500             666.760716      1.77215601e-05  -4748.97002    
500             666.760716      3.15138854e-05  -9242.49674    
500             666.760716      5.60404936e-05  -17656.5184    
500             666.760716      9.96556558e-05  -33201.186     
666.760716      889.139705      0               -0.499849533   
666.760716      889.139705      1.77215601e-10  -0.494027749   
666.760716      889.139705      3.15138854e-10  -0.48952395    
666.760716      889.139705      5.60404936e-10  -0.481573511   
666.760716      889.139705      9.96556558e-10  -0.467619774   
666.760716      889.139705      1.77215601e-09  -0.443384342   
666.760716      889.139705      3.15138854e-09  -0.402089097   
666.760716      889.139705      5.60404936e-09  -0.334211327   
666.760716      889.139705      9.96556558e-09  -0.230333406   
666.760716      889.139705      1.77215601e-08  -0.0951099925  
666.760716      889.139705      3.15138854e-08  0.00603215409  
666.760716      889.139705      5.60404936e-08  -0.18279765    
666.760716      889.139705      9.96556558e-08  -1.42146707    
666.760716      889.139705      1.77215601e-07  -5.65101773    
666.760716      889.139705      3.15138854e-07  -17.3403644    
666.760716      889.139705      5.60404936e-07  -46.0322959    
666.760716      889.139705      9.96556558e-07  -111.039563    
666.760716      889.139705      1.77215601e-06  -250.02302     
666.760716      889.139705      3.15138854e-06  -534.580163    
666.760716      889.139705      5.60404936e-06  -1098.4063     
666.760716      889.139705      9.96556558e-06  -2187.84785    
666.760716      889.139705      1.77215601e-05  -4252.18669    
666.760716      889.139705      3.15138854e-05  -8104.34121    
666.760716      889.139705      5.60404936e-05  -15206.4673    
666.760716      889.139705      9.96556558e-05  -28177.2983    
889.139705      1185.68685      0               0.00407451419  
889.139705      1185.68685      1.77215601e-10  -0.000949262678
889.139705      1185.68685      3.15138854e-10  -0.00487627758 
889.139705      1185.68685      5.60404936e-10  -0.0118964591  
889.139705      1185.68685      9.96556558e-10  -0.0244961497  
889.139705      1185.68685      1.77215601e-09  -0.047264455   
889.139705      1185.68685      3.15138854e-09  -0.0888786005  
889.139705      1185.68685      5.60404936e-09  -0.166330097   
889.139705      1185.68685      9.96556558e-09  -0.314408492   
889.139705      1185.68685      1.77215601e-08  -0.607761558   
889.139705      1185.68685      3.15138854e-08  -1.21257006    
889.139705      1185.68685      5.60404936e-08  -2.5049791     
889.139705      1185.68685      9.96556558e-08  -5.33193636    
889.139705      1185.68685      1.77215601e-07  -11.5588623    
889.139705      1185.68685      3.15138854e-07  -25.1619613    
889.139705      1185.68685      5.60404936e-07  -54.3097034    
889.139705      1185.68685      9.96556558e-07  -115.217275    
889.139705      1185.68685      1.77215601e-06  -239.181185    
889.139705      1185.68685      3.15138854e-06  -485.294073    
889.139705      1185.68685      5.60404936e-06  -963.242394    
889.139705      1185.68685      9.96556558e-06  -1873.92838    
889.139705      1185.68685      1.77215601e-05  -3581.63201    
889.139705      1185.68685      3.15138854e-05  -6742.25045    
889.139705      1185.68685      5.60404936e-05  -12531.4376    
889.139705      1185.68685      9.96556558e-05  -23050.422     
1185.68685      1581.13883      0               -0.0565922879  
1185.68685      1581.13883      1.77215601e-10  -0.053620737   
1185.68685      1581.13883      3.15138854e-10  -0.0513702345  
1185.68685      1581.13883      5.60404936e-10  -0.047501219   
1185.68685      1581.13883      9.96556558e-10  -0.0410349918  
1185.68685      1581.13883      1.77215601e-09  -0.0308094663  
1185.68685      1581.13883      3.15138854e-09  -0.0164642986  
1185.68685      1581.13883      5.60404936e-09  -0.002158168   
1185.68685      1581.13883      9.96556558e-09  -0.00782872204 
1185.68685      1581.13883      1.77215601e-08  -0.0984525848  
1185.68685      1581.13883      3.15138854e-08  -0.45049371    
1185.68685      1581.13883      5.60404936e-08  -1.48689852    
1185.68685      1581.13883      9.96556558e-08  -4.13278696    
1185.68685      1581.13883      1.77215601e-07  -10.288715     
1185.68685      1581.13883      3.15138854e-07  -23.7140821    
1185.68685      1581.13883      5.60404936e-07  -51.6906788    
1185.68685      1581.13883      9.96556558e-07  -108.118615    
1185.68685      1581.13883      1.77215601e-06  -219.144882    
1185.68685      1581.13883      3.15138854e-06  -433.23081     
1185.68685      1581.13883      5.60404936e-06  -839.085485    
1185.68685      1581.13883      9.96556558e-06  -1597.62991    
1185.68685      1581.13883      1.77215601e-05  -2998.91493    
1185.68685      1581.13883      3.15138854e-05  -5563.30559    
1185.68685      1581.13883      5.60404936e-05  -10221.2817    
1185.68685      1581.13883      9.96556558e-05  -18633.0742    
1581.13883      2108.48252      0               -1.33553126    
1581.13883      2108.48252      1.77215601e-10  -1.3190902     
1581.13883      2108.48252      3.15138854e-10  -1.30642589    
1581.13883      2108.48252      5.60404936e-10  -1.28418426    
1581.13883      2108.48252      9.96556558e-10  -1.24549222    
1581.13883      2108.48252      1.77215601e-09  -1.17928658    
1581.13883      2108.48252      3.15138854e-09  -1.06917589    
1581.13883      2108.48252      5.60404936e-09  -0.894671413   
1581.13883      2108.48252      9.96556558e-09  -0.639983194   
1581.13883      2108.48252      1.77215601e-08  -0.320276705   
1581.13883      2108.48252      3.15138854e-08  -0.0411836169  
1581.13883      2108.48252      5.60404936e-08  -0.11624518    
1581.13883      2108.48252      9.96556558e-08  -1.28469042    
1581.13883      2108.48252      1.77215601e-07  -5.10856045    
1581.13883      2108.48252      3.15138854e-07  -14.6955266    
1581.13883      2108.48252      5.60404936e-07  -36.0057763    
1581.13883      2108.48252      9.96556558e-07  -80.2112336    
1581.13883      2108.48252      1.77215601e-06  -167.980035    
1581.13883      2108.48252      3.15138854e-06  -337.245947    
1581.13883      2108.48252      5.60404936e-06  -657.151239    
1581.13883      2108.48252      9.96556558e-06  -1252.83339    
1581.13883      2108.48252      1.77215601e-05  -2349.35903    
1581.13883      2108.48252      3.15138854e-05  -4349.72757    
1581.13883      2108.48252      5.60404936e-05  -7973.61626    
1581.13883      2108.48252      9.96556558e-05  -14504.2326    
2108.48252      2811.70663      0               1.55077942e-08 
2108.48252      2811.70663      1.77215601e-10  -0.00954935864 
2108.48252      2811.70663      3.15138854e-10  -0.0169842005  
2108.48252      2811.70663      5.60404936e-10  -0.0302113885  
2108.48252      2811.70663      9.96556558e-10  -0.0537518414  
2108.48252      2811.70663      1.77215601e-09  -0.0956726519  
2108.48252      2811.70663      3.15138854e-09  -0.170406014   
2108.48252      2811.70663      5.60404936e-09  -0.303886334   
2108.48252      2811.70663      9.96556558e-09  -0.543063623   
2108.48252      2811.70663      1.77215601e-08  -0.973939432   
2108.48252      2811.70663      3.15138854e-08  -1.75679048    
2108.48252      2811.70663      5.60404936e-08  -3.19699883    
2108.48252      2811.70663      9.96556558e-08  -5.88978721    
2108.48252      2811.70663      1.77215601e-07  -11.0132625    
2108.48252      2811.70663      3.15138854e-07  -20.9012273    
2108.48252      2811.70663      5.60404936e-07  -40.1111391    
2108.48252      2811.70663      9.96556558e-07  -77.3374285    
2108.48252      2811.70663      1.77215601e-06  -148.778066    
2108.48252      2811.70663      3.15138854e-06  -284.081371    
2108.48252      2811.70663      5.60404936e-06  -536.942963    
2108.48252      2811.70663      9.96556558e-06  -1003.99375    
2108.48252      2811.70663      1.77215601e-05  -1858.34702    
2108.48252      2811.70663      3.15138854e-05  -3409.15567    
2108.48252      2811.70663      5.60404936e-05  -6207.5014     
2108.48252      2811.70663      9.96556558e-05  -11234.7988    
2811.70663      3749.47105      0               -0.22452642    
2811.70663      3749.47105      1.77215601e-10  -0.219431564   
2811.70663      3749.47105      3.15138854e-10  -0.215518892   
2811.70663      3749.47105      5.60404936e-10  -0.208673467   
2811.70663      3749.47105      9.96556558e-10  -0.196850281   
2811.70663      3749.47105      1.77215601e-09  -0.176901742   
2811.70663      3749.47105      3.15138854e-09  -0.144672812   
2811.70663      3749.47105      5.60404936e-09  -0.0968221168  
2811.70663      3749.47105      9.96556558e-09  -0.0378911594  
2811.70663      3749.47105      1.77215601e-08  -1.27821568e-06
2811.70663      3749.47105      3.15138854e-08  -0.0868697638  
2811.70663      3749.47105      5.60404936e-08  -0.556392998   
2811.70663      3749.47105      9.96556558e-08  -1.9607552     
2811.70663      3749.47105      1.77215601e-07  -5.38243502    
2811.70663      3749.47105      3.15138854e-07  -12.8481035    
2811.70663      3749.47105      5.60404936e-07  -28.0808211    
2811.70663      3749.47105      9.96556558e-07  -57.8856679    
2811.70663      3749.47105      1.77215601e-06  -114.680425    
2811.70663      3749.47105      3.15138854e-06  -221.041689    
2811.70663      3749.47105      5.60404936e-06  -417.775206    
2811.70663      3749.47105      9.96556558e-06  -778.1832      
2811.70663      3749.47105      1.77215601e-05  -1433.33977    
2811.70663      3749.47105      3.15138854e-05  -2617.02558    
2811.70663      3749.47105      5.60404936e-05  -4745.72006    
2811.70663      3749.47105      9.96556558e-05  -8560.96086    
3749.47105      5000            0               0.000360851562 
3749.47105      5000            1.77215601e-10  -0.00964491001 
3749.47105      5000            3.15138854e-10  -0.0174323567  
3749.47105      5000            5.60404936e-10  -0.0312809768  
3749.47105      5000            9.96556558e-10  -0.0559088429  
3749.47105      5000            1.77215601e-09  -0.0997077018  
3749.47105      5000            3.15138854e-09  -0.177605764   
3749.47105      5000            5.60404936e-09  -0.316166332   
3749.47105      5000            9.96556558e-09  -0.562678773   
3749.47105      5000            1.77215601e-08  -1.00139898    
3749.47105      5000            3.15138854e-08  -1.78265155    
3749.47105      5000            5.60404936e-08  -3.17522093    
3749.47105      5000            9.96556558e-08  -5.66124137    
3749.47105      5000            1.77215601e-07  -10.1091357    
3749.47105      5000            3.15138854e-07  -18.0899957    
3749.47105      5000            5.60404936e-07  -32.4558243    
3749.47105      5000            9.96556558e-07  -58.3909694    
3749.47105      5000            1.77215601e-06  -105.309921    
3749.47105      5000            3.15138854e-06  -190.252333    
3749.47105      5000            5.60404936e-06  -343.910681    
3749.47105      5000            9.96556558e-06  -621.312876    
3749.47105      5000            1.77215601e-05  -1120.79803    
3749.47105      5000            3.15138854e-05  -2017.77292    
3749.47105      5000            5.60404936e-05  -3624.75708    
3749.47105      5000            9.96556558e-05  -6498.16279    
5000            6667.60716      0               1.14118848e-08 
5000            6667.60716      1.77215601e-10  -0.00702692777 
5000            6667.60716      3.15138854e-10  -0.0124963758  
5000            6667.60716      5.60404936e-10  -0.0222237183  
5000            6667.60716      9.96556558e-10  -0.039525236   
5000            6667.60716      1.77215601e-09  -0.0703034667  
5000            6667.60716      3.15138854e-09  -0.125071275   
5000            6667.60716      5.60404936e-09  -0.222574872   
5000            6667.60716      9.96556558e-09  -0.39630847    
5000            6667.60716      1.77215601e-08  -0.706311357   
5000            6667.60716      3.15138854e-08  -1.26074037    
5000            6667.60716      5.60404936e-08  -2.25574998    
5000            6667.60716      9.96556558e-08  -4.04972962    
5000            6667.60716      1.77215601e-07  -7.30084492    
5000            6667.60716      3.15138854e-07  -13.2169957    
5000            6667.60716      5.60404936e-07  -24.0000204    
5000            6667.60716      9.96556558e-07  -43.6301216    
5000            6667.60716      1.77215601e-06  -79.2658971    
5000            6667.60716      3.15138854e-06  -143.763526    
5000            6667.60716      5.60404936e-06  -260.196063    
5000            6667.60716      9.96556558e-06  -469.908141    
5000            6667.60716      1.77215601e-05  -846.818172    
5000            6667.60716      3.15138854e-05  -1522.79376    
5000            6667.60716      5.60404936e-05  -2732.70584    
5000            6667.60716      9.96556558e-05  -4894.5089     
6667.60716      8891.39705      0               5.41263034e-09 
6667.60716      8891.39705      1.77215601e-10  -0.00333583869 
6667.60716      8891.39705      3.15138854e-10  -0.00593691557 
6667.60716      8891.39705      5.60404936e-10  -0.0105728052  
6667.60716      8891.39705      9.96556558e-10  -0.0188494942  
6667.60716      8891.39705      1.77215601e-09  -0.0336700008  
6667.60716      8891.39705      3.15138854e-09  -0.0603405438  
6667.60716      8891.39705      5.60404936e-09  -0.10872462    
6667.60716      8891.39705      9.96556558e-09  -0.197576961   
6667.60716      8891.39705      1.77215601e-08  -0.363450782   
6667.60716      8891.39705      3.15138854e-08  -0.678846493   
6667.60716      8891.39705      5.60404936e-08  -1.28742391    
6667.60716      8891.39705      9.96556558e-08  -2.46747716    
6667.60716      8891.39705      1.77215601e-07  -4.74061848    
6667.60716      8891.39705      3.15138854e-07  -9.05916679    
6667.60716      8891.39705      5.60404936e-07  -17.1398714    
6667.60716      8891.39705      9.96556558e-07  -32.0638967    
6667.60716      8891.39705      1.77215601e-06  -59.3491022    
6667.60716      8891.39705      3.15138854e-06  -108.862205    
6667.60716      8891.39705      5.60404936e-06  -198.231319    
6667.60716      8891.39705      9.96556558e-06  -358.929227    
6667.60716      8891.39705      1.77215601e-05  -647.093696    
6667.60716      8891.39705      3.15138854e-05  -1162.75397    
6667.60716      8891.39705      5.60404936e-05  -2083.99966    
6667.60716      8891.39705      9.96556558e-05  -3727.73436    
8891.39705      11856.8685      0               7.12452675e-09 
8891.39705      11856.8685      1.77215601e-10  -0.0043867198  
8891.39705      11856.8685      3.15138854e-10  -0.00780099572 
8891.39705      11856.8685      5.60404936e-10  -0.0138729139  
8891.39705      11856.8685      9.96556558e-10  -0.0246716862  
8891.39705      11856.8685      1.77215601e-09  -0.0438787221  
8891.39705      11856.8685      3.15138854e-09  -0.0780461656  
8891.39705      11856.8685      5.60404936e-09  -0.138842971   
8891.39705      11856.8685      9.96556558e-09  -0.247073744   
8891.39705      11856.8685      1.77215601e-08  -0.439899473   
8891.39705      11856.8685      3.15138854e-08  -0.783891602   
8891.39705      11856.8685      5.60404936e-08  -1.39882002    
8891.39705      11856.8685      9.96556558e-08  -2.50132235    
8891.39705      11856.8685      1.77215601e-07  -4.48519972    
8891.39705      11856.8685      3.15138854e-07  -8.06765521    
8891.39705      11856.8685      5.60404936e-07  -14.5507839    
8891.39705      11856.8685      9.96556558e-07  -26.2825759    
8891.39705      11856.8685      1.77215601e-06  -47.469076     
8891.39705      11856.8685      3.15138854e-06  -85.6139265    
8891.39705      11856.8685      5.60404936e-06  -154.080781    
8891.39705      11856.8685      9.96556558e-06  -276.660481    
8891.39705      11856.8685      1.77215601e-05  -495.705569    
8891.39705      11856.8685      3.15138854e-05  -886.599533    
8891.39705      11856.8685      5.60404936e-05  -1583.47932    
8891.39705      11856.8685      9.96556558e-05  -2824.96788    
11856.8685      15811.3883      0               2.21439223e-09 
11856.8685      15811.3883      1.77215601e-10  -0.00136434393 
11856.8685      15811.3883      3.15138854e-10  -0.00242765204 
11856.8685      15811.3883      5.60404936e-10  -0.00432167227 
11856.8685      15811.3883      9.96556558e-10  -0.0076997307  
11856.8685      15811.3883      1.77215601e-09  -0.013738164   
11856.8685      15811.3883      3.15138854e-09  -0.0245740686  
11856.8685      15811.3883      5.60404936e-09  -0.0441468387  
11856.8685      15811.3883      9.96556558e-09  -0.0798800815  
11856.8685      15811.3883      1.77215601e-08  -0.146188343   
11856.8685      15811.3883      3.15138854e-08  -0.272019506   
11856.8685      15811.3883      5.60404936e-08  -0.517095345   
11856.8685      15811.3883      9.96556558e-08  -1.00550798    
11856.8685      15811.3883      1.77215601e-07  -1.99042073    
11856.8685      15811.3883      3.15138854e-07  -3.97025194    
11856.8685      15811.3883      5.60404936e-07  -7.89001458    
11856.8685      15811.3883      9.96556558e-07  -15.48927      
11856.8685      15811.3883      1.77215601e-06  -29.9090182    
11856.8685      15811.3883      3.15138854e-06  -56.7640372    
11856.8685      15811.3883      5.60404936e-06  -106.057017    
11856.8685      15811.3883      9.96556558e-06  -195.600426    
11856.8685      15811.3883      1.77215601e-05  -357.118515    
11856.8685      15811.3883      3.15138854e-05  -647.110933    
11856.8685      15811.3883      5.60404936e-05  -1166.17273    
11856.8685      15811.3883      9.96556558e-05  -2093.32772    
15811.3883      21084.8252      0               0.0062128974   
15811.3883      21084.8252      1.77215601e-10  0.00506620238  
15811.3883      21084.8252      3.15138854e-10  0.0041719604   
15811.3883      21084.8252      5.60404936e-10  0.00257788474  
15811.3883      21084.8252      9.96556558e-10  -0.000268984663
15811.3883      21084.8252      1.77215601e-09  -0.00536962454 
15811.3883      21084.8252      3.15138854e-09  -0.0145586573  
15811.3883      21084.8252      5.60404936e-09  -0.0312645503  
15811.3883      21084.8252      9.96556558e-09  -0.0620739755  
15811.3883      21084.8252      1.77215601e-08  -0.120074663   
15811.3883      21084.8252      3.15138854e-08  -0.232089599   
15811.3883      21084.8252      5.60404936e-08  -0.453844392   
15811.3883      21084.8252      9.96556558e-08  -0.899303234   
15811.3883      21084.8252      1.77215601e-07  -1.79181029    
15811.3883      21084.8252      3.15138854e-07  -3.5475923     
15811.3883      21084.8252      5.60404936e-07  -6.91501508    
15811.3883      21084.8252      9.96556558e-07  -13.2210886    
15811.3883      21084.8252      1.77215601e-06  -24.8188695    
15811.3883      21084.8252      3.15138854e-06  -45.8952445    
15811.3883      21084.8252      5.60404936e-06  -83.9161352    
15811.3883      21084.8252      9.96556558e-06  -152.200506    
15811.3883      21084.8252      1.77215601e-05  -274.501284    
15811.3883      21084.8252      3.15138854e-05  -493.155489    
15811.3883      21084.8252      5.60404936e-05  -883.568079    
15811.3883      21084.8252      9.96556558e-05  -1579.93759    
21084.8252      28117.0663      0               3.42879503e-09 
21084.8252      28117.0663      1.77215601e-10  -0.00211111374 
21084.8252      28117.0663      3.15138854e-10  -0.00375415301 
21084.8252      28117.0663      5.60404936e-10  -0.00667593642 
21084.8252      28117.0663      9.96556558e-10  -0.0118716853  
21084.8252      28117.0663      1.77215601e-09  -0.0211111838  
21084.8252      28117.0663      3.15138854e-09  -0.0375416101  
21084.8252      28117.0663      5.60404936e-09  -0.0667595505  
21084.8252      28117.0663      9.96556558e-09  -0.118717376   
21084.8252      28117.0663      1.77215601e-08  -0.211113423   
21084.8252      28117.0663      3.15138854e-08  -0.375421041   
21084.8252      28117.0663      5.60404936e-08  -0.667611038   
21084.8252      28117.0663      9.96556558e-08  -1.18722269    
21084.8252      28117.0663      1.77215601e-07  -2.11128819    
21084.8252      28117.0663      3.15138854e-07  -3.75469336    
21084.8252      28117.0663      5.60404936e-07  -6.67761636    
21084.8252      28117.0663      9.96556558e-07  -11.8768748    
21084.8252      28117.0663      1.77215601e-06  -21.1269814    
21084.8252      28117.0663      3.15138854e-06  -37.5885328    
21084.8252      28117.0663      5.60404936e-06  -66.8938435    
21084.8252      28117.0663      9.96556558e-06  -119.082694    
21084.8252      28117.0663      1.77215601e-05  -212.047543    
21084.8252      28117.0663      3.15138854e-05  -377.655671    
21084.8252      28117.0663      5.60404936e-05  -672.627808    
21084.8252      28117.0663      9.96556558e-05  -1197.88547    
28117.0663      37494.7105      0               1.40478337e-05 
28117.0663      37494.7105      1.77215601e-10  -0.00154380893 
28117.0663      37494.7105      3.15138854e-10  -0.00275625868 
28117.0663      37494.7105      5.60404936e-10  -0.00491233723 
28117.0663      37494.7105      9.96556558e-10  -0.0087464604  
28117.0663      37494.7105      1.77215601e-09  -0.015564644   
28117.0663      37494.7105      3.15138854e-09  -0.02768941    
28117.0663      37494.7105      5.60404936e-09  -0.0492510441  
28117.0663      37494.7105      9.96556558e-09  -0.0875949563  
28117.0663      37494.7105      1.77215601e-08  -0.155785254   
28117.0663      37494.7105      3.15138854e-08  -0.277059587   
28117.0663      37494.7105      5.60404936e-08  -0.492759803   
28117.0663      37494.7105      9.96556558e-08  -0.876461541   
28117.0663      37494.7105      1.77215601e-07  -1.55918064    
28117.0663      37494.7105      3.15138854e-07  -2.77442781    
28117.0663      37494.7105      5.60404936e-07  -4.93894835    
28117.0663      37494.7105      9.96556558e-07  -8.79777667    
28117.0663      37494.7105      1.77215601e-06  -15.6850409    
28117.0663      37494.7105      3.15138854e-06  -27.9915216    
28117.0663      37494.7105      5.60404936e-06  -49.9978036    
28117.0663      37494.7105      9.96556558e-06  -89.3515728    
28117.0663      37494.7105      1.77215601e-05  -159.685502    
28117.0663      37494.7105      3.15138854e-05  -285.265237    
28117.0663      37494.7105      5.60404936e-05  -509.254488    
28117.0663      37494.7105      9.96556558e-05  -908.41917     
37494.7105      50000           0               0.000782102983 
37494.7105      50000           1.77215601e-10  0.000527141729 
37494.7105      50000           3.15138854e-10  0.000328082384 
37494.7105      50000           5.60404936e-10  -2.72564758e-05
37494.7105      50000           9.96556558e-10  -0.000663422901
37494.7105      50000           1.77215601e-09  -0.00180815211 
37494.7105      50000           3.15138854e-09  -0.00388593582 
37494.7105      50000           5.60404936e-09  -0.00771191221 
37494.7105      50000           9.96556558e-09  -0.0149184736  
37494.7105      50000           1.77215601e-08  -0.028946204   
37494.7105      50000           3.15138854e-08  -0.0574135005  
37494.7105      50000           5.60404936e-08  -0.117703432   
37494.7105      50000           9.96556558e-08  -0.249271467   
37494.7105      50000           1.77215601e-07  -0.537752302   
37494.7105      50000           3.15138854e-07  -1.15623977    
37494.7105      50000           5.60404936e-07  -2.43060977    
37494.7105      50000           9.96556558e-07  -4.94639774    
37494.7105      50000           1.77215601e-06  -9.73783363    
37494.7105      50000           3.15138854e-06  -18.6320816    
37494.7105      50000           5.60404936e-06  -34.8716643    
37494.7105      50000           9.96556558e-06  -64.2286272    
37494.7105      50000           1.77215601e-05  -116.987723    
37494.7105      50000           3.15138854e-05  -211.468156    
37494.7105      50000           5.60404936e-05  -380.277961    
37494.7105      50000           9.96556558e-05  -681.431365    
50000           66676.0716      0               1.49256607e-09 
50000           66676.0716      1.77215601e-10  -0.000918979573
50000           66676.0716      3.15138854e-10  -0.00163420362 
50000           66676.0716      5.60404936e-10  -0.00290607183 
50000           66676.0716      9.96556558e-10  -0.00516780892 
50000           66676.0716      1.77215601e-09  -0.00918980954 
50000           66676.0716      3.15138854e-09  -0.0163420508  
50000           66676.0716      5.60404936e-09  -0.0290607355  
50000           66676.0716      9.96556558e-09  -0.0516781144  
50000           66676.0716      1.77215601e-08  -0.0918981461  
50000           66676.0716      3.15138854e-08  -0.163420639   
50000           66676.0716      5.60404936e-08  -0.29060774    
50000           66676.0716      9.96556558e-08  -0.516782334   
50000           66676.0716      1.77215601e-07  -0.918985193   
50000           66676.0716      3.15138854e-07  -1.63421815    
50000           66676.0716      5.60404936e-07  -2.90611444    
50000           66676.0716      9.96556558e-07  -5.16793987    
50000           66676.0716      1.77215601e-06  -9.19021719    
50000           66676.0716      3.15138854e-06  -16.343319     
50000           66676.0716      5.60404936e-06  -29.0646476    
50000           66676.0716      9.96556558e-06  -51.6899863    
50000           66676.0716      1.77215601e-05  -91.9332212    
50000           66676.0716      3.15138854e-05  -163.520211    
50000           66676.0716      5.60404936e-05  -290.875587    
50000           66676.0716      9.96556558e-05  -517.458054    
66676.0716      88913.9705      0               1.09034204e-09 
66676.0716      88913.9705      1.77215601e-10  -0.000671326243
66676.0716      88913.9705      3.15138854e-10  -0.00119380655 
66676.0716      88913.9705      5.60404936e-10  -0.00212292266 
66676.0716      88913.9705      9.96556558e-10  -0.00377515114 
66676.0716      88913.9705      1.77215601e-09  -0.00671327641 
66676.0716      88913.9705      3.15138854e-09  -0.0119380885  
66676.0716      88913.9705      5.60404936e-09  -0.021229278   
66676.0716      88913.9705      9.96556558e-09  -0.0377516527  
66676.0716      88913.9705      1.77215601e-08  -0.0671331898  
66676.0716      88913.9705      3.15138854e-08  -0.119382209   
66676.0716      88913.9705      5.60404936e-08  -0.212296945   
66676.0716      88913.9705      9.96556558e-08  -0.377529664   
66676.0716      88913.9705      1.77215601e-07  -0.67137334    
66676.0716      88913.9705      3.15138854e-07  -1.19395268    
66676.0716      88913.9705      5.60404936e-07  -2.12337991    
66676.0716      88913.9705      9.96556558e-07  -3.77658098    
66676.0716      88913.9705      1.77215601e-06  -6.71772052    
66676.0716      88913.9705      3.15138854e-06  -11.9517391    
66676.0716      88913.9705      5.60404936e-06  -21.2703834    
66676.0716      88913.9705      9.96556558e-06  -37.8716464    
66676.0716      88913.9705      1.77215601e-05  -67.4681109    
66676.0716      88913.9705      3.15138854e-05  -120.263987    
66676.0716      88913.9705      5.60404936e-05  -214.467056    
66676.0716      88913.9705      9.96556558e-05  -382.515008    
88913.9705      118568.685      0               8.1702467e-10  
88913.9705      118568.685      1.77215601e-10  -0.000503049692
88913.9705      118568.685      3.15138854e-10  -0.000894563594
88913.9705      118568.685      5.60404936e-10  -0.00159078481 
88913.9705      118568.685      9.96556558e-10  -0.00282886101 
88913.9705      118568.685      1.77215601e-09  -0.00503050748 
88913.9705      118568.685      3.15138854e-09  -0.00894565344 
88913.9705      118568.685      5.60404936e-09  -0.0159078876  
88913.9705      118568.685      9.96556558e-09  -0.0282887189  
88913.9705      118568.685      1.77215601e-08  -0.0503054028  
88913.9705      118568.685      3.15138854e-08  -0.0894575554  
88913.9705      118568.685      5.60404936e-08  -0.159082086   
88913.9705      118568.685      9.96556558e-08  -0.282897312   
88913.9705      118568.685      1.77215601e-07  -0.503085954   
88913.9705      118568.685      3.15138854e-07  -0.894676092   
88913.9705      118568.685      5.60404936e-07  -1.59113654    
88913.9705      118568.685      9.96556558e-07  -2.82995904    
88913.9705      118568.685      1.77215601e-06  -5.03391045    
88913.9705      118568.685      3.15138854e-06  -8.95605609    
88913.9705      118568.685      5.60404936e-06  -15.9389764    
88913.9705      118568.685      9.96556558e-06  -28.3784714    
88913.9705      118568.685      1.77215601e-05  -50.5522675    
88913.9705      118568.685      3.15138854e-05  -90.0964613    
88913.9705      118568.685      5.60404936e-05  -160.62702     
88913.9705      118568.685      9.96556558e-05  -286.388681    
118568.685      158113.883      0               0.000863148502 
118568.685      158113.883      1.77215601e-10  0.000499128524 
118568.685      158113.883      3.15138854e-10  0.000215819041 
118568.685      158113.883      5.60404936e-10  -0.000287984879
118568.685      158113.883      9.96556558e-10  -0.00118389059 
118568.685      158113.883      1.77215601e-09  -0.00277706626 
118568.685      158113.883      3.15138854e-09  -0.00561019349 
118568.685      158113.883      5.60404936e-09  -0.0106483351  
118568.685      158113.883      9.96556558e-09  -0.019607716   
118568.685      158113.883      1.77215601e-08  -0.0355404958  
118568.685      158113.883      3.15138854e-08  -0.0638749995  
118568.685      158113.883      5.60404936e-08  -0.114266612   
118568.685      158113.883      9.96556558e-08  -0.203892537   
118568.685      158113.883      1.77215601e-07  -0.36332119    
118568.685      158113.883      3.15138854e-07  -0.646981273   
118568.685      158113.883      5.60404936e-07  -1.15187248    
118568.685      158113.883      9.96556558e-07  -2.05110248    
118568.685      158113.883      1.77215601e-06  -3.65420618    
118568.685      158113.883      3.15138854e-06  -6.51591181    
118568.685      158113.883      5.60404936e-06  -11.6320316    
118568.685      158113.883      9.96556558e-06  -20.7898178    
118568.685      158113.883      1.77215601e-05  -37.1886935    
118568.685      158113.883      3.15138854e-05  -66.5355474    
118568.685      158113.883      5.60404936e-05  -118.984244    
118568.685      158113.883      9.96556558e-05  -212.585822    
158113.883      210848.252      0               2.58095269e-06 
158113.883      210848.252      1.77215601e-10  -0.000283637632
158113.883      210848.252      3.15138854e-10  -0.000506395664
158113.883      210848.252      5.60404936e-10  -0.000902521685
158113.883      210848.252      9.96556558e-10  -0.00160694443 
158113.883      210848.252      1.77215601e-09  -0.0028596049  
158113.883      210848.252      3.15138854e-09  -0.00508718522 
158113.883      210848.252      5.60404936e-09  -0.00904844543 
158113.883      210848.252      9.96556558e-09  -0.0160926729  
158113.883      210848.252      1.77215601e-08  -0.0286192776  
158113.883      210848.252      3.15138854e-08  -0.0508950807  
158113.883      210848.252      5.60404936e-08  -0.0905076828  
158113.883      210848.252      9.96556558e-08  -0.160949958   
158113.883      210848.252      1.77215601e-07  -0.286216004   
158113.883      210848.252      3.15138854e-07  -0.508974036   
158113.883      210848.252      5.60404936e-07  -0.905100057   
158113.883      210848.252      9.96556558e-07  -1.6095228     
158113.883      210848.252      1.77215601e-06  -2.86218327    
158113.883      210848.252      3.15138854e-06  -5.08976359    
158113.883      210848.252      5.60404936e-06  -9.05102381    
158113.883      210848.252      9.96556558e-06  -16.0952513    
158113.883      210848.252      1.77215601e-05  -28.621856     
158113.883      210848.252      3.15138854e-05  -50.8976594    
158113.883      210848.252      5.60404936e-05  -90.5102621    
158113.883      210848.252      9.96556558e-05  -160.952539    
210848.252      281170.663      0               0.000133719285 
210848.252      281170.663      1.77215601e-10  -7.22756305e-05
210848.252      281170.663      3.15138854e-10  -0.000232597274
210848.252      281170.663      5.60404936e-10  -0.00051769404 
210848.252      281170.663      9.96556558e-10  -0.00102467604 
210848.252      281170.663      1.77215601e-09  -0.00192623258 
210848.252      281170.663      3.15138854e-09  -0.00352945486 
210848.252      281170.663      5.60404936e-09  -0.00638044102 
210848.252      281170.663      9.96556558e-09  -0.0114503194  
210848.252      281170.663      1.77215601e-08  -0.0204660697  
210848.252      281170.663      3.15138854e-08  -0.0364988767  
210848.252      281170.663      5.60404936e-08  -0.0650105839  
210848.252      281170.663      9.96556558e-08  -0.115715195   
210848.252      281170.663      1.77215601e-07  -0.205891068   
210848.252      281170.663      3.15138854e-07  -0.366276924   
210848.252      281170.663      5.60404936e-07  -0.651575038   
210848.252      281170.663      9.96556558e-07  -1.15918434    
210848.252      281170.663      1.77215601e-06  -2.06267386    
210848.252      281170.663      3.15138854e-06  -3.67174313    
210848.252      281170.663      5.60404936e-06  -6.53989563    
210848.252      281170.663      9.96556558e-06  -11.6579459    
210848.252      281170.663      1.77215601e-05  -20.8006917    
210848.252      281170.663      3.15138854e-05  -37.1436733    
210848.252      281170.663      5.60404936e-05  -66.3540441    
210848.252      281170.663      9.96556558e-05  -118.520269    
281170.663      374947.105      0               2.57942112e-10 
281170.663      374947.105      1.77215601e-10  -0.000158817895
281170.663      374947.105      3.15138854e-10  -0.000282422794
281170.663      374947.105      5.60404936e-10  -0.00050222684 
281170.663      374947.105      9.96556558e-10  -0.00089309985 
281170.663      374947.105      1.77215601e-09  -0.00158818127 
281170.663      374947.105      3.15138854e-09  -0.00282423026 
281170.663      374947.105      5.60404936e-09  -0.00502227072 
281170.663      374947.105      9.96556558e-09  -0.00893100082 
281170.663      374947.105      1.77215601e-08  -0.0158818151  
281170.663      374947.105      3.15138854e-08  -0.0282423049  
281170.663      374947.105      5.60404936e-08  -0.0502227095  
281170.663      374947.105      9.96556558e-08  -0.0893100105  
281170.663      374947.105      1.77215601e-07  -0.158818153   
281170.663      374947.105      3.15138854e-07  -0.282423052   
281170.663      374947.105      5.60404936e-07  -0.502227098   
281170.663      374947.105      9.96556558e-07  -0.893100107   
281170.663      374947.105      1.77215601e-06  -1.58818153    
281170.663      374947.105      3.15138854e-06  -2.82423052    
281170.663      374947.105      5.60404936e-06  -5.02227098    
281170.663      374947.105      9.96556558e-06  -8.93100107    
281170.663      374947.105      1.77215601e-05  -15.8818153    
281170.663      374947.105      3.15138854e-05  -28.2423052    
281170.663      374947.105      5.60404936e-05  -50.2227098    
281170.663      374947.105      9.96556558e-05  -89.3100108    
374947.105      500000          0               0.000773618151 
374947.105      500000          1.77215601e-10  0.000658286203 
374947.105      500000          3.15138854e-10  0.000568525723 
374947.105      500000          5.60404936e-10  0.00040890651  
374947.105      500000          9.96556558e-10  0.000125058949 
374947.105      500000          1.77215601e-09  -0.000379701324
374947.105      500000          3.15138854e-09  -0.00127730613 
374947.105      500000          5.60404936e-09  -0.00287349826 
374947.105      500000          9.96556558e-09  -0.00571197387 
374947.105      500000          1.77215601e-08  -0.0107595766  
374947.105      500000          3.15138854e-08  -0.0197356246  
374947.105      500000          5.60404936e-08  -0.035697546   
374947.105      500000          9.96556558e-08  -0.0640823021  
374947.105      500000          1.77215601e-07  -0.114558329   
374947.105      500000          3.15138854e-07  -0.20431881    
374947.105      500000          5.60404936e-07  -0.363938024   
374947.105      500000          9.96556558e-07  -0.647785588   
374947.105      500000          1.77215601e-06  -1.15254587    
374947.105      500000          3.15138854e-06  -2.0501507     
374947.105      500000          5.60404936e-06  -3.64634293    
374947.105      500000          9.96556558e-06  -6.48481882    
374947.105      500000          1.77215601e-05  -11.5324225    
374947.105      500000          3.15138854e-05  -20.5084733    
374947.105      500000          5.60404936e-05  -36.4704037    
374947.105      500000          9.96556558e-05  -64.8551881    
