### like_segue_2.txt
#[0]emin(MeV) [1]emax(MeV) [2]eflux(MeV/cm^2/s) [3]deltaLogLike
500             666.760716      0               -0.00416953139 
500             666.760716      1.77215601e-10  -0.00386533124 
500             666.760716      3.15138854e-10  -0.00363243662 
500             666.760716      5.60404936e-10  -0.00322662208 
500             666.760716      9.96556558e-10  -0.00253131148 
500             666.760716      1.77215601e-09  -0.00137802124 
500             666.760716      3.15138854e-09  0.000410591143 
500             666.760716      5.60404936e-09  0.00276600114  
500             666.760716      9.96556558e-09  0.00436760189  
500             666.760716      1.77215601e-08  -0.000841069119
500             666.760716      3.15138854e-08  -0.034917051   
500             666.760716      5.60404936e-08  -0.170541192   
500             666.760716      9.96556558e-08  -0.63210031    
500             666.760716      1.77215601e-07  -2.07334795    
500             666.760716      3.15138854e-07  -6.28739328    
500             666.760716      5.60404936e-07  -17.8890251    
500             666.760716      9.96556558e-07  -48.0236539    
500             666.760716      1.77215601e-06  -122.045111    
500             666.760716      3.15138854e-06  -294.612924    
500             666.760716      5.60404936e-06  -678.257103    
500             666.760716      9.96556558e-06  -1495.9377     
500             666.760716      1.77215601e-05  -3175.88268    
500             666.760716      3.15138854e-05  -6520.80925    
500             666.760716      5.60404936e-05  -13008.4623    
500             666.760716      9.96556558e-05  -25324.3931    
666.760716      889.139705      0               4.1296651e-05  
666.760716      889.139705      1.77215601e-10  -0.000144836216
666.760716      889.139705      3.15138854e-10  -0.000294905647
666.760716      889.139705      5.60404936e-10  -0.000573017795
666.760716      889.139705      9.96556558e-10  -0.00110309752 
666.760716      889.139705      1.77215601e-09  -0.00215778501 
666.760716      889.139705      3.15138854e-09  -0.00438620803 
666.760716      889.139705      5.60404936e-09  -0.00945679289 
666.760716      889.139705      9.96556558e-09  -0.0219323127  
666.760716      889.139705      1.77215601e-08  -0.0548129824  
666.760716      889.139705      3.15138854e-08  -0.145838388   
666.760716      889.139705      5.60404936e-08  -0.404282059   
666.760716      889.139705      9.96556558e-08  -1.13938872    
666.760716      889.139705      1.77215601e-07  -3.19063464    
666.760716      889.139705      3.15138854e-07  -8.71144285    
666.760716      889.139705      5.60404936e-07  -22.8808717    
666.760716      889.139705      9.96556558e-07  -57.3896407    
666.760716      889.139705      1.77215601e-06  -137.210917    
666.760716      889.139705      3.15138854e-06  -313.375211    
666.760716      889.139705      5.60404936e-06  -686.586448    
666.760716      889.139705      9.96556558e-06  -1450.17511    
666.760716      889.139705      1.77215601e-05  -2967.29868    
666.760716      889.139705      3.15138854e-05  -5908.69422    
666.760716      889.139705      5.60404936e-05  -11497.6435    
666.760716      889.139705      9.96556558e-05  -21945.0196    
889.139705      1185.68685      0               0.00288880032  
889.139705      1185.68685      1.77215601e-10  -0.00263676114 
889.139705      1185.68685      3.15138854e-10  -0.00694059415 
889.139705      1185.68685      5.60404936e-10  -0.0146013631  
889.139705      1185.68685      9.96556558e-10  -0.0282475731  
889.139705      1185.68685      1.77215601e-09  -0.0525876435  
889.139705      1185.68685      3.15138854e-09  -0.0961020953  
889.139705      1185.68685      5.60404936e-09  -0.174209123   
889.139705      1185.68685      9.96556558e-09  -0.315377654   
889.139705      1185.68685      1.77215601e-08  -0.573469862   
889.139705      1185.68685      3.15138854e-08  -1.05404013    
889.139705      1185.68685      5.60404936e-08  -1.97335265    
889.139705      1185.68685      9.96556558e-08  -3.795214      
889.139705      1185.68685      1.77215601e-07  -7.5478561     
889.139705      1185.68685      3.15138854e-07  -15.5310411    
889.139705      1185.68685      5.60404936e-07  -32.8040277    
889.139705      1185.68685      9.96556558e-07  -70.1456459    
889.139705      1185.68685      1.77215601e-06  -149.71745     
889.139705      1185.68685      3.15138854e-06  -315.623815    
889.139705      1185.68685      5.60404936e-06  -653.233181    
889.139705      1185.68685      9.96556558e-06  -1324.07482    
889.139705      1185.68685      1.77215601e-05  -2628.33662    
889.139705      1185.68685      3.15138854e-05  -5116.13704    
889.139705      1185.68685      5.60404936e-05  -9785.0457     
889.139705      1185.68685      9.96556558e-05  -18430.5862    
1185.68685      1581.13883      0               -0.754646504   
1185.68685      1581.13883      1.77215601e-10  -0.749166405   
1185.68685      1581.13883      3.15138854e-10  -0.744918883   
1185.68685      1581.13883      5.60404936e-10  -0.73740338    
1185.68685      1581.13883      9.96556558e-10  -0.724157622   
1185.68685      1581.13883      1.77215601e-09  -0.700975904   
1185.68685      1581.13883      3.15138854e-09  -0.66091476    
1185.68685      1581.13883      5.60404936e-09  -0.593259162   
1185.68685      1581.13883      9.96556558e-09  -0.483800611   
1185.68685      1581.13883      1.77215601e-08  -0.321040184   
1185.68685      1581.13883      3.15138854e-08  -0.121049476   
1185.68685      1581.13883      5.60404936e-08  -8.18121207e-05
1185.68685      1581.13883      9.96556558e-08  -0.349703463   
1185.68685      1581.13883      1.77215601e-07  -2.20347709    
1185.68685      1581.13883      3.15138854e-07  -7.94195901    
1185.68685      1581.13883      5.60404936e-07  -22.6124512    
1185.68685      1581.13883      9.96556558e-07  -56.4025172    
1185.68685      1581.13883      1.77215601e-06  -129.2585      
1185.68685      1581.13883      3.15138854e-06  -279.382601    
1185.68685      1581.13883      5.60404936e-06  -578.623532    
1185.68685      1581.13883      9.96556558e-06  -1160.10676    
1185.68685      1581.13883      1.77215601e-05  -2267.61588    
1185.68685      1581.13883      3.15138854e-05  -4343.52158    
1185.68685      1581.13883      5.60404936e-05  -8185.01131    
1185.68685      1581.13883      9.96556558e-05  -15221.6387    
1581.13883      2108.48252      0               0.00141400485  
1581.13883      2108.48252      1.77215601e-10  -0.00018753527 
1581.13883      2108.48252      3.15138854e-10  -0.00144788896 
1581.13883      2108.48252      5.60404936e-10  -0.00371911244 
1581.13883      2108.48252      9.96556558e-10  -0.00785222533 
1581.13883      2108.48252      1.77215601e-09  -0.0154972648  
1581.13883      2108.48252      3.15138854e-09  -0.0300103599  
1581.13883      2108.48252      5.60404936e-09  -0.0586384168  
1581.13883      2108.48252      9.96556558e-09  -0.118025811   
1581.13883      2108.48252      1.77215601e-08  -0.24825673    
1581.13883      2108.48252      3.15138854e-08  -0.547587391   
1581.13883      2108.48252      5.60404936e-08  -1.25232763    
1581.13883      2108.48252      9.96556558e-08  -2.90296169    
1581.13883      2108.48252      1.77215601e-07  -6.65881842    
1581.13883      2108.48252      3.15138854e-07  -14.8687586    
1581.13883      2108.48252      5.60404936e-07  -32.115238     
1581.13883      2108.48252      9.96556558e-07  -67.1561462    
1581.13883      2108.48252      1.77215601e-06  -136.531218    
1581.13883      2108.48252      3.15138854e-06  -271.176804    
1581.13883      2108.48252      5.60404936e-06  -528.389773    
1581.13883      2108.48252      9.96556558e-06  -1013.23968    
1581.13883      2108.48252      1.77215601e-05  -1916.70144    
1581.13883      2108.48252      3.15138854e-05  -3583.49627    
1581.13883      2108.48252      5.60404936e-05  -6632.77953    
1581.13883      2108.48252      9.96556558e-05  -12172.7653    
2108.48252      2811.70663      0               -0.503404007   
2108.48252      2811.70663      1.77215601e-10  -0.497285954   
2108.48252      2811.70663      3.15138854e-10  -0.492562566   
2108.48252      2811.70663      5.60404936e-10  -0.484244803   
2108.48252      2811.70663      9.96556558e-10  -0.469708452   
2108.48252      2811.70663      1.77215601e-09  -0.444645783   
2108.48252      2811.70663      3.15138854e-09  -0.402464506   
2108.48252      2811.70663      5.60404936e-09  -0.334488112   
2108.48252      2811.70663      9.96556558e-09  -0.233411184   
2108.48252      2811.70663      1.77215601e-08  -0.105865198   
2108.48252      2811.70663      3.15138854e-08  -0.00521950265 
2108.48252      2811.70663      5.60404936e-08  -0.102116681   
2108.48252      2811.70663      9.96556558e-08  -0.819028583   
2108.48252      2811.70663      1.77215601e-07  -3.07394009    
2108.48252      2811.70663      3.15138854e-07  -8.72215148    
2108.48252      2811.70663      5.60404936e-07  -21.3746202    
2108.48252      2811.70663      9.96556558e-07  -47.9273705    
2108.48252      2811.70663      1.77215601e-06  -101.391245    
2108.48252      2811.70663      3.15138854e-06  -206.032321    
2108.48252      2811.70663      5.60404936e-06  -406.566922    
2108.48252      2811.70663      9.96556558e-06  -784.500678    
2108.48252      2811.70663      1.77215601e-05  -1487.14748    
2108.48252      2811.70663      3.15138854e-05  -2779.19144    
2108.48252      2811.70663      5.60404936e-05  -5134.31757    
2108.48252      2811.70663      9.96556558e-05  -9398.13733    
2811.70663      3749.47105      0               -0.0641403217  
2811.70663      3749.47105      1.77215601e-10  -0.0624967797  
2811.70663      3749.47105      3.15138854e-10  -0.061232744   
2811.70663      3749.47105      5.60404936e-10  -0.0590174036  
2811.70663      3749.47105      9.96556558e-10  -0.0551797606  
2811.70663      3749.47105      1.77215601e-09  -0.0486729036  
2811.70663      3749.47105      3.15138854e-09  -0.0380814043  
2811.70663      3749.47105      5.60404936e-09  -0.0222136472  
2811.70663      3749.47105      9.96556558e-09  -0.00271550006 
2811.70663      3749.47105      1.77215601e-08  0.00752780867  
2811.70663      3749.47105      3.15138854e-08  -0.0380823472  
2811.70663      3749.47105      5.60404936e-08  -0.271318004   
2811.70663      3749.47105      9.96556558e-08  -1.01288156    
2811.70663      3749.47105      1.77215601e-07  -2.96750673    
2811.70663      3749.47105      3.15138854e-07  -7.58509965    
2811.70663      3749.47105      5.60404936e-07  -17.7244742    
2811.70663      3749.47105      9.96556558e-07  -38.856228     
2811.70663      3749.47105      1.77215601e-06  -81.2265161    
2811.70663      3749.47105      3.15138854e-06  -163.742516    
2811.70663      3749.47105      5.60404936e-06  -320.915178    
2811.70663      3749.47105      9.96556558e-06  -615.170568    
2811.70663      3749.47105      1.77215601e-05  -1158.62138    
2811.70663      3749.47105      3.15138854e-05  -2151.70457    
2811.70663      3749.47105      5.60404936e-05  -3951.99992    
2811.70663      3749.47105      9.96556558e-05  -7196.83221    
3749.47105      5000            0               -0.635816085   
3749.47105      5000            1.77215601e-10  -0.630458365   
3749.47105      5000            3.15138854e-10  -0.626311947   
3749.47105      5000            5.60404936e-10  -0.618988694   
3749.47105      5000            9.96556558e-10  -0.606123292   
3749.47105      5000            1.77215601e-09  -0.583734553   
3749.47105      5000            3.15138854e-09  -0.545425018   
3749.47105      5000            5.60404936e-09  -0.481823167   
3749.47105      5000            9.96556558e-09  -0.381856327   
3749.47105      5000            1.77215601e-08  -0.240173086   
3749.47105      5000            3.15138854e-08  -0.0796026012  
3749.47105      5000            5.60404936e-08  -0.00178628034 
3749.47105      5000            9.96556558e-08  -0.280066291   
3749.47105      5000            1.77215601e-07  -1.51392379    
3749.47105      5000            3.15138854e-07  -4.89343582    
3749.47105      5000            5.60404936e-07  -12.6814489    
3749.47105      5000            9.96556558e-07  -29.1073268    
3749.47105      5000            1.77215601e-06  -62.0009155    
3749.47105      5000            3.15138854e-06  -125.71949     
3749.47105      5000            5.60404936e-06  -246.322332    
3749.47105      5000            9.96556558e-06  -470.714624    
3749.47105      5000            1.77215601e-05  -882.878136    
3749.47105      5000            3.15138854e-05  -1632.7452     
3749.47105      5000            5.60404936e-05  -2987.57583    
3749.47105      5000            9.96556558e-05  -5423.35723    
5000            6667.60716      0               -0.747600351   
5000            6667.60716      1.77215601e-10  -0.732561783   
5000            6667.60716      3.15138854e-10  -0.721105857   
5000            6667.60716      5.60404936e-10  -0.701250243   
5000            6667.60716      9.96556558e-10  -0.667485567   
5000            6667.60716      1.77215601e-09  -0.611884405   
5000            6667.60716      3.15138854e-09  -0.525018748   
5000            6667.60716      5.60404936e-09  -0.400163409   
5000            6667.60716      9.96556558e-09  -0.242694243   
5000            6667.60716      1.77215601e-08  -0.0842721736  
5000            6667.60716      3.15138854e-08  -0.000103949303
5000            6667.60716      5.60404936e-08  -0.134234131   
5000            6667.60716      9.96556558e-08  -0.751208096   
5000            6667.60716      1.77215601e-07  -2.34501628    
5000            6667.60716      3.15138854e-07  -5.85031698    
5000            6667.60716      5.60404936e-07  -13.0282967    
5000            6667.60716      9.96556558e-07  -27.154099     
5000            6667.60716      1.77215601e-06  -54.2334234    
5000            6667.60716      3.15138854e-06  -105.156792    
5000            6667.60716      5.60404936e-06  -199.523171    
5000            6667.60716      9.96556558e-06  -372.444317    
5000            6667.60716      1.77215601e-05  -686.671538    
5000            6667.60716      3.15138854e-05  -1254.19257    
5000            6667.60716      5.60404936e-05  -2274.63844    
5000            6667.60716      9.96556558e-05  -4103.55307    
6667.60716      8891.39705      0               0.00205296238  
6667.60716      8891.39705      1.77215601e-10  0.00212275827  
6667.60716      8891.39705      3.15138854e-10  0.00216454223  
6667.60716      8891.39705      5.60404936e-10  0.00221196968  
6667.60716      8891.39705      9.96556558e-10  0.00221237233  
6667.60716      8891.39705      1.77215601e-09  0.00195341784  
6667.60716      8891.39705      3.15138854e-09  0.00070263486  
6667.60716      8891.39705      5.60404936e-09  -0.00386112361 
6667.60716      8891.39705      9.96556558e-09  -0.0185962696  
6667.60716      8891.39705      1.77215601e-08  -0.0622649687  
6667.60716      8891.39705      3.15138854e-08  -0.181646382   
6667.60716      8891.39705      5.60404936e-08  -0.481863643   
6667.60716      8891.39705      9.96556558e-08  -1.17741863    
6667.60716      8891.39705      1.77215601e-07  -2.67763322    
6667.60716      8891.39705      3.15138854e-07  -5.73966896    
6667.60716      8891.39705      5.60404936e-07  -11.7516359    
6667.60716      8891.39705      9.96556558e-07  -23.2510674    
6667.60716      8891.39705      1.77215601e-06  -44.8583064    
6667.60716      8891.39705      3.15138854e-06  -84.9335364    
6667.60716      8891.39705      5.60404936e-06  -158.500744    
6667.60716      8891.39705      9.96556558e-06  -292.418806    
6667.60716      8891.39705      1.77215601e-05  -534.562936    
6667.60716      8891.39705      3.15138854e-05  -970.161171    
6667.60716      8891.39705      5.60404936e-05  -1750.87931    
6667.60716      8891.39705      9.96556558e-05  -3146.59423    
8891.39705      11856.8685      0               5.71731107e-09 
8891.39705      11856.8685      1.77215601e-10  -0.00352060094 
8891.39705      11856.8685      3.15138854e-10  -0.00626068763 
8891.39705      11856.8685      5.60404936e-10  -0.0111334809  
8891.39705      11856.8685      9.96556558e-10  -0.0197991539  
8891.39705      11856.8685      1.77215601e-09  -0.0352106743  
8891.39705      11856.8685      3.15138854e-09  -0.0626215015  
8891.39705      11856.8685      5.60404936e-09  -0.111380861   
8891.39705      11856.8685      9.96556558e-09  -0.198136585   
8891.39705      11856.8685      1.77215601e-08  -0.352562668   
8891.39705      11856.8685      3.15138854e-08  -0.627642084   
8891.39705      11856.8685      5.60404936e-08  -1.11824183    
8891.39705      11856.8685      9.96556558e-08  -1.99496158    
8891.39705      11856.8685      1.77215601e-07  -3.56644933    
8891.39705      11856.8685      3.15138854e-07  -6.39501615    
8891.39705      11856.8685      5.60404936e-07  -11.5108545    
8891.39705      11856.8685      9.96556558e-07  -20.8034872    
8891.39705      11856.8685      1.77215601e-06  -37.7234827    
8891.39705      11856.8685      3.15138854e-06  -68.526593     
8891.39705      11856.8685      5.60404936e-06  -124.479221    
8891.39705      11856.8685      9.96556558e-06  -225.77442     
8891.39705      11856.8685      1.77215601e-05  -408.483011    
8891.39705      11856.8685      3.15138854e-05  -736.895828    
8891.39705      11856.8685      5.60404936e-05  -1325.46172    
8891.39705      11856.8685      9.96556558e-05  -2377.80422    
11856.8685      15811.3883      0               4.10682333e-09 
11856.8685      15811.3883      1.77215601e-10  -0.00252880417 
11856.8685      15811.3883      3.15138854e-10  -0.00449716551 
11856.8685      15811.3883      5.60404936e-10  -0.00799798446 
11856.8685      15811.3883      9.96556558e-10  -0.014225068   
11856.8685      15811.3883      1.77215601e-09  -0.0253037614  
11856.8685      15811.3883      3.15138854e-09  -0.045021122   
11856.8685      15811.3883      5.60404936e-09  -0.0801352818  
11856.8685      15811.3883      9.96556558e-09  -0.142737099   
11856.8685      15811.3883      1.77215601e-08  -0.254548227   
11856.8685      15811.3883      3.15138854e-08  -0.454841163   
11856.8685      15811.3883      5.60404936e-08  -0.815236338   
11856.8685      15811.3883      9.96556558e-08  -1.46758592    
11856.8685      15811.3883      1.77215601e-07  -2.65615634    
11856.8685      15811.3883      3.15138854e-07  -4.8326492     
11856.8685      15811.3883      5.60404936e-07  -8.82345146    
11856.8685      15811.3883      9.96556558e-07  -16.120298     
11856.8685      15811.3883      1.77215601e-06  -29.393015     
11856.8685      15811.3883      3.15138854e-06  -53.4085292    
11856.8685      15811.3883      5.60404936e-06  -96.6788377    
11856.8685      15811.3883      9.96556558e-06  -174.397226    
11856.8685      15811.3883      1.77215601e-05  -313.650682    
11856.8685      15811.3883      3.15138854e-05  -562.673891    
11856.8685      15811.3883      5.60404936e-05  -1007.29847    
11856.8685      15811.3883      9.96556558e-05  -1800.21571    
15811.3883      21084.8252      0               3.91514732e-09 
15811.3883      21084.8252      1.77215601e-10  -0.00241058998 
15811.3883      21084.8252      3.15138854e-10  -0.00428670558 
15811.3883      21084.8252      5.60404936e-10  -0.00762296338 
15811.3883      21084.8252      9.96556558e-10  -0.013555762   
15811.3883      21084.8252      1.77215601e-09  -0.0241059361  
15811.3883      21084.8252      3.15138854e-09  -0.0428670944  
15811.3883      21084.8252      5.60404936e-09  -0.0762296795  
15811.3883      21084.8252      9.96556558e-09  -0.135557689   
15811.3883      21084.8252      1.77215601e-08  -0.241059501   
15811.3883      21084.8252      3.15138854e-08  -0.428671313   
15811.3883      21084.8252      5.60404936e-08  -0.762297884   
15811.3883      21084.8252      9.96556558e-08  -1.35558025    
15811.3883      21084.8252      1.77215601e-07  -2.41060557    
15811.3883      21084.8252      3.15138854e-07  -4.28674637    
15811.3883      21084.8252      5.60404936e-07  -7.62308359    
15811.3883      21084.8252      9.96556558e-07  -13.556132     
15811.3883      21084.8252      1.77215601e-06  -24.1070881    
15811.3883      21084.8252      3.15138854e-06  -42.8706776    
15811.3883      21084.8252      5.60404936e-06  -76.2407263    
15811.3883      21084.8252      9.96556558e-06  -135.591186    
15811.3883      21084.8252      1.77215601e-05  -241.158422    
15811.3883      21084.8252      3.15138854e-05  -428.952395    
15811.3883      21084.8252      5.60404936e-05  -763.057055    
15811.3883      21084.8252      9.96556558e-05  -1357.51186    
21084.8252      28117.0663      0               1.58613649e-05 
21084.8252      28117.0663      1.77215601e-10  -0.0017431096  
21084.8252      28117.0663      3.15138854e-10  -0.00311208235 
21084.8252      28117.0663      5.60404936e-10  -0.00554650241 
21084.8252      28117.0663      9.96556558e-10  -0.00987559419 
21084.8252      28117.0663      1.77215601e-09  -0.0175739691  
21084.8252      28117.0663      3.15138854e-09  -0.0312639576  
21084.8252      28117.0663      5.60404936e-09  -0.0556089832  
21084.8252      28117.0663      9.96556558e-09  -0.0989025073  
21084.8252      28117.0663      1.77215601e-08  -0.175894484   
21084.8252      28117.0663      3.15138854e-08  -0.312820308   
21084.8252      28117.0663      5.60404936e-08  -0.556352145   
21084.8252      28117.0663      9.96556558e-08  -0.989542911   
21084.8252      28117.0663      1.77215601e-07  -1.76025725    
21084.8252      28117.0663      3.15138854e-07  -3.13195576    
21084.8252      28117.0663      5.60404936e-07  -5.57461452    
21084.8252      28117.0663      9.96556558e-07  -9.92787678    
21084.8252      28117.0663      1.77215601e-06  -17.6940884    
21084.8252      28117.0663      3.15138854e-06  -31.563419     
21084.8252      28117.0663      5.60404936e-06  -56.3499789    
21084.8252      28117.0663      9.96556558e-06  -100.652954    
21084.8252      28117.0663      1.77215601e-05  -179.801487    
21084.8252      28117.0663      3.15138854e-05  -321.082551    
21084.8252      28117.0663      5.60404936e-05  -573.032859    
21084.8252      28117.0663      9.96556558e-05  -1021.9625     
28117.0663      37494.7105      0               1.95109351e-09 
28117.0663      37494.7105      1.77215601e-10  -0.00120133214 
28117.0663      37494.7105      3.15138854e-10  -0.00213632108 
28117.0663      37494.7105      5.60404936e-10  -0.00379902584 
28117.0663      37494.7105      9.96556558e-10  -0.00675588438 
28117.0663      37494.7105      1.77215601e-09  -0.0120143365  
28117.0663      37494.7105      3.15138854e-09  -0.0213663806  
28117.0663      37494.7105      5.60404936e-09  -0.0380002317  
28117.0663      37494.7105      9.96556558e-09  -0.0675902731  
28117.0663      37494.7105      1.77215601e-08  -0.120242318   
28117.0663      37494.7105      3.15138854e-08  -0.213974481   
28117.0663      37494.7105      5.60404936e-08  -0.380972573   
28117.0663      37494.7105      9.96556558e-08  -0.678905094   
28117.0663      37494.7105      1.77215601e-07  -1.21157006    
28117.0663      37494.7105      3.15138854e-07  -2.16691384    
28117.0663      37494.7105      5.60404936e-07  -3.88733913    
28117.0663      37494.7105      9.96556558e-07  -6.99878374    
28117.0663      37494.7105      1.77215601e-06  -12.6430523    
28117.0663      37494.7105      3.15138854e-06  -22.8873014    
28117.0663      37494.7105      5.60404936e-06  -41.440356     
28117.0663      37494.7105      9.96556558e-06  -74.9140659    
28117.0663      37494.7105      1.77215601e-05  -135.065048    
28117.0663      37494.7105      3.15138854e-05  -242.795774    
28117.0663      37494.7105      5.60404936e-05  -435.293913    
28117.0663      37494.7105      9.96556558e-05  -778.750334    
37494.7105      50000           0               1.57228897e-09 
37494.7105      50000           1.77215601e-10  -0.000968032135
37494.7105      50000           3.15138854e-10  -0.00172143874 
37494.7105      50000           5.60404936e-10  -0.00306121898 
37494.7105      50000           9.96556558e-10  -0.00544376296 
37494.7105      50000           1.77215601e-09  -0.00968071948 
37494.7105      50000           3.15138854e-09  -0.0172156152  
37494.7105      50000           5.60404936e-09  -0.0306160382  
37494.7105      50000           9.96556558e-09  -0.0544497486  
37494.7105      50000           1.77215601e-08  -0.0968453757  
37494.7105      50000           3.15138854e-08  -0.172276233   
37494.7105      50000           5.60404936e-08  -0.306536609   
37494.7105      50000           9.96556558e-08  -0.545668168   
37494.7105      50000           1.77215601e-07  -0.972053519   
37494.7105      50000           3.15138854e-07  -1.73361383    
37494.7105      50000           5.60404936e-07  -3.09705378    
37494.7105      50000           9.96556558e-07  -5.54488669    
37494.7105      50000           1.77215601e-06  -9.95032242    
37494.7105      50000           3.15138854e-06  -17.8871436    
37494.7105      50000           5.60404936e-06  -32.1733712    
37494.7105      50000           9.96556558e-06  -57.8295833    
37494.7105      50000           1.77215601e-05  -103.783822    
37494.7105      50000           3.15138854e-05  -185.915495    
37494.7105      50000           5.60404936e-05  -332.483772    
37494.7105      50000           9.96556558e-05  -593.789418    
50000           66676.0716      0               1.30162903e-09 
50000           66676.0716      1.77215601e-10  -0.000801435959
50000           66676.0716      3.15138854e-10  -0.00142517808 
50000           66676.0716      5.60404936e-10  -0.00253436584 
50000           66676.0716      9.96556558e-10  -0.00450681161 
50000           66676.0716      1.77215601e-09  -0.00801437131 
50000           66676.0716      3.15138854e-09  -0.0142517925  
50000           66676.0716      5.60404936e-09  -0.0253436702  
50000           66676.0716      9.96556558e-09  -0.045068128   
50000           66676.0716      1.77215601e-08  -0.0801437255  
50000           66676.0716      3.15138854e-08  -0.142517939   
50000           66676.0716      5.60404936e-08  -0.25343672    
50000           66676.0716      9.96556558e-08  -0.450681313   
50000           66676.0716      1.77215601e-07  -0.801437332   
50000           66676.0716      3.15138854e-07  -1.42517961    
50000           66676.0716      5.60404936e-07  -2.53436787    
50000           66676.0716      9.96556558e-07  -4.50681521    
50000           66676.0716      1.77215601e-06  -8.01437989    
50000           66676.0716      3.15138854e-06  -14.2518168    
50000           66676.0716      5.60404936e-06  -25.3437441    
50000           66676.0716      9.96556558e-06  -45.0683581    
50000           66676.0716      1.77215601e-05  -80.1444459    
50000           66676.0716      3.15138854e-05  -142.520191    
50000           66676.0716      5.60404936e-05  -253.443713    
50000           66676.0716      9.96556558e-05  -450.702751    
66676.0716      88913.9705      0               9.72235625e-10 
66676.0716      88913.9705      1.77215601e-10  -0.000598619331
66676.0716      88913.9705      3.15138854e-10  -0.00106451319 
66676.0716      88913.9705      5.60404936e-10  -0.00189300264 
66676.0716      88913.9705      9.96556558e-10  -0.00336628838 
66676.0716      88913.9705      1.77215601e-09  -0.00598620208 
66676.0716      88913.9705      3.15138854e-09  -0.0106451407  
66676.0716      88913.9705      5.60404936e-09  -0.0189300354  
66676.0716      88913.9705      9.96556558e-09  -0.0336628931  
66676.0716      88913.9705      1.77215601e-08  -0.0598620314  
66676.0716      88913.9705      3.15138854e-08  -0.106451422   
66676.0716      88913.9705      5.60404936e-08  -0.189300381   
66676.0716      88913.9705      9.96556558e-08  -0.336628999   
66676.0716      88913.9705      1.77215601e-07  -0.598620508   
66676.0716      88913.9705      3.15138854e-07  -1.06451481    
66676.0716      88913.9705      5.60404936e-07  -1.89300566    
66676.0716      88913.9705      9.96556558e-07  -3.36629583    
66676.0716      88913.9705      1.77215601e-06  -5.98622349    
66676.0716      88913.9705      3.15138854e-06  -10.6452061    
66676.0716      88913.9705      5.60404936e-06  -18.9302389    
66676.0716      88913.9705      9.96556558e-06  -33.6635282    
66676.0716      88913.9705      1.77215601e-05  -59.8640025    
66676.0716      88913.9705      3.15138854e-05  -106.457466    
66676.0716      88913.9705      5.60404936e-05  -189.318534    
66676.0716      88913.9705      9.96556558e-05  -336.681778    
88913.9705      118568.685      0               7.26018357e-10 
88913.9705      118568.685      1.77215601e-10  -0.000447022928
88913.9705      118568.685      3.15138854e-10  -0.000794932235
88913.9705      118568.685      5.60404936e-10  -0.00141361219 
88913.9705      118568.685      9.96556558e-10  -0.00251379803 
88913.9705      118568.685      1.77215601e-09  -0.00447023586 
88913.9705      118568.685      3.15138854e-09  -0.00794932901 
88913.9705      118568.685      5.60404936e-09  -0.0141361289  
88913.9705      118568.685      9.96556558e-09  -0.025137988   
88913.9705      118568.685      1.77215601e-08  -0.044702369   
88913.9705      118568.685      3.15138854e-08  -0.0794933091  
88913.9705      118568.685      5.60404936e-08  -0.141361335   
88913.9705      118568.685      9.96556558e-08  -0.251380012   
88913.9705      118568.685      1.77215601e-07  -0.447024092   
88913.9705      118568.685      3.15138854e-07  -0.794934345   
88913.9705      118568.685      5.60404936e-07  -1.41361729    
88913.9705      118568.685      9.96556558e-07  -2.51381257    
88913.9705      118568.685      1.77215601e-06  -4.47028017    
88913.9705      118568.685      3.15138854e-06  -7.94946694    
88913.9705      118568.685      5.60404936e-06  -14.1365599    
88913.9705      118568.685      9.96556558e-06  -25.1393303    
88913.9705      118568.685      1.77215601e-05  -44.7065082    
88913.9705      118568.685      3.15138854e-05  -79.5058551    
88913.9705      118568.685      5.60404936e-05  -141.398327    
88913.9705      118568.685      9.96556558e-05  -251.484713    
118568.685      158113.883      0               5.38904033e-10 
118568.685      158113.883      1.77215601e-10  -0.000331802904
118568.685      158113.883      3.15138854e-10  -0.000590038692
118568.685      158113.883      5.60404936e-10  -0.00104925408 
118568.685      158113.883      9.96556558e-10  -0.00186586736 
118568.685      158113.883      1.77215601e-09  -0.00331803395 
118568.685      158113.883      3.15138854e-09  -0.00590039198 
118568.685      158113.883      5.60404936e-09  -0.0104925463  
118568.685      158113.883      9.96556558e-09  -0.0186586805  
118568.685      158113.883      1.77215601e-08  -0.033180351   
118568.685      158113.883      3.15138854e-08  -0.0590039456  
118568.685      158113.883      5.60404936e-08  -0.104925534   
118568.685      158113.883      9.96556558e-08  -0.186587019   
118568.685      158113.883      1.77215601e-07  -0.331804176   
118568.685      158113.883      3.15138854e-07  -0.590041551   
118568.685      158113.883      5.60404936e-07  -1.04926195    
118568.685      158113.883      9.96556558e-07  -1.86589105    
118568.685      158113.883      1.77215601e-06  -3.31810753    
118568.685      158113.883      3.15138854e-06  -5.90062244    
118568.685      158113.883      5.60404936e-06  -10.4932682    
118568.685      158113.883      9.96556558e-06  -18.6609307    
118568.685      158113.883      1.77215601e-05  -33.1872961    
118568.685      158113.883      3.15138854e-05  -59.0250215    
118568.685      158113.883      5.60404936e-05  -104.987779    
118568.685      158113.883      9.96556558e-05  -186.76354     
158113.883      210848.252      0               0.000146180412 
158113.883      210848.252      1.77215601e-10  -0.000103262195
158113.883      210848.252      3.15138854e-10  -0.000297398241
158113.883      210848.252      5.60404936e-10  -0.000642626374
158113.883      210848.252      9.96556558e-10  -0.00125653845 
158113.883      210848.252      1.77215601e-09  -0.00234824567 
158113.883      210848.252      3.15138854e-09  -0.00428960612 
158113.883      210848.252      5.60404936e-09  -0.00774188745 
158113.883      210848.252      9.96556558e-09  -0.0138810083  
158113.883      210848.252      1.77215601e-08  -0.0247980804  
158113.883      210848.252      3.15138854e-08  -0.044211685   
158113.883      210848.252      5.60404936e-08  -0.0787344983  
158113.883      210848.252      9.96556558e-08  -0.140125706   
158113.883      210848.252      1.77215601e-07  -0.249296428   
158113.883      210848.252      3.15138854e-07  -0.443432475   
158113.883      210848.252      5.60404936e-07  -0.788660611   
158113.883      210848.252      9.96556558e-07  -1.4025727     
158113.883      210848.252      1.77215601e-06  -2.49427995    
158113.883      210848.252      3.15138854e-06  -4.4356405     
158113.883      210848.252      5.60404936e-06  -7.88792215    
158113.883      210848.252      9.96556558e-06  -14.027044     
158113.883      210848.252      1.77215601e-05  -24.9441193    
158113.883      210848.252      3.15138854e-05  -44.3577339    
158113.883      210848.252      5.60404936e-05  -78.8805791    
158113.883      210848.252      9.96556558e-05  -140.271887    
210848.252      281170.663      0               9.41200102e-05 
210848.252      281170.663      1.77215601e-10  -9.22982958e-05
210848.252      281170.663      3.15138854e-10  -0.000237383825
210848.252      281170.663      5.60404936e-10  -0.000495386434
210848.252      281170.663      9.96556558e-10  -0.000954187162
210848.252      281170.663      1.77215601e-09  -0.00177006305 
210848.252      281170.663      3.15138854e-09  -0.00322091834 
210848.252      281170.663      5.60404936e-09  -0.00580094444 
210848.252      281170.663      9.96556558e-09  -0.0103889517  
210848.252      281170.663      1.77215601e-08  -0.0185477106  
210848.252      281170.663      3.15138854e-08  -0.0330562635  
210848.252      281170.663      5.60404936e-08  -0.0588565245  
210848.252      281170.663      9.96556558e-08  -0.104736597   
210848.252      281170.663      1.77215601e-07  -0.186324186   
210848.252      281170.663      3.15138854e-07  -0.331409716   
210848.252      281170.663      5.60404936e-07  -0.589412325   
210848.252      281170.663      9.96556558e-07  -1.04821305    
210848.252      281170.663      1.77215601e-06  -1.86408895    
210848.252      281170.663      3.15138854e-06  -3.31494425    
210848.252      281170.663      5.60404936e-06  -5.8949704     
210848.252      281170.663      9.96556558e-06  -10.4829778    
210848.252      281170.663      1.77215601e-05  -18.6417372    
210848.252      281170.663      3.15138854e-05  -33.1502916    
210848.252      281170.663      5.60404936e-05  -58.9505572    
210848.252      281170.663      9.96556558e-05  -104.830645    
281170.663      374947.105      0               0.000847213449 
281170.663      374947.105      1.77215601e-10  0.000708614783 
281170.663      374947.105      3.15138854e-10  0.000600746296 
281170.663      374947.105      5.60404936e-10  0.000408925986 
281170.663      374947.105      9.96556558e-10  6.78158784e-05 
281170.663      374947.105      1.77215601e-09  -0.000538773203
281170.663      374947.105      3.15138854e-09  -0.00161745808 
281170.663      374947.105      5.60404936e-09  -0.00353566118 
281170.663      374947.105      9.96556558e-09  -0.00694676226 
281170.663      374947.105      1.77215601e-08  -0.0130126531  
281170.663      374947.105      3.15138854e-08  -0.0237995018  
281170.663      374947.105      5.60404936e-08  -0.0429815329  
281170.663      374947.105      9.96556558e-08  -0.077092544   
281170.663      374947.105      1.77215601e-07  -0.137751453   
281170.663      374947.105      3.15138854e-07  -0.245619944   
281170.663      374947.105      5.60404936e-07  -0.437440264   
281170.663      374947.105      9.96556558e-07  -0.778550404   
281170.663      374947.105      1.77215601e-06  -1.38513959    
281170.663      374947.105      3.15138854e-06  -2.46382478    
281170.663      374947.105      5.60404936e-06  -4.3820289     
281170.663      374947.105      9.96556558e-06  -7.79313318    
281170.663      374947.105      1.77215601e-05  -13.8590341    
281170.663      374947.105      3.15138854e-05  -24.6459147    
281170.663      374947.105      5.60404936e-05  -43.828046     
281170.663      374947.105      9.96556558e-05  -77.9393706    
374947.105      500000          0               1.63750125e-10 
374947.105      500000          1.77215601e-10  -0.000100822487
374947.105      500000          3.15138854e-10  -0.00017929068 
374947.105      500000          5.60404936e-10  -0.000318829052
374947.105      500000          9.96556558e-10  -0.000566967266
374947.105      500000          1.77215601e-09  -0.00100822634 
374947.105      500000          3.15138854e-09  -0.00179290827 
374947.105      500000          5.60404936e-09  -0.00318829199 
374947.105      500000          9.96556558e-09  -0.00566967413 
374947.105      500000          1.77215601e-08  -0.0100822649  
374947.105      500000          3.15138854e-08  -0.0179290842  
374947.105      500000          5.60404936e-08  -0.0318829214  
374947.105      500000          9.96556558e-08  -0.0566967428  
374947.105      500000          1.77215601e-07  -0.10082265    
374947.105      500000          3.15138854e-07  -0.179290843   
374947.105      500000          5.60404936e-07  -0.318829215   
374947.105      500000          9.96556558e-07  -0.566967429   
374947.105      500000          1.77215601e-06  -1.00822651    
374947.105      500000          3.15138854e-06  -1.79290844    
374947.105      500000          5.60404936e-06  -3.18829216    
374947.105      500000          9.96556558e-06  -5.66967429    
374947.105      500000          1.77215601e-05  -10.0822651    
374947.105      500000          3.15138854e-05  -17.9290844    
374947.105      500000          5.60404936e-05  -31.8829216    
374947.105      500000          9.96556558e-05  -56.6967429    
