### /nfs/slac/g/ki/ki20/cta/mdwood/fermi/dsph_pipeline/des_dwarfs/v6/p302_6yr_source_psf0123_point_gs_jsigma0.6/results/like_pisces_II.txt
#[0]emin(MeV) [1]emax(MeV) [2]eflux(MeV/cm^2/s) [3]deltaLogLike
500             666.760716      0               0.00254446693  
500             666.760716      1.77215601e-10  0.00209084621  
500             666.760716      3.15138854e-10  0.00173253951  
500             666.760716      5.60404936e-10  0.001084       
500             666.760716      9.96556558e-10  -0.0001051935  
500             666.760716      1.77215601e-09  -0.0023332067  
500             666.760716      3.15138854e-09  -0.00665205837 
500             666.760716      5.60404936e-09  -0.0154525137  
500             666.760716      9.96556558e-09  -0.0346007914  
500             666.760716      1.77215601e-08  -0.0794765481  
500             666.760716      3.15138854e-08  -0.192254596   
500             666.760716      5.60404936e-08  -0.490790878   
500             666.760716      9.96556558e-08  -1.3020648     
500             666.760716      1.77215601e-07  -3.50628095    
500             666.760716      3.15138854e-07  -9.36347434    
500             666.760716      5.60404936e-07  -24.3573688    
500             666.760716      9.96556558e-07  -61.037197     
500             666.760716      1.77215601e-06  -146.587504    
500             666.760716      3.15138854e-06  -337.186925    
500             666.760716      5.60404936e-06  -744.663897    
500             666.760716      9.96556558e-06  -1585.25662    
500             666.760716      1.77215601e-05  -3267.56248    
500             666.760716      3.15138854e-05  -6549.39143    
500             666.760716      5.60404936e-05  -12815.9084    
500             666.760716      9.96556558e-05  -24572.1604    
666.760716      889.139705      0               -0.321782362   
666.760716      889.139705      1.77215601e-10  -0.31914938    
666.760716      889.139705      3.15138854e-10  -0.317108514   
666.760716      889.139705      5.60404936e-10  -0.31349726    
666.760716      889.139705      9.96556558e-10  -0.307132155   
666.760716      889.139705      1.77215601e-09  -0.295991775   
666.760716      889.139705      3.15138854e-09  -0.276741362   
666.760716      889.139705      5.60404936e-09  -0.244256667   
666.760716      889.139705      9.96556558e-09  -0.191888284   
666.760716      889.139705      1.77215601e-08  -0.115158577   
666.760716      889.139705      3.15138854e-08  -0.0271856468  
666.760716      889.139705      5.60404936e-08  -0.00837190129 
666.760716      889.139705      9.96556558e-08  -0.344585248   
666.760716      889.139705      1.77215601e-07  -1.87057215    
666.760716      889.139705      3.15138854e-07  -6.75133488    
666.760716      889.139705      5.60404936e-07  -20.1474353    
666.760716      889.139705      9.96556558e-07  -53.5913588    
666.760716      889.139705      1.77215601e-06  -131.547726    
666.760716      889.139705      3.15138854e-06  -303.695435    
666.760716      889.139705      5.60404936e-06  -667.308497    
666.760716      889.139705      9.96556558e-06  -1407.46409    
666.760716      889.139705      1.77215601e-05  -2868.8443     
666.760716      889.139705      3.15138854e-05  -5683.55821    
666.760716      889.139705      5.60404936e-05  -10998.2966    
666.760716      889.139705      9.96556558e-05  -20877.6699    
889.139705      1185.68685      0               0.000582291903 
889.139705      1185.68685      1.77215601e-10  -0.000269285627
889.139705      1185.68685      3.15138854e-10  -0.000939814943
889.139705      1185.68685      5.60404936e-10  -0.00214896534 
889.139705      1185.68685      9.96556558e-10  -0.00435205821 
889.139705      1185.68685      1.77215601e-09  -0.00843633961 
889.139705      1185.68685      3.15138854e-09  -0.0162223243  
889.139705      1185.68685      5.60404936e-09  -0.0317011989  
889.139705      1185.68685      9.96556558e-09  -0.0642795283  
889.139705      1185.68685      1.77215601e-08  -0.137595898   
889.139705      1185.68685      3.15138854e-08  -0.3135923     
889.139705      1185.68685      5.60404936e-08  -0.756402952   
889.139705      1185.68685      9.96556558e-08  -1.89206911    
889.139705      1185.68685      1.77215601e-07  -4.77618941    
889.139705      1185.68685      3.15138854e-07  -11.8709825    
889.139705      1185.68685      5.60404936e-07  -28.5823152    
889.139705      1185.68685      9.96556558e-07  -66.1774887    
889.139705      1185.68685      1.77215601e-06  -147.192202    
889.139705      1185.68685      3.15138854e-06  -315.323015    
889.139705      1185.68685      5.60404936e-06  -653.405906    
889.139705      1185.68685      9.96556558e-06  -1315.8478     
889.139705      1185.68685      1.77215601e-05  -2586.64665    
889.139705      1185.68685      3.15138854e-05  -4982.63486    
889.139705      1185.68685      5.60404936e-05  -9436.86262    
889.139705      1185.68685      9.96556558e-05  -17624.294     
1185.68685      1581.13883      0               8.65657057e-09 
1185.68685      1581.13883      1.77215601e-10  -0.00533459278 
1185.68685      1581.13883      3.15138854e-10  -0.00949259535 
1185.68685      1581.13883      5.60404936e-10  -0.0169000454  
1185.68685      1581.13883      9.96556558e-10  -0.0301146729  
1185.68685      1581.13883      1.77215601e-09  -0.053746388   
1185.68685      1581.13883      3.15138854e-09  -0.0961847445  
1185.68685      1581.13883      5.60404936e-09  -0.172940179   
1185.68685      1581.13883      9.96556558e-09  -0.313384426   
1185.68685      1581.13883      1.77215601e-08  -0.574999733   
1185.68685      1581.13883      3.15138854e-08  -1.07467297    
1185.68685      1581.13883      5.60404936e-08  -2.05836836    
1185.68685      1581.13883      9.96556558e-08  -4.05342765    
1185.68685      1581.13883      1.77215601e-07  -8.18784255    
1185.68685      1581.13883      3.15138854e-07  -16.8295863    
1185.68685      1581.13883      5.60404936e-07  -34.8235733    
1185.68685      1581.13883      9.96556558e-07  -71.8361258    
1185.68685      1581.13883      1.77215601e-06  -146.737576    
1185.68685      1581.13883      3.15138854e-06  -295.661834    
1185.68685      1581.13883      5.60404936e-06  -586.551443    
1185.68685      1581.13883      9.96556558e-06  -1145.07841    
1185.68685      1581.13883      1.77215601e-05  -2200.65249    
1185.68685      1581.13883      3.15138854e-05  -4168.0893     
1185.68685      1581.13883      5.60404936e-05  -7792.70305    
1185.68685      1581.13883      9.96556558e-05  -14408.2534    
1581.13883      2108.48252      0               0.000416861198 
1581.13883      2108.48252      1.77215601e-10  -0.00215890312 
1581.13883      2108.48252      3.15138854e-10  -0.00417523277 
1581.13883      2108.48252      5.60404936e-10  -0.00778591707 
1581.13883      2108.48252      9.96556558e-10  -0.0142854298  
1581.13883      2108.48252      1.77215601e-09  -0.0260888368  
1581.13883      2108.48252      3.15138854e-09  -0.047836178   
1581.13883      2108.48252      5.60404936e-09  -0.088806573   
1581.13883      2108.48252      9.96556558e-09  -0.168434435   
1581.13883      2108.48252      1.77215601e-08  -0.329129412   
1581.13883      2108.48252      3.15138854e-08  -0.665504724   
1581.13883      2108.48252      5.60404936e-08  -1.38800521    
1581.13883      2108.48252      9.96556558e-08  -2.95501601    
1581.13883      2108.48252      1.77215601e-07  -6.3394421     
1581.13883      2108.48252      3.15138854e-07  -13.5560447    
1581.13883      2108.48252      5.60404936e-07  -28.6760949    
1581.13883      2108.48252      9.96556558e-07  -59.7236403    
1581.13883      2108.48252      1.77215601e-06  -122.147513    
1581.13883      2108.48252      3.15138854e-06  -245.095389    
1581.13883      2108.48252      5.60404936e-06  -482.650799    
1581.13883      2108.48252      9.96556558e-06  -933.859054    
1581.13883      2108.48252      1.77215601e-05  -1778.33673    
1581.13883      2108.48252      3.15138854e-05  -3339.51235    
1581.13883      2108.48252      5.60404936e-05  -6196.91044    
1581.13883      2108.48252      9.96556558e-05  -11385.6728    
2108.48252      2811.70663      0               -0.266987561   
2108.48252      2811.70663      1.77215601e-10  -0.260974885   
2108.48252      2811.70663      3.15138854e-10  -0.256366678   
2108.48252      2811.70663      5.60404936e-10  -0.248323451   
2108.48252      2811.70663      9.96556558e-10  -0.234486874   
2108.48252      2811.70663      1.77215601e-09  -0.211291213   
2108.48252      2811.70663      3.15138854e-09  -0.17416799    
2108.48252      2811.70663      5.60404936e-09  -0.119627671   
2108.48252      2811.70663      9.96556558e-09  -0.0522689169  
2108.48252      2811.70663      1.77215601e-08  -0.00184832367 
2108.48252      2811.70663      3.15138854e-08  -0.0576135526  
2108.48252      2811.70663      5.60404936e-08  -0.432424158   
2108.48252      2811.70663      9.96556558e-08  -1.5850136     
2108.48252      2811.70663      1.77215601e-07  -4.45618664    
2108.48252      2811.70663      3.15138854e-07  -10.9122756    
2108.48252      2811.70663      5.60404936e-07  -24.5549651    
2108.48252      2811.70663      9.96556558e-07  -52.186994     
2108.48252      2811.70663      1.77215601e-06  -106.459095    
2108.48252      2811.70663      3.15138854e-06  -210.628653    
2108.48252      2811.70663      5.60404936e-06  -407.065007    
2108.48252      2811.70663      9.96556558e-06  -772.399443    
2108.48252      2811.70663      1.77215601e-05  -1444.48908    
2108.48252      2811.70663      3.15138854e-05  -2670.38471    
2108.48252      2811.70663      5.60404936e-05  -4891.62421    
2108.48252      2811.70663      9.96556558e-05  -8895.87977    
2811.70663      3749.47105      0               8.60965056e-05 
2811.70663      3749.47105      1.77215601e-10  -0.000988940006
2811.70663      3749.47105      3.15138854e-10  -0.00184659654 
2811.70663      3749.47105      5.60404936e-10  -0.00341667405 
2811.70663      3749.47105      9.96556558e-10  -0.00634880401 
2811.70663      3749.47105      1.77215601e-09  -0.0119952431  
2811.70663      3749.47105      3.15138854e-09  -0.0233462891  
2811.70663      3749.47105      5.60404936e-09  -0.0473844124  
2811.70663      3749.47105      9.96556558e-09  -0.100931451   
2811.70663      3749.47105      1.77215601e-08  -0.224351873   
2811.70663      3749.47105      3.15138854e-08  -0.510770015   
2811.70663      3749.47105      5.60404936e-08  -1.1624068     
2811.70663      3749.47105      9.96556558e-08  -2.59288609    
2811.70663      3749.47105      1.77215601e-07  -5.61216239    
2811.70663      3749.47105      3.15138854e-07  -11.763444     
2811.70663      3749.47105      5.60404936e-07  -23.9333082    
2811.70663      3749.47105      9.96556558e-07  -47.4513505    
2811.70663      3749.47105      1.77215601e-06  -92.0764633    
2811.70663      3749.47105      3.15138854e-06  -175.577933    
2811.70663      3749.47105      5.60404936e-06  -330.144607    
2811.70663      3749.47105      9.96556558e-06  -613.78719     
2811.70663      3749.47105      1.77215601e-05  -1130.58356    
2811.70663      3749.47105      3.15138854e-05  -2066.64202    
2811.70663      3749.47105      5.60404936e-05  -3754.04105    
2811.70663      3749.47105      9.96556558e-05  -6784.55013    
3749.47105      5000            0               1.02995728e-08 
3749.47105      5000            1.77215601e-10  -0.0063420688  
3749.47105      5000            3.15138854e-10  -0.0112786147  
3749.47105      5000            5.60404936e-10  -0.0200585472  
3749.47105      5000            9.96556558e-10  -0.0356760611  
3749.47105      5000            1.77215601e-09  -0.0634620569  
3749.47105      5000            3.15138854e-09  -0.112916429   
3749.47105      5000            5.60404936e-09  -0.200995379   
3749.47105      5000            9.96556558e-09  -0.358046224   
3749.47105      5000            1.77215601e-08  -0.638628679   
3749.47105      5000            3.15138854e-08  -1.14153133    
3749.47105      5000            5.60404936e-08  -2.04745769    
3749.47105      5000            9.96556558e-08  -3.69109876    
3749.47105      5000            1.77215601e-07  -6.69945146    
3749.47105      5000            3.15138854e-07  -12.2527255    
3749.47105      5000            5.60404936e-07  -22.5603034    
3749.47105      5000            9.96556558e-07  -41.7045772    
3749.47105      5000            1.77215601e-06  -77.1287459    
3749.47105      5000            3.15138854e-06  -142.286341    
3749.47105      5000            5.60404936e-06  -261.386324    
3749.47105      5000            9.96556558e-06  -477.862709    
3749.47105      5000            1.77215601e-05  -869.425345    
3749.47105      5000            3.15138854e-05  -1574.78303    
3749.47105      5000            5.60404936e-05  -2841.14259    
3749.47105      5000            9.96556558e-05  -5108.6973     
5000            6667.60716      0               9.94714355e-09 
5000            6667.60716      1.77215601e-10  -0.00612473198 
5000            6667.60716      3.15138854e-10  -0.0108915301  
5000            6667.60716      5.60404936e-10  -0.0193683105  
5000            6667.60716      9.96556558e-10  -0.0344426517  
5000            6667.60716      1.77215601e-09  -0.0612498551  
5000            6667.60716      3.15138854e-09  -0.108923121   
5000            6667.60716      5.60404936e-09  -0.193707618   
5000            6667.60716      9.96556558e-09  -0.344503714   
5000            6667.60716      1.77215601e-08  -0.612741781   
5000            6667.60716      3.15138854e-08  -1.0899963     
5000            6667.60716      5.60404936e-08  -1.93947398    
5000            6667.60716      9.96556558e-08  -3.45250235    
5000            6667.60716      1.77215601e-07  -6.1503978     
5000            6667.60716      3.15138854e-07  -10.9693902    
5000            6667.60716      5.60404936e-07  -19.5984013    
5000            6667.60716      9.96556558e-07  -35.0970919    
5000            6667.60716      1.77215601e-06  -63.0194037    
5000            6667.60716      3.15138854e-06  -113.429405    
5000            6667.60716      5.60404936e-06  -204.476277    
5000            6667.60716      9.96556558e-06  -368.711702    
5000            6667.60716      1.77215601e-05  -664.283687    
5000            6667.60716      3.15138854e-05  -1194.83852    
5000            6667.60716      5.60404936e-05  -2144.94797    
5000            6667.60716      9.96556558e-05  -3843.14116    
6667.60716      8891.39705      0               7.69000508e-09 
6667.60716      8891.39705      1.77215601e-10  -0.00473494702 
6667.60716      8891.39705      3.15138854e-10  -0.0084200887  
6667.60716      8891.39705      5.60404936e-10  -0.014973352   
6667.60716      8891.39705      9.96556558e-10  -0.0266270486  
6667.60716      8891.39705      1.77215601e-09  -0.0473510939  
6667.60716      8891.39705      3.15138854e-09  -0.0842058692  
6667.60716      8891.39705      5.60404936e-09  -0.14974911    
6667.60716      8891.39705      9.96556558e-09  -0.266319556   
6667.60716      8891.39705      1.77215601e-08  -0.473665502   
6667.60716      8891.39705      3.15138854e-08  -0.842544752   
6667.60716      8891.39705      5.60404936e-08  -1.49901385    
6667.60716      8891.39705      9.96556558e-08  -2.66793358    
6667.60716      8891.39705      1.77215601e-07  -4.7512263     
6667.60716      8891.39705      3.15138854e-07  -8.46941044    
6667.60716      8891.39705      5.60404936e-07  -15.1188845    
6667.60716      8891.39705      9.96556558e-07  -27.0404161    
6667.60716      8891.39705      1.77215601e-06  -48.4683257    
6667.60716      8891.39705      3.15138854e-06  -87.0546688    
6667.60716      8891.39705      5.60404936e-06  -156.579001    
6667.60716      8891.39705      9.96556558e-06  -281.745965    
6667.60716      8891.39705      1.77215601e-05  -506.687636    
6667.60716      8891.39705      3.15138854e-05  -910.067395    
6667.60716      8891.39705      5.60404936e-05  -1631.94582    
6667.60716      8891.39705      9.96556558e-05  -2921.5727     
8891.39705      11856.8685      0               0.000108142689 
8891.39705      11856.8685      1.77215601e-10  -0.00189134184 
8891.39705      11856.8685      3.15138854e-10  -0.0034480996  
8891.39705      11856.8685      5.60404936e-10  -0.00621774593 
8891.39705      11856.8685      9.96556558e-10  -0.0111470422  
8891.39705      11856.8685      1.77215601e-09  -0.0199256055  
8891.39705      11856.8685      3.15138854e-09  -0.0355769019  
8891.39705      11856.8685      5.60404936e-09  -0.0635362788  
8891.39705      11856.8685      9.96556558e-09  -0.113650562   
8891.39705      11856.8685      1.77215601e-08  -0.203978606   
8891.39705      11856.8685      3.15138854e-08  -0.368240529   
8891.39705      11856.8685      5.60404936e-08  -0.670857436   
8891.39705      11856.8685      9.96556558e-08  -1.23773095    
8891.39705      11856.8685      1.77215601e-07  -2.31811082    
8891.39705      11856.8685      3.15138854e-07  -4.40277489    
8891.39705      11856.8685      5.60404936e-07  -8.4366449     
8891.39705      11856.8685      9.96556558e-07  -16.1888134    
8891.39705      11856.8685      1.77215601e-06  -30.8977372    
8891.39705      11856.8685      3.15138854e-06  -58.4098173    
8891.39705      11856.8685      5.60404936e-06  -109.200447    
8891.39705      11856.8685      9.96556558e-06  -201.966189    
8891.39705      11856.8685      1.77215601e-05  -370.01297     
8891.39705      11856.8685      3.15138854e-05  -672.624519    
8891.39705      11856.8685      5.60404936e-05  -1215.30014    
8891.39705      11856.8685      9.96556558e-05  -2185.77806    
11856.8685      15811.3883      0               4.22255653e-09 
11856.8685      15811.3883      1.77215601e-10  -0.00259991605 
11856.8685      15811.3883      3.15138854e-10  -0.00462340862 
11856.8685      15811.3883      5.60404936e-10  -0.00822180469 
11856.8685      15811.3883      9.96556558e-10  -0.0146209508  
11856.8685      15811.3883      1.77215601e-09  -0.0260010287  
11856.8685      15811.3883      3.15138854e-09  -0.0462399077  
11856.8685      15811.3883      5.60404936e-09  -0.0822363505  
11856.8685      15811.3883      9.96556558e-09  -0.146267177   
11856.8685      15811.3883      1.77215601e-08  -0.260191842   
11856.8685      15811.3883      3.15138854e-08  -0.462969083   
11856.8685      15811.3883      5.60404936e-08  -0.824143702   
11856.8685      15811.3883      9.96556558e-08  -1.4681807     
11856.8685      15811.3883      1.77215601e-07  -2.61870385    
11856.8685      15811.3883      3.15138854e-07  -4.67956355    
11856.8685      15811.3883      5.60404936e-07  -8.38400008    
11856.8685      15811.3883      9.96556558e-07  -15.0675384    
11856.8685      15811.3883      1.77215601e-06  -27.1590196    
11856.8685      15811.3883      3.15138854e-06  -49.0484326    
11856.8685      15811.3883      5.60404936e-06  -88.6112059    
11856.8685      15811.3883      9.96556558e-06  -159.90068     
11856.8685      15811.3883      1.77215601e-05  -287.935109    
11856.8685      15811.3883      3.15138854e-05  -517.225479    
11856.8685      15811.3883      5.60404936e-05  -926.96051     
11856.8685      15811.3883      9.96556558e-05  -1658.0253     
15811.3883      21084.8252      0               3.21256266e-09 
15811.3883      21084.8252      1.77215601e-10  -0.00197791552 
15811.3883      21084.8252      3.15138854e-10  -0.00351730983 
15811.3883      21084.8252      5.60404936e-10  -0.00625482816 
15811.3883      21084.8252      9.96556558e-10  -0.0111230433  
15811.3883      21084.8252      1.77215601e-09  -0.0197805408  
15811.3883      21084.8252      3.15138854e-09  -0.0351774137  
15811.3883      21084.8252      5.60404936e-09  -0.0625618452  
15811.3883      21084.8252      9.96556558e-09  -0.111273149   
15811.3883      21084.8252      1.77215601e-08  -0.197939788   
15811.3883      21084.8252      3.15138854e-08  -0.352195498   
15811.3883      21084.8252      5.60404936e-08  -0.62693152    
15811.3883      21084.8252      9.96556558e-08  -1.11677962    
15811.3883      21084.8252      1.77215601e-07  -1.99165576    
15811.3883      21084.8252      3.15138854e-07  -3.55801849    
15811.3883      21084.8252      5.60404936e-07  -6.37091798    
15811.3883      21084.8252      9.96556558e-07  -11.4374104    
15811.3883      21084.8252      1.77215601e-06  -20.5803869    
15811.3883      21084.8252      3.15138854e-06  -37.0815447    
15811.3883      21084.8252      5.60404936e-06  -66.8157857    
15811.3883      21084.8252      9.96556558e-06  -120.261707    
15811.3883      21084.8252      1.77215601e-05  -216.077559    
15811.3883      21084.8252      3.15138854e-05  -387.467949    
15811.3883      21084.8252      5.60404936e-05  -693.516828    
15811.3883      21084.8252      9.96556558e-05  -1239.35097    
21084.8252      28117.0663      0               8.23752737e-06 
21084.8252      28117.0663      1.77215601e-10  -0.000905417182
21084.8252      28117.0663      3.15138854e-10  -0.00161669387 
21084.8252      28117.0663      5.60404936e-10  -0.00288197039 
21084.8252      28117.0663      9.96556558e-10  -0.00513333685 
21084.8252      28117.0663      1.77215601e-09  -0.00914115908 
21084.8252      28117.0663      3.15138854e-09  -0.0162816166  
21084.8252      28117.0663      5.60404936e-09  -0.0290215182  
21084.8252      28117.0663      9.96556558e-09  -0.0518083512  
21084.8252      28117.0663      1.77215601e-08  -0.0927373278  
21084.8252      28117.0663      3.15138854e-08  -0.166761606   
21084.8252      28117.0663      5.60404936e-08  -0.302074644   
21084.8252      28117.0663      9.96556558e-08  -0.553119269   
21084.8252      28117.0663      1.77215601e-07  -1.02711263    
21084.8252      28117.0663      3.15138854e-07  -1.9361094     
21084.8252      28117.0663      5.60404936e-07  -3.69225931    
21084.8252      28117.0663      9.96556558e-07  -7.07087035    
21084.8252      28117.0663      1.77215601e-06  -13.4847446    
21084.8252      28117.0663      3.15138854e-06  -25.4602622    
21084.8252      28117.0663      5.60404936e-06  -47.4870839    
21084.8252      28117.0663      9.96556558e-06  -87.5389642    
21084.8252      28117.0663      1.77215601e-05  -159.782098    
21084.8252      28117.0663      3.15138854e-05  -289.392395    
21084.8252      28117.0663      5.60404936e-05  -521.129085    
21084.8252      28117.0663      9.96556558e-05  -934.592182    
28117.0663      37494.7105      0               2.113552e-09   
28117.0663      37494.7105      1.77215601e-10  -0.0013013326  
28117.0663      37494.7105      3.15138854e-10  -0.00231413462 
28117.0663      37494.7105      5.60404936e-10  -0.00411517959 
28117.0663      37494.7105      9.96556558e-10  -0.00731794079 
28117.0663      37494.7105      1.77215601e-09  -0.0130133451  
28117.0663      37494.7105      3.15138854e-09  -0.0231413653  
28117.0663      37494.7105      5.60404936e-09  -0.0411518153  
28117.0663      37494.7105      9.96556558e-09  -0.0731794281  
28117.0663      37494.7105      1.77215601e-08  -0.130133474   
28117.0663      37494.7105      3.15138854e-08  -0.231413685   
28117.0663      37494.7105      5.60404936e-08  -0.411518211   
28117.0663      37494.7105      9.96556558e-08  -0.731794422   
28117.0663      37494.7105      1.77215601e-07  -1.30133514    
28117.0663      37494.7105      3.15138854e-07  -2.31413809    
28117.0663      37494.7105      5.60404936e-07  -4.11518599    
28117.0663      37494.7105      9.96556558e-07  -7.31795646    
28117.0663      37494.7105      1.77215601e-06  -13.01339      
28117.0663      37494.7105      3.15138854e-06  -23.1415023    
28117.0663      37494.7105      5.60404936e-06  -41.1522416    
28117.0663      37494.7105      9.96556558e-06  -73.1807578    
28117.0663      37494.7105      1.77215601e-05  -130.1376      
28117.0663      37494.7105      3.15138854e-05  -231.426331    
28117.0663      37494.7105      5.60404936e-05  -411.55617     
28117.0663      37494.7105      9.96556558e-05  -731.904692    
37494.7105      50000           0               1.69783246e-05 
37494.7105      50000           1.77215601e-10  -0.000924525745
37494.7105      50000           3.15138854e-10  -0.0016572804  
37494.7105      50000           5.60404936e-10  -0.00296032601 
37494.7105      50000           9.96556558e-10  -0.00527751492 
37494.7105      50000           1.77215601e-09  -0.00939815507 
37494.7105      50000           3.15138854e-09  -0.016725902   
37494.7105      50000           5.60404936e-09  -0.0297569913  
37494.7105      50000           9.96556558e-09  -0.052930881   
37494.7105      50000           1.77215601e-08  -0.0941435979  
37494.7105      50000           3.15138854e-08  -0.167440977   
37494.7105      50000           5.60404936e-08  -0.297814484   
37494.7105      50000           9.96556558e-08  -0.52974948    
37494.7105      50000           1.77215601e-07  -0.942486311   
37494.7105      50000           3.15138854e-07  -1.67733173    
37494.7105      50000           5.60404936e-07  -2.98669186    
37494.7105      50000           9.96556558e-07  -5.32237508    
37494.7105      50000           1.77215601e-06  -9.49473448    
37494.7105      50000           3.15138854e-06  -16.9582324    
37494.7105      50000           5.60404936e-06  -30.319325     
37494.7105      50000           9.96556558e-06  -54.2335838    
37494.7105      50000           1.77215601e-05  -96.9917623    
37494.7105      50000           3.15138854e-05  -173.337951    
37494.7105      50000           5.60404936e-05  -309.490546    
37494.7105      50000           9.96556558e-05  -552.086146    
50000           66676.0716      0               1.20519417e-09 
50000           66676.0716      1.77215601e-10  -0.000742048741
50000           66676.0716      3.15138854e-10  -0.00131957094 
50000           66676.0716      5.60404936e-10  -0.00234656676 
50000           66676.0716      9.96556558e-10  -0.0041728523  
50000           66676.0716      1.77215601e-09  -0.00742049827 
50000           66676.0716      3.15138854e-09  -0.0131957202  
50000           66676.0716      5.60404936e-09  -0.0234656786  
50000           66676.0716      9.96556558e-09  -0.0417285343  
50000           66676.0716      1.77215601e-08  -0.074204995   
50000           66676.0716      3.15138854e-08  -0.131957218   
50000           66676.0716      5.60404936e-08  -0.234656812   
50000           66676.0716      9.96556558e-08  -0.417285401   
50000           66676.0716      1.77215601e-07  -0.74205011    
50000           66676.0716      3.15138854e-07  -1.31957266    
50000           66676.0716      5.60404936e-07  -2.34656961    
50000           66676.0716      9.96556558e-07  -4.1728587     
50000           66676.0716      1.77215601e-06  -7.4205159     
50000           66676.0716      3.15138854e-06  -13.1957733    
50000           66676.0716      5.60404936e-06  -23.465843     
50000           66676.0716      9.96556558e-06  -41.7290475    
50000           66676.0716      1.77215601e-05  -74.2065935    
50000           66676.0716      3.15138854e-05  -131.962154    
50000           66676.0716      5.60404936e-05  -234.671811    
50000           66676.0716      9.96556558e-05  -417.329822    
66676.0716      88913.9705      0               -2.81268208    
66676.0716      88913.9705      1.77215601e-10  -2.79070663    
66676.0716      88913.9705      3.15138854e-10  -2.77394695    
66676.0716      88913.9705      5.60404936e-10  -2.74485242    
66676.0716      88913.9705      9.96556558e-10  -2.69521383    
66676.0716      88913.9705      1.77215601e-09  -2.61288643    
66676.0716      88913.9705      3.15138854e-09  -2.48216373    
66676.0716      88913.9705      5.60404936e-09  -2.28703372    
66676.0716      88913.9705      9.96556558e-09  -2.01779503    
66676.0716      88913.9705      1.77215601e-08  -1.67782431    
66676.0716      88913.9705      3.15138854e-08  -1.28554635    
66676.0716      88913.9705      5.60404936e-08  -0.871609543   
66676.0716      88913.9705      9.96556558e-08  -0.477119849   
66676.0716      88913.9705      1.77215601e-07  -0.158494583   
66676.0716      88913.9705      3.15138854e-07  -0.00193942795 
66676.0716      88913.9705      5.60404936e-07  -0.151409721   
66676.0716      88913.9705      9.96556558e-07  -0.858908492   
66676.0716      88913.9705      1.77215601e-06  -2.57486795    
66676.0716      88913.9705      3.15138854e-06  -6.11050182    
66676.0716      88913.9705      5.60404936e-06  -12.9262828    
66676.0716      88913.9705      9.96556558e-06  -25.6388569    
66676.0716      88913.9705      1.77215601e-05  -48.9120669    
66676.0716      88913.9705      3.15138854e-05  -91.0357951    
66676.0716      88913.9705      5.60404936e-05  -166.73754     
66676.0716      88913.9705      9.96556558e-05  -302.190126    
88913.9705      118568.685      0               6.67938593e-10 
88913.9705      118568.685      1.77215601e-10  -0.000411251887
88913.9705      118568.685      3.15138854e-10  -0.000731321292
88913.9705      118568.685      5.60404936e-10  -0.00130049414 
88913.9705      118568.685      9.96556558e-10  -0.00231264256 
88913.9705      118568.685      1.77215601e-09  -0.00411252543 
88913.9705      118568.685      3.15138854e-09  -0.00731322067 
88913.9705      118568.685      5.60404936e-09  -0.0130049529  
88913.9705      118568.685      9.96556558e-09  -0.023126449   
88913.9705      118568.685      1.77215601e-08  -0.0411253153  
88913.9705      118568.685      3.15138854e-08  -0.0731323865  
88913.9705      118568.685      5.60404936e-08  -0.130050085   
88913.9705      118568.685      9.96556558e-08  -0.231266232   
88913.9705      118568.685      1.77215601e-07  -0.411258644   
88913.9705      118568.685      3.15138854e-07  -0.731341181   
88913.9705      118568.685      5.60404936e-07  -1.3005554     
88913.9705      118568.685      9.96556558e-07  -2.31283376    
88913.9705      118568.685      1.77215601e-06  -4.11312265    
88913.9705      118568.685      3.15138854e-06  -7.31507528    
88913.9705      118568.685      5.60404936e-06  -13.0106429    
88913.9705      118568.685      9.96556558e-06  -23.1435504    
88913.9705      118568.685      1.77215601e-05  -41.1750789    
88913.9705      118568.685      3.15138854e-05  -73.2705817    
88913.9705      118568.685      5.60404936e-05  -130.411201    
88913.9705      118568.685      9.96556558e-05  -232.146135    
118568.685      158113.883      0               0.000444125151 
118568.685      158113.883      1.77215601e-10  0.00014191205  
118568.685      158113.883      3.15138854e-10  -9.3294209e-05 
118568.685      158113.883      5.60404936e-10  -0.00051155671 
118568.685      158113.883      9.96556558e-10  -0.00125534447 
118568.685      158113.883      1.77215601e-09  -0.00257800747 
118568.685      158113.883      3.15138854e-09  -0.00493007352 
118568.685      158113.883      5.60404936e-09  -0.0091127095  
118568.685      158113.883      9.96556558e-09  -0.0165506218  
118568.685      158113.883      1.77215601e-08  -0.0297773614  
118568.685      158113.883      3.15138854e-08  -0.0532983685  
118568.685      158113.883      5.60404936e-08  -0.0951258232  
118568.685      158113.883      9.96556558e-08  -0.169508405   
118568.685      158113.883      1.77215601e-07  -0.301786712   
118568.685      158113.883      3.15138854e-07  -0.53703115    
118568.685      158113.883      5.60404936e-07  -0.955413602   
118568.685      158113.883      9.96556558e-07  -1.69957638    
118568.685      158113.883      1.77215601e-06  -3.0234018     
118568.685      158113.883      3.15138854e-06  -5.37901907    
118568.685      158113.883      5.60404936e-06  -9.57224731    
118568.685      158113.883      9.96556558e-06  -17.0405937    
118568.685      158113.883      1.77215601e-05  -30.3501789    
118568.685      158113.883      3.15138854e-05  -54.0814637    
118568.685      158113.883      5.60404936e-05  -96.4021066    
118568.685      158113.883      9.96556558e-05  -171.856118    
158113.883      210848.252      0               0.000830672349 
158113.883      210848.252      1.77215601e-10  0.000600334354 
158113.883      210848.252      3.15138854e-10  0.000421067035 
158113.883      210848.252      5.60404936e-10  0.000102279652 
158113.883      210848.252      9.96556558e-10  -0.000464613387
158113.883      210848.252      1.77215601e-09  -0.00147270761 
158113.883      210848.252      3.15138854e-09  -0.00326538081 
158113.883      210848.252      5.60404936e-09  -0.00645325468 
158113.883      210848.252      9.96556558e-09  -0.0121221852  
158113.883      210848.252      1.77215601e-08  -0.0222031279  
158113.883      210848.252      3.15138854e-08  -0.0401298612  
158113.883      210848.252      5.60404936e-08  -0.0720086042  
158113.883      210848.252      9.96556558e-08  -0.128697923   
158113.883      210848.252      1.77215601e-07  -0.229507392   
158113.883      210848.252      3.15138854e-07  -0.408774861   
158113.883      210848.252      5.60404936e-07  -0.727562716   
158113.883      210848.252      9.96556558e-07  -1.29445725    
158113.883      210848.252      1.77215601e-06  -2.30255619    
158113.883      210848.252      3.15138854e-06  -4.09524428    
158113.883      210848.252      5.60404936e-06  -7.28316502    
158113.883      210848.252      9.96556558e-06  -12.9522427    
158113.883      210848.252      1.77215601e-05  -23.033645     
158113.883      210848.252      3.15138854e-05  -40.9618001    
158113.883      210848.252      5.60404936e-05  -72.8448718    
158113.883      210848.252      9.96556558e-05  -129.547032    
210848.252      281170.663      0               2.79506196e-10 
210848.252      281170.663      1.77215601e-10  -0.000172093246
210848.252      281170.663      3.15138854e-10  -0.000306030093
210848.252      281170.663      5.60404936e-10  -0.000544207231
210848.252      281170.663      9.96556558e-10  -0.000967752732
210848.252      281170.663      1.77215601e-09  -0.00172093498 
210848.252      281170.663      3.15138854e-09  -0.00306030346 
210848.252      281170.663      5.60404936e-09  -0.00544207486 
210848.252      281170.663      9.96556558e-09  -0.00967752994 
210848.252      281170.663      1.77215601e-08  -0.0172093526  
210848.252      281170.663      3.15138854e-08  -0.0306030381  
210848.252      281170.663      5.60404936e-08  -0.0544207544  
210848.252      281170.663      9.96556558e-08  -0.0967753122  
210848.252      281170.663      1.77215601e-07  -0.172093561   
210848.252      281170.663      3.15138854e-07  -0.306030487   
210848.252      281170.663      5.60404936e-07  -0.544207871   
210848.252      281170.663      9.96556558e-07  -0.967754153   
210848.252      281170.663      1.77215601e-06  -1.72093886    
210848.252      281170.663      3.15138854e-06  -3.06031513    
210848.252      281170.663      5.60404936e-06  -5.44211109    
210848.252      281170.663      9.96556558e-06  -9.67764345    
210848.252      281170.663      1.77215601e-05  -17.2097084    
210848.252      281170.663      3.15138854e-05  -30.6041485    
210848.252      281170.663      5.60404936e-05  -54.4241889    
210848.252      281170.663      9.96556558e-05  -96.7857719    
281170.663      374947.105      0               0.000608677785 
281170.663      374947.105      1.77215601e-10  0.000480570832 
281170.663      374947.105      3.15138854e-10  0.000380867827 
281170.663      374947.105      5.60404936e-10  0.000203568028 
281170.663      374947.105      9.96556558e-10  -0.000111720555
281170.663      374947.105      1.77215601e-09  -0.000672391751
281170.663      374947.105      3.15138854e-09  -0.00166942179 
281170.663      374947.105      5.60404936e-09  -0.00344241979 
281170.663      374947.105      9.96556558e-09  -0.00659530562 
281170.663      374947.105      1.77215601e-08  -0.0122020176  
281170.663      374947.105      3.15138854e-08  -0.022172318   
281170.663      374947.105      5.60404936e-08  -0.039902298   
281170.663      374947.105      9.96556558e-08  -0.0714311563  
281170.663      374947.105      1.77215601e-07  -0.127498276   
281170.663      374947.105      3.15138854e-07  -0.227201281   
281170.663      374947.105      5.60404936e-07  -0.404501081   
281170.663      374947.105      9.96556558e-07  -0.719789667   
281170.663      374947.105      1.77215601e-06  -1.28046087    
281170.663      374947.105      3.15138854e-06  -2.27749095    
281170.663      374947.105      5.60404936e-06  -4.05048904    
281170.663      374947.105      9.96556558e-06  -7.20337519    
281170.663      374947.105      1.77215601e-05  -12.8100882    
281170.663      374947.105      3.15138854e-05  -22.7803918    
281170.663      374947.105      5.60404936e-05  -40.5103818    
281170.663      374947.105      9.96556558e-05  -72.0392719    
374947.105      500000          0               1.51107127e-10 
374947.105      500000          1.77215601e-10  -9.30381358e-05
374947.105      500000          3.15138854e-10  -0.000165447919
374947.105      500000          5.60404936e-10  -0.000294212745
374947.105      500000          9.96556558e-10  -0.000523192584
374947.105      500000          1.77215601e-09  -0.000930382717
374947.105      500000          3.15138854e-09  -0.00165448055 
374947.105      500000          5.60404936e-09  -0.00294212881 
374947.105      500000          9.96556558e-09  -0.0052319272  
374947.105      500000          1.77215601e-08  -0.00930382853 
374947.105      500000          3.15138854e-08  -0.0165448068  
374947.105      500000          5.60404936e-08  -0.0294212895  
374947.105      500000          9.96556558e-08  -0.0523192734  
374947.105      500000          1.77215601e-07  -0.0930382867  
374947.105      500000          3.15138854e-07  -0.16544807    
374947.105      500000          5.60404936e-07  -0.294212896   
374947.105      500000          9.96556558e-07  -0.523192735   
374947.105      500000          1.77215601e-06  -0.930382868   
374947.105      500000          3.15138854e-06  -1.6544807     
374947.105      500000          5.60404936e-06  -2.94212896    
374947.105      500000          9.96556558e-06  -5.23192735    
374947.105      500000          1.77215601e-05  -9.30382869    
374947.105      500000          3.15138854e-05  -16.544807     
374947.105      500000          5.60404936e-05  -29.4212896    
374947.105      500000          9.96556558e-05  -52.3192735    
