### /nfs/slac/g/ki/ki20/cta/mdwood/fermi/dsph_pipeline/des_dwarfs/v6/p302_6yr_source_psf0123_point_gs_jsigma0.6/results/like_horologium_I.txt
#[0]emin(MeV) [1]emax(MeV) [2]eflux(MeV/cm^2/s) [3]deltaLogLike
500             666.760716      0               0.000455950965 
500             666.760716      1.77215601e-10  -0.000390150402
500             666.760716      3.15138854e-10  -0.0010583848  
500             666.760716      5.60404936e-10  -0.00226770426 
500             666.760716      9.96556558e-10  -0.00448452267 
500             666.760716      1.77215601e-09  -0.00863558144 
500             666.760716      3.15138854e-09  -0.0166738337  
500             666.760716      5.60404936e-09  -0.0330209717  
500             666.760716      9.96556558e-09  -0.0684565015  
500             666.760716      1.77215601e-08  -0.150932858   
500             666.760716      3.15138854e-08  -0.355741976   
500             666.760716      5.60404936e-08  -0.887567471   
500             666.760716      9.96556558e-08  -2.29258803    
500             666.760716      1.77215601e-07  -5.97028838    
500             666.760716      3.15138854e-07  -15.3216204    
500             666.760716      5.60404936e-07  -38.1656379    
500             666.760716      9.96556558e-07  -91.5763879    
500             666.760716      1.77215601e-06  -211.184378    
500             666.760716      3.15138854e-06  -468.488418    
500             666.760716      5.60404936e-06  -1002.28523    
500             666.760716      9.96556558e-06  -2074.88609    
500             666.760716      1.77215601e-05  -4172.0876     
500             666.760716      3.15138854e-05  -8180.77992    
500             666.760716      5.60404936e-05  -15704.4507    
500             666.760716      9.96556558e-05  -29623.2978    
666.760716      889.139705      0               -0.245368041   
666.760716      889.139705      1.77215601e-10  -0.242005466   
666.760716      889.139705      3.15138854e-10  -0.239406371   
666.760716      889.139705      5.60404936e-10  -0.234823119   
666.760716      889.139705      9.96556558e-10  -0.2267946     
666.760716      889.139705      1.77215601e-09  -0.2129001     
666.760716      889.139705      3.15138854e-09  -0.189386524   
666.760716      889.139705      5.60404936e-09  -0.151271129   
666.760716      889.139705      9.96556558e-09  -0.0947642999  
666.760716      889.139705      1.77215601e-08  -0.0277853666  
666.760716      889.139705      3.15138854e-08  -0.00445030164 
666.760716      889.139705      5.60404936e-08  -0.221808614   
666.760716      889.139705      9.96556558e-08  -1.25916403    
666.760716      889.139705      1.77215601e-07  -4.60999466    
666.760716      889.139705      3.15138854e-07  -13.7728264    
666.760716      889.139705      5.60404936e-07  -36.3849863    
666.760716      889.139705      9.96556558e-07  -88.3075788    
666.760716      889.139705      1.77215601e-06  -201.333008    
666.760716      889.139705      3.15138854e-06  -437.429511    
666.760716      889.139705      5.60404936e-06  -914.48709     
666.760716      889.139705      9.96556558e-06  -1852.19504    
666.760716      889.139705      1.77215601e-05  -3653.3948     
666.760716      889.139705      3.15138854e-05  -7048.36637    
666.760716      889.139705      5.60404936e-05  -13351.0949    
666.760716      889.139705      9.96556558e-05  -24914.7651    
889.139705      1185.68685      0               -0.290687965   
889.139705      1185.68685      1.77215601e-10  -0.286609973   
889.139705      1185.68685      3.15138854e-10  -0.283458893   
889.139705      1185.68685      5.60404936e-10  -0.277904398   
889.139705      1185.68685      9.96556558e-10  -0.268181195   
889.139705      1185.68685      1.77215601e-09  -0.251374345   
889.139705      1185.68685      3.15138854e-09  -0.222994512   
889.139705      1185.68685      5.60404936e-09  -0.177173844   
889.139705      1185.68685      9.96556558e-09  -0.109751337   
889.139705      1185.68685      1.77215601e-08  -0.0311191455  
889.139705      1185.68685      3.15138854e-08  -0.00678987945 
889.139705      1185.68685      5.60404936e-08  -0.265549525   
889.139705      1185.68685      9.96556558e-08  -1.44936137    
889.139705      1185.68685      1.77215601e-07  -5.12708058    
889.139705      1185.68685      3.15138854e-07  -14.7781782    
889.139705      1185.68685      5.60404936e-07  -37.6289994    
889.139705      1185.68685      9.96556558e-07  -88.0545474    
889.139705      1185.68685      1.77215601e-06  -193.824184    
889.139705      1185.68685      3.15138854e-06  -407.446706    
889.139705      1185.68685      5.60404936e-06  -826.602473    
889.139705      1185.68685      9.96556558e-06  -1630.70582    
889.139705      1185.68685      1.77215601e-05  -3146.00759    
889.139705      1185.68685      3.15138854e-05  -5961.22032    
889.139705      1185.68685      5.60404936e-05  -11132.8349    
889.139705      1185.68685      9.96556558e-05  -20549.9019    
1185.68685      1581.13883      0               0.000306665843 
1185.68685      1581.13883      1.77215601e-10  -0.00255320992 
1185.68685      1581.13883      3.15138854e-10  -0.00481817553 
1185.68685      1581.13883      5.60404936e-10  -0.00892972995 
1185.68685      1581.13883      9.96556558e-10  -0.016502149   
1185.68685      1581.13883      1.77215601e-09  -0.0307709202  
1185.68685      1581.13883      3.15138854e-09  -0.0585670577  
1185.68685      1581.13883      5.60404936e-09  -0.115072357   
1185.68685      1581.13883      9.96556558e-09  -0.235223219   
1185.68685      1581.13883      1.77215601e-08  -0.499857343   
1185.68685      1581.13883      3.15138854e-08  -1.09154586    
1185.68685      1581.13883      5.60404936e-08  -2.4063283     
1185.68685      1581.13883      9.96556558e-08  -5.27076375    
1185.68685      1581.13883      1.77215601e-07  -11.3618876    
1185.68685      1581.13883      3.15138854e-07  -24.0119479    
1185.68685      1581.13883      5.60404936e-07  -49.7154525    
1185.68685      1581.13883      9.96556558e-07  -100.891478    
1185.68685      1581.13883      1.77215601e-06  -200.896763    
1185.68685      1581.13883      3.15138854e-06  -393.076024    
1185.68685      1581.13883      5.60404936e-06  -756.96911     
1185.68685      1581.13883      9.96556558e-06  -1437.12995    
1185.68685      1581.13883      1.77215601e-05  -2694.2662     
1185.68685      1581.13883      3.15138854e-05  -4996.07877    
1185.68685      1581.13883      5.60404936e-05  -9178.81859    
1185.68685      1581.13883      9.96556558e-05  -16734.7424    
1581.13883      2108.48252      0               4.62338476e-05 
1581.13883      2108.48252      1.77215601e-10  -0.0050856173  
1581.13883      2108.48252      3.15138854e-10  -0.00908616118 
1581.13883      2108.48252      5.60404936e-10  -0.0162143417  
1581.13883      2108.48252      9.96556558e-10  -0.0289347048  
1581.13883      2108.48252      1.77215601e-09  -0.0516950745  
1581.13883      2108.48252      3.15138854e-09  -0.0926087549  
1581.13883      2108.48252      5.60404936e-09  -0.16673559    
1581.13883      2108.48252      9.96556558e-09  -0.302787897   
1581.13883      2108.48252      1.77215601e-08  -0.557580191   
1581.13883      2108.48252      3.15138854e-08  -1.04858728    
1581.13883      2108.48252      5.60404936e-08  -2.0286094     
1581.13883      2108.48252      9.96556558e-08  -4.05303864    
1581.13883      2108.48252      1.77215601e-07  -8.33143152    
1581.13883      2108.48252      3.15138854e-07  -17.4080287    
1581.13883      2108.48252      5.60404936e-07  -36.3977936    
1581.13883      2108.48252      9.96556558e-07  -75.1850132    
1581.13883      2108.48252      1.77215601e-06  -152.351694    
1581.13883      2108.48252      3.15138854e-06  -302.202493    
1581.13883      2108.48252      5.60404936e-06  -587.265572    
1581.13883      2108.48252      9.96556558e-06  -1120.50174    
1581.13883      2108.48252      1.77215601e-05  -2104.80182    
1581.13883      2108.48252      3.15138854e-05  -3903.22507    
1581.13883      2108.48252      5.60404936e-05  -7163.85833    
1581.13883      2108.48252      9.96556558e-05  -13041.8421    
2108.48252      2811.70663      0               3.78713594e-09 
2108.48252      2811.70663      1.77215601e-10  -0.0023464759  
2108.48252      2811.70663      3.15138854e-10  -0.00419357889 
2108.48252      2811.70663      5.60404936e-10  -0.00752312722 
2108.48252      2811.70663      9.96556558e-10  -0.0135846564  
2108.48252      2811.70663      1.77215601e-09  -0.0248015623  
2108.48252      2811.70663      3.15138854e-09  -0.0460949072  
2108.48252      2811.70663      5.60404936e-09  -0.0880184843  
2108.48252      2811.70663      9.96556558e-09  -0.174394255   
2108.48252      2811.70663      1.77215601e-08  -0.360656851   
2108.48252      2811.70663      3.15138854e-08  -0.775313115   
2108.48252      2811.70663      5.60404936e-08  -1.70484814    
2108.48252      2811.70663      9.96556558e-08  -3.75101502    
2108.48252      2811.70663      1.77215601e-07  -8.10851601    
2108.48252      2811.70663      3.15138854e-07  -17.0639535    
2108.48252      2811.70663      5.60404936e-07  -34.9147754    
2108.48252      2811.70663      9.96556558e-07  -69.6513322    
2108.48252      2811.70663      1.77215601e-06  -135.980924    
2108.48252      2811.70663      3.15138854e-06  -260.707966    
2108.48252      2811.70663      5.60404936e-06  -492.287075    
2108.48252      2811.70663      9.96556558e-06  -917.799785    
2108.48252      2811.70663      1.77215601e-05  -1693.13699    
2108.48252      2811.70663      3.15138854e-05  -3096.65795    
2108.48252      2811.70663      5.60404936e-05  -5624.58891    
2108.48252      2811.70663      9.96556558e-05  -10160.6659    
2811.70663      3749.47105      0               -0.0763826216  
2811.70663      3749.47105      1.77215601e-10  -0.0734363587  
2811.70663      3749.47105      3.15138854e-10  -0.0711905078  
2811.70663      3749.47105      5.60404936e-10  -0.0672974076  
2811.70663      3749.47105      9.96556558e-10  -0.0606866792  
2811.70663      3749.47105      1.77215601e-09  -0.0498862743  
2811.70663      3749.47105      3.15138854e-09  -0.0335332449  
2811.70663      3749.47105      5.60404936e-09  -0.0126464797  
2811.70663      3749.47105      9.96556558e-09  0.00234939039  
2811.70663      3749.47105      1.77215601e-08  -0.0258971257  
2811.70663      3749.47105      3.15138854e-08  -0.198137433   
2811.70663      3749.47105      5.60404936e-08  -0.744678223   
2811.70663      3749.47105      9.96556558e-08  -2.13985395    
2811.70663      3749.47105      1.77215601e-07  -5.30792696    
2811.70663      3749.47105      3.15138854e-07  -12.0067078    
2811.70663      3749.47105      5.60404936e-07  -25.5343467    
2811.70663      3749.47105      9.96556558e-07  -52.0011181    
2811.70663      3749.47105      1.77215601e-06  -102.594794    
2811.70663      3749.47105      3.15138854e-06  -197.615886    
2811.70663      3749.47105      5.60404936e-06  -373.67251     
2811.70663      3749.47105      9.96556558e-06  -696.500957    
2811.70663      3749.47105      1.77215601e-05  -1283.78207    
2811.70663      3749.47105      3.15138854e-05  -2345.71382    
2811.70663      3749.47105      5.60404936e-05  -4257.14059    
2811.70663      3749.47105      9.96556558e-05  -7685.77866    
3749.47105      5000            0               -0.475918568   
3749.47105      5000            1.77215601e-10  -0.469022016   
3749.47105      5000            3.15138854e-10  -0.463711875   
3749.47105      5000            5.60404936e-10  -0.454391019   
3749.47105      5000            9.96556558e-10  -0.438193641   
3749.47105      5000            1.77215601e-09  -0.410540411   
3749.47105      5000            3.15138854e-09  -0.364775274   
3749.47105      5000            5.60404936e-09  -0.293074625   
3749.47105      5000            9.96556558e-09  -0.191334237   
3749.47105      5000            1.77215601e-08  -0.0731314887  
3749.47105      5000            3.15138854e-08  -0.000114692923
3749.47105      5000            5.60404936e-08  -0.138631414   
3749.47105      5000            9.96556558e-08  -0.858821367   
3749.47105      5000            1.77215601e-07  -2.9053934     
3749.47105      5000            3.15138854e-07  -7.69248701    
3749.47105      5000            5.60404936e-07  -17.824253     
3749.47105      5000            9.96556558e-07  -38.0352184    
3749.47105      5000            1.77215601e-06  -76.8917928    
3749.47105      5000            3.15138854e-06  -149.837075    
3749.47105      5000            5.60404936e-06  -284.601384    
3749.47105      5000            9.96556558e-06  -530.817347    
3749.47105      5000            1.77215601e-05  -977.128895    
3749.47105      5000            3.15138854e-05  -1781.63006    
3749.47105      5000            5.60404936e-05  -3225.98175    
3749.47105      5000            9.96556558e-05  -5811.59784    
5000            6667.60716      0               4.15876329e-05 
5000            6667.60716      1.77215601e-10  -0.00457136849 
5000            6667.60716      3.15138854e-10  -0.00816297951 
5000            6667.60716      5.60404936e-10  -0.0145529806  
5000            6667.60716      9.96556558e-10  -0.0259260073  
5000            6667.60716      1.77215601e-09  -0.0461813384  
5000            6667.60716      3.15138854e-09  -0.0822979493  
5000            6667.60716      5.60404936e-09  -0.146825734   
5000            6667.60716      9.96556558e-09  -0.262506964   
5000            6667.60716      1.77215601e-08  -0.471046608   
5000            6667.60716      3.15138854e-08  -0.85019692    
5000            6667.60716      5.60404936e-08  -1.54772101    
5000            6667.60716      9.96556558e-08  -2.84893409    
5000            6667.60716      1.77215601e-07  -5.30718246    
5000            6667.60716      3.15138854e-07  -9.98359314    
5000            6667.60716      5.60404936e-07  -18.8685282    
5000            6667.60716      9.96556558e-07  -35.6124408    
5000            6667.60716      1.77215601e-06  -66.8082422    
5000            6667.60716      3.15138854e-06  -124.266681    
5000            6667.60716      5.60404936e-06  -229.061788    
5000            6667.60716      9.96556558e-06  -418.725842    
5000            6667.60716      1.77215601e-05  -760.06045     
5000            6667.60716      3.15138854e-05  -1371.94981    
5000            6667.60716      5.60404936e-05  -2465.95164    
5000            6667.60716      9.96556558e-05  -4418.47886    
6667.60716      8891.39705      0               8.28390512e-09 
6667.60716      8891.39705      1.77215601e-10  -0.00510091899 
6667.60716      8891.39705      3.15138854e-10  -0.00907098443 
6667.60716      8891.39705      5.60404936e-10  -0.0161311267  
6667.60716      8891.39705      9.96556558e-10  -0.0286868435  
6667.60716      8891.39705      1.77215601e-09  -0.0510169774  
6667.60716      8891.39705      3.15138854e-09  -0.0907342757  
6667.60716      8891.39705      5.60404936e-09  -0.161388177   
6667.60716      8891.39705      9.96556558e-09  -0.287110434   
6667.60716      8891.39705      1.77215601e-08  -0.510929062   
6667.60716      8891.39705      3.15138854e-08  -0.909711741   
6667.60716      8891.39705      5.60404936e-08  -1.62120089    
6667.60716      8891.39705      9.96556558e-08  -2.89334903    
6667.60716      8891.39705      1.77215601e-07  -5.17514528    
6667.60716      8891.39705      3.15138854e-07  -9.28452487    
6667.60716      8891.39705      5.60404936e-07  -16.7168756    
6667.60716      8891.39705      9.96556558e-07  -30.2024083    
6667.60716      8891.39705      1.77215601e-06  -54.6946871    
6667.60716      8891.39705      3.15138854e-06  -99.1089211    
6667.60716      8891.39705      5.60404936e-06  -179.390074    
6667.60716      8891.39705      9.96556558e-06  -323.96764     
6667.60716      8891.39705      1.77215601e-05  -583.480118    
6667.60716      8891.39705      3.15138854e-05  -1048.09143    
6667.60716      8891.39705      5.60404936e-05  -1878.28796    
6667.60716      8891.39705      9.96556558e-05  -3359.63636    
8891.39705      11856.8685      0               0.00199036753  
8891.39705      11856.8685      1.77215601e-10  0.00178146635  
8891.39705      11856.8685      3.15138854e-10  0.00160824594  
8891.39705      11856.8685      5.60404936e-10  0.00127739827  
8891.39705      11856.8685      9.96556558e-10  0.000617765235 
8891.39705      11856.8685      1.77215601e-09  -0.000776045025
8891.39705      11856.8685      3.15138854e-09  -0.00392785935 
8891.39705      11856.8685      5.60404936e-09  -0.0115316663  
8891.39705      11856.8685      9.96556558e-09  -0.0307354279  
8891.39705      11856.8685      1.77215601e-08  -0.0799703311  
8891.39705      11856.8685      3.15138854e-08  -0.20380051    
8891.39705      11856.8685      5.60404936e-08  -0.500680739   
8891.39705      11856.8685      9.96556558e-08  -1.16850754    
8891.39705      11856.8685      1.77215601e-07  -2.57737306    
8891.39705      11856.8685      3.15138854e-07  -5.39482432    
8891.39705      11856.8685      5.60404936e-07  -10.813212     
8891.39705      11856.8685      9.96556558e-07  -20.9591648    
8891.39705      11856.8685      1.77215601e-06  -39.6202289    
8891.39705      11856.8685      3.15138854e-06  -73.5355254    
8891.39705      11856.8685      5.60404936e-06  -134.699138    
8891.39705      11856.8685      9.96556558e-06  -244.472063    
8891.39705      11856.8685      1.77215601e-05  -440.910751    
8891.39705      11856.8685      3.15138854e-05  -791.813955    
8891.39705      11856.8685      5.60404936e-05  -1417.93035    
8891.39705      11856.8685      9.96556558e-05  -2534.21104    
11856.8685      15811.3883      0               5.10374321e-09 
11856.8685      15811.3883      1.77215601e-10  -0.00314240084 
11856.8685      15811.3883      3.15138854e-10  -0.00558808978 
11856.8685      15811.3883      5.60404936e-10  -0.00993724936 
11856.8685      15811.3883      9.96556558e-10  -0.0176714008  
11856.8685      15811.3883      1.77215601e-09  -0.0314252955  
11856.8685      15811.3883      3.15138854e-09  -0.0558848658  
11856.8685      15811.3883      5.60404936e-09  -0.0993849269  
11856.8685      15811.3883      9.96556558e-09  -0.17675314    
11856.8685      15811.3883      1.77215601e-08  -0.314376123   
11856.8685      15811.3883      3.15138854e-08  -0.559235386   
11856.8685      15811.3883      5.60404936e-08  -0.995057434   
11856.8685      15811.3883      9.96556558e-08  -1.7712723     
11856.8685      15811.3883      1.77215601e-07  -3.15517078    
11856.8685      15811.3883      3.15138854e-07  -5.6263088     
11856.8685      15811.3883      5.60404936e-07  -10.0478842    
11856.8685      15811.3883      9.96556558e-07  -17.9770277    
11856.8685      15811.3883      1.77215601e-06  -32.2213821    
11856.8685      15811.3883      3.15138854e-06  -57.826748     
11856.8685      15811.3883      5.60404936e-06  -103.821528    
11856.8685      15811.3883      9.96556558e-06  -186.304591    
11856.8685      15811.3883      1.77215601e-05  -333.930967    
11856.8685      15811.3883      3.15138854e-05  -597.674147    
11856.8685      15811.3883      5.60404936e-05  -1068.20242    
11856.8685      15811.3883      9.96556558e-05  -1906.79989    
15811.3883      21084.8252      0               4.05862011e-09 
15811.3883      21084.8252      1.77215601e-10  -0.00249887007 
15811.3883      21084.8252      3.15138854e-10  -0.00444369339 
15811.3883      21084.8252      5.60404936e-10  -0.0079021349  
15811.3883      21084.8252      9.96556558e-10  -0.0140522173  
15811.3883      21084.8252      1.77215601e-09  -0.0249888046  
15811.3883      21084.8252      3.15138854e-09  -0.0444371836  
15811.3883      21084.8252      5.60404936e-09  -0.0790220593  
15811.3883      21084.8252      9.96556558e-09  -0.140524339   
15811.3883      21084.8252      1.77215601e-08  -0.249894811   
15811.3883      21084.8252      3.15138854e-08  -0.444393117   
15811.3883      21084.8252      5.60404936e-08  -0.790287634   
15811.3883      21084.8252      9.96556558e-08  -1.40545433    
15811.3883      21084.8252      1.77215601e-07  -2.49960959    
15811.3883      21084.8252      3.15138854e-07  -4.44599276    
15811.3883      21084.8252      5.60404936e-07  -7.90923323    
15811.3883      21084.8252      9.96556558e-07  -14.0737957    
15811.3883      21084.8252      1.77215601e-06  -25.0527401    
15811.3883      21084.8252      3.15138854e-06  -44.6194274    
15811.3883      21084.8252      5.60404936e-06  -79.5147617    
15811.3883      21084.8252      9.96556558e-06  -141.773466    
15811.3883      21084.8252      1.77215601e-05  -252.851645    
15811.3883      21084.8252      3.15138854e-05  -450.952517    
15811.3883      21084.8252      5.60404936e-05  -804.051053    
15811.3883      21084.8252      9.96556558e-05  -1433.06957    
21084.8252      28117.0663      0               3.13025339e-09 
21084.8252      28117.0663      1.77215601e-10  -0.00192730757 
21084.8252      28117.0663      3.15138854e-10  -0.00342729381 
21084.8252      28117.0663      5.60404936e-10  -0.00609468846 
21084.8252      28117.0663      9.96556558e-10  -0.0108380615  
21084.8252      28117.0663      1.77215601e-09  -0.0192731041  
21084.8252      28117.0663      3.15138854e-09  -0.034272967   
21084.8252      28117.0663      5.60404936e-09  -0.060946915   
21084.8252      28117.0663      9.96556558e-09  -0.10838065    
21084.8252      28117.0663      1.77215601e-08  -0.192731092   
21084.8252      28117.0663      3.15138854e-08  -0.342729769   
21084.8252      28117.0663      5.60404936e-08  -0.609469401   
21084.8252      28117.0663      9.96556558e-08  -1.08380723    
21084.8252      28117.0663      1.77215601e-07  -1.92731317    
21084.8252      28117.0663      3.15138854e-07  -3.42730475    
21084.8252      28117.0663      5.60404936e-07  -6.09471627    
21084.8252      28117.0663      9.96556558e-07  -10.8381425    
21084.8252      28117.0663      1.77215601e-06  -19.2733524    
21084.8252      28117.0663      3.15138854e-06  -34.2737396    
21084.8252      28117.0663      5.60404936e-06  -60.9493194    
21084.8252      28117.0663      9.96556558e-06  -108.388073    
21084.8252      28117.0663      1.77215601e-05  -192.753653    
21084.8252      28117.0663      3.15138854e-05  -342.796604    
21084.8252      28117.0663      5.60404936e-05  -609.659938    
21084.8252      28117.0663      9.96556558e-05  -1084.32297    
28117.0663      37494.7105      0               1.27329984e-05 
28117.0663      37494.7105      1.77215601e-10  -0.00139931254 
28117.0663      37494.7105      3.15138854e-10  -0.00249827956 
28117.0663      37494.7105      5.60404936e-10  -0.00445255225 
28117.0663      37494.7105      9.96556558e-10  -0.00792780234 
28117.0663      37494.7105      1.77215601e-09  -0.0141077908  
28117.0663      37494.7105      3.15138854e-09  -0.0250976088  
28117.0663      37494.7105      5.60404936e-09  -0.0446408032  
28117.0663      37494.7105      9.96556558e-09  -0.0793947814  
28117.0663      37494.7105      1.77215601e-08  -0.141199332   
28117.0663      37494.7105      3.15138854e-08  -0.251112238   
28117.0663      37494.7105      5.60404936e-08  -0.446590585   
28117.0663      37494.7105      9.96556558e-08  -0.794276181   
28117.0663      37494.7105      1.77215601e-07  -1.41277769    
28117.0663      37494.7105      3.15138854e-07  -2.51332095    
28117.0663      37494.7105      5.60404936e-07  -4.47242782    
28117.0663      37494.7105      9.96556558e-07  -7.96218986    
28117.0663      37494.7105      1.77215601e-06  -14.1842965    
28117.0663      37494.7105      3.15138854e-06  -25.2904498    
28117.0663      37494.7105      5.60404936e-06  -45.1345469    
28117.0663      37494.7105      9.96556558e-06  -80.6092462    
28117.0663      37494.7105      1.77215601e-05  -144.010352    
28117.0663      37494.7105      3.15138854e-05  -257.224175    
28117.0663      37494.7105      5.60404936e-05  -459.169535    
28117.0663      37494.7105      9.96556558e-05  -819.047007    
37494.7105      50000           0               1.79562676e-09 
37494.7105      50000           1.77215601e-10  -0.001105601   
37494.7105      50000           3.15138854e-10  -0.0019660689  
37494.7105      50000           5.60404936e-10  -0.00349622128 
37494.7105      50000           9.96556558e-10  -0.00621725982 
37494.7105      50000           1.77215601e-09  -0.0110560269  
37494.7105      50000           3.15138854e-09  -0.0196607074  
37494.7105      50000           5.60404936e-09  -0.034962236   
37494.7105      50000           9.96556558e-09  -0.0621726367  
37494.7105      50000           1.77215601e-08  -0.110560356   
37494.7105      50000           3.15138854e-08  -0.196607314   
37494.7105      50000           5.60404936e-08  -0.349623083   
37494.7105      50000           9.96556558e-08  -0.621728618   
37494.7105      50000           1.77215601e-07  -1.10561063    
37494.7105      50000           3.15138854e-07  -1.96609543    
37494.7105      50000           5.60404936e-07  -3.496301      
37494.7105      50000           9.96556558e-07  -6.21750647    
37494.7105      50000           1.77215601e-06  -11.0567943    
37494.7105      50000           3.15138854e-06  -19.6630834    
37494.7105      50000           5.60404936e-06  -34.9694964    
37494.7105      50000           9.96556558e-06  -62.1943262    
37494.7105      50000           1.77215601e-05  -110.622906    
37494.7105      50000           3.15138854e-05  -196.778909    
37494.7105      50000           5.60404936e-05  -350.064897    
37494.7105      50000           9.96556558e-05  -622.78842     
50000           66676.0716      0               1.34994593e-09 
50000           66676.0716      1.77215601e-10  -0.000831172229
50000           66676.0716      3.15138854e-10  -0.00147805751 
50000           66676.0716      5.60404936e-10  -0.00262840029 
50000           66676.0716      9.96556558e-10  -0.00467403117 
50000           66676.0716      1.77215601e-09  -0.00831173446 
50000           66676.0716      3.15138854e-09  -0.0147805873  
50000           66676.0716      5.60404936e-09  -0.0262840153  
50000           66676.0716      9.96556558e-09  -0.0467403246  
50000           66676.0716      1.77215601e-08  -0.083117359   
50000           66676.0716      3.15138854e-08  -0.147805893   
50000           66676.0716      5.60404936e-08  -0.262840187   
50000           66676.0716      9.96556558e-08  -0.467403328   
50000           66676.0716      1.77215601e-07  -0.831173822   
50000           66676.0716      3.15138854e-07  -1.47805963    
50000           66676.0716      5.60404936e-07  -2.62840409    
50000           66676.0716      9.96556558e-07  -4.67404025    
50000           66676.0716      1.77215601e-06  -8.3117602     
50000           66676.0716      3.15138854e-06  -14.7806656    
50000           66676.0716      5.60404936e-06  -26.2842588    
50000           66676.0716      9.96556558e-06  -46.7410853    
50000           66676.0716      1.77215601e-05  -83.1197275    
50000           66676.0716      3.15138854e-05  -147.813196    
50000           66676.0716      5.60404936e-05  -262.862323    
50000           66676.0716      9.96556558e-05  -467.468599    
66676.0716      88913.9705      0               0.000391850295 
66676.0716      88913.9705      1.77215601e-10  -0.000229043095
66676.0716      88913.9705      3.15138854e-10  -0.000712271636
66676.0716      88913.9705      5.60404936e-10  -0.001571587   
66676.0716      88913.9705      9.96556558e-10  -0.00309968982 
66676.0716      88913.9705      1.77215601e-09  -0.00581708361 
66676.0716      88913.9705      3.15138854e-09  -0.010649369   
66676.0716      88913.9705      5.60404936e-09  -0.0192425227  
66676.0716      88913.9705      9.96556558e-09  -0.0345235509  
66676.0716      88913.9705      1.77215601e-08  -0.0616974889  
66676.0716      88913.9705      3.15138854e-08  -0.110020343   
66676.0716      88913.9705      5.60404936e-08  -0.195951881   
66676.0716      88913.9705      9.96556558e-08  -0.348762166   
66676.0716      88913.9705      1.77215601e-07  -0.620501555   
66676.0716      88913.9705      3.15138854e-07  -1.10373013    
66676.0716      88913.9705      5.60404936e-07  -1.9630456     
66676.0716      88913.9705      9.96556558e-07  -3.49114874    
66676.0716      88913.9705      1.77215601e-06  -6.20854354    
66676.0716      88913.9705      3.15138854e-06  -11.0408322    
66676.0716      88913.9705      5.60404936e-06  -19.633996     
66676.0716      88913.9705      9.96556558e-06  -34.9150562    
66676.0716      88913.9705      1.77215601e-05  -62.0890946    
66676.0716      88913.9705      3.15138854e-05  -110.412264    
66676.0716      88913.9705      5.60404936e-05  -196.34478     
66676.0716      88913.9705      9.96556558e-05  -349.158068    
88913.9705      118568.685      0               7.53246354e-10 
88913.9705      118568.685      1.77215601e-10  -0.000463778602
88913.9705      118568.685      3.15138854e-10  -0.000824728525
88913.9705      118568.685      5.60404936e-10  -0.00146659834 
88913.9705      118568.685      9.96556558e-10  -0.00260802222 
88913.9705      118568.685      1.77215601e-09  -0.0046377928  
88913.9705      118568.685      3.15138854e-09  -0.00824729203 
88913.9705      118568.685      5.60404936e-09  -0.0146659902  
88913.9705      118568.685      9.96556558e-09  -0.026080229   
88913.9705      118568.685      1.77215601e-08  -0.0463779349  
88913.9705      118568.685      3.15138854e-08  -0.0824729276  
88913.9705      118568.685      5.60404936e-08  -0.14665991    
88913.9705      118568.685      9.96556558e-08  -0.260802302   
88913.9705      118568.685      1.77215601e-07  -0.463779372   
88913.9705      118568.685      3.15138854e-07  -0.824729334   
88913.9705      118568.685      5.60404936e-07  -1.46659927    
88913.9705      118568.685      9.96556558e-07  -2.60802353    
88913.9705      118568.685      1.77215601e-06  -4.63779533    
88913.9705      118568.685      3.15138854e-06  -8.2472984     
88913.9705      118568.685      5.60404936e-06  -14.6660087    
88913.9705      118568.685      9.96556558e-06  -26.0802858    
88913.9705      118568.685      1.77215601e-05  -46.3781121    
88913.9705      118568.685      3.15138854e-05  -82.4734825    
88913.9705      118568.685      5.60404936e-05  -146.661644    
88913.9705      118568.685      9.96556558e-05  -260.807672    
118568.685      158113.883      0               0.00145590333  
118568.685      158113.883      1.77215601e-10  0.00112634543  
118568.685      158113.883      3.15138854e-10  0.000869857115 
118568.685      158113.883      5.60404936e-10  0.000413748845 
118568.685      158113.883      9.96556558e-10  -0.000397340318
118568.685      158113.883      1.77215601e-09  -0.00183968733 
118568.685      158113.883      3.15138854e-09  -0.00440459551 
118568.685      158113.883      5.60404936e-09  -0.00896575744 
118568.685      158113.883      9.96556558e-09  -0.0170768995  
118568.685      158113.883      1.77215601e-08  -0.0315011612  
118568.685      158113.883      3.15138854e-08  -0.0571527432  
118568.685      158113.883      5.60404936e-08  -0.102772253   
118568.685      158113.883      9.96556558e-08  -0.183908541   
118568.685      158113.883      1.77215601e-07  -0.328229313   
118568.685      158113.883      3.15138854e-07  -0.584989621   
118568.685      158113.883      5.60404936e-07  -1.04194331    
118568.685      158113.883      9.96556558e-07  -1.85562708    
118568.685      158113.883      1.77215601e-06  -3.30577079    
118568.685      158113.883      3.15138854e-06  -5.89333492    
118568.685      158113.883      5.60404936e-06  -10.5171377    
118568.685      158113.883      9.96556558e-06  -18.7902959    
118568.685      158113.883      1.77215601e-05  -33.601884     
118568.685      158113.883      3.15138854e-05  -60.1081075    
118568.685      158113.883      5.60404936e-05  -107.485054    
118568.685      158113.883      9.96556558e-05  -192.042955    
158113.883      210848.252      0               4.19838386e-10 
158113.883      210848.252      1.77215601e-10  -0.000258498157
158113.883      210848.252      3.15138854e-10  -0.000459682276
158113.883      210848.252      5.60404936e-10  -0.000817443854
158113.883      210848.252      9.96556558e-10  -0.0014536439  
158113.883      210848.252      1.77215601e-09  -0.00258498535 
158113.883      210848.252      3.15138854e-09  -0.00459682654 
158113.883      210848.252      5.60404936e-09  -0.00817444232 
158113.883      210848.252      9.96556558e-09  -0.0145364428  
158113.883      210848.252      1.77215601e-08  -0.0258498572  
158113.883      210848.252      3.15138854e-08  -0.0459682692  
158113.883      210848.252      5.60404936e-08  -0.081744427   
158113.883      210848.252      9.96556558e-08  -0.145364432   
158113.883      210848.252      1.77215601e-07  -0.258498576   
158113.883      210848.252      3.15138854e-07  -0.459682696   
158113.883      210848.252      5.60404936e-07  -0.817444273   
158113.883      210848.252      9.96556558e-07  -1.45364432    
158113.883      210848.252      1.77215601e-06  -2.58498577    
158113.883      210848.252      3.15138854e-06  -4.59682696    
158113.883      210848.252      5.60404936e-06  -8.17444274    
158113.883      210848.252      9.96556558e-06  -14.5364432    
158113.883      210848.252      1.77215601e-05  -25.8498577    
158113.883      210848.252      3.15138854e-05  -45.9682696    
158113.883      210848.252      5.60404936e-05  -81.7444274    
158113.883      210848.252      9.96556558e-05  -145.364432    
210848.252      281170.663      0               6.26717922e-05 
210848.252      281170.663      1.77215601e-10  -0.000130419841
210848.252      281170.663      3.15138854e-10  -0.000280699083
210848.252      281170.663      5.60404936e-10  -0.000547937566
210848.252      281170.663      9.96556558e-10  -0.00102316226 
210848.252      281170.663      1.77215601e-09  -0.00186824454 
210848.252      281170.663      3.15138854e-09  -0.00337103696 
210848.252      281170.663      5.60404936e-09  -0.00604342179 
210848.252      281170.663      9.96556558e-09  -0.0107956687  
210848.252      281170.663      1.77215601e-08  -0.0192464915  
210848.252      281170.663      3.15138854e-08  -0.0342744158  
210848.252      281170.663      5.60404936e-08  -0.060998264   
210848.252      281170.663      9.96556558e-08  -0.108520733   
210848.252      281170.663      1.77215601e-07  -0.193028961   
210848.252      281170.663      3.15138854e-07  -0.343308204   
210848.252      281170.663      5.60404936e-07  -0.610546687   
210848.252      281170.663      9.96556558e-07  -1.08577138    
210848.252      281170.663      1.77215601e-06  -1.93085366    
210848.252      281170.663      3.15138854e-06  -3.43364609    
210848.252      281170.663      5.60404936e-06  -6.10603092    
210848.252      281170.663      9.96556558e-06  -10.8582779    
210848.252      281170.663      1.77215601e-05  -19.3091008    
210848.252      281170.663      3.15138854e-05  -34.3370253    
210848.252      281170.663      5.60404936e-05  -61.0608743    
210848.252      281170.663      9.96556558e-05  -108.583346    
281170.663      374947.105      0               2.33094433e-10 
281170.663      374947.105      1.77215601e-10  -0.000143517913
281170.663      374947.105      3.15138854e-10  -0.000255215131
281170.663      374947.105      5.60404936e-10  -0.000453843994
281170.663      374947.105      9.96556558e-10  -0.000807061612
281170.663      374947.105      1.77215601e-09  -0.00143518123 
281170.663      374947.105      3.15138854e-09  -0.00255215341 
281170.663      374947.105      5.60404936e-09  -0.00453844204 
281170.663      374947.105      9.96556558e-09  -0.00807061822 
281170.663      374947.105      1.77215601e-08  -0.0143518144  
281170.663      374947.105      3.15138854e-08  -0.0255215362  
281170.663      374947.105      5.60404936e-08  -0.0453844225  
281170.663      374947.105      9.96556558e-08  -0.0807061843  
281170.663      374947.105      1.77215601e-07  -0.143518146   
281170.663      374947.105      3.15138854e-07  -0.255215364   
281170.663      374947.105      5.60404936e-07  -0.453844227   
281170.663      374947.105      9.96556558e-07  -0.807061845   
281170.663      374947.105      1.77215601e-06  -1.43518146    
281170.663      374947.105      3.15138854e-06  -2.55215364    
281170.663      374947.105      5.60404936e-06  -4.53844227    
281170.663      374947.105      9.96556558e-06  -8.07061845    
281170.663      374947.105      1.77215601e-05  -14.3518146    
281170.663      374947.105      3.15138854e-05  -25.5215364    
281170.663      374947.105      5.60404936e-05  -45.3844227    
281170.663      374947.105      9.96556558e-05  -80.7061845    
374947.105      500000          0               1.69382286e-10 
374947.105      500000          1.77215601e-10  -0.000104290043
374947.105      500000          3.15138854e-10  -0.000185456968
374947.105      500000          5.60404936e-10  -0.00032979444 
374947.105      500000          9.96556558e-10  -0.000586466794
374947.105      500000          1.77215601e-09  -0.00104290196 
374947.105      500000          3.15138854e-09  -0.00185457121 
374947.105      500000          5.60404936e-09  -0.00329794593 
374947.105      500000          9.96556558e-09  -0.00586466947 
374947.105      500000          1.77215601e-08  -0.0104290211  
374947.105      500000          3.15138854e-08  -0.0185457136  
374947.105      500000          5.60404936e-08  -0.0329794608  
374947.105      500000          9.96556558e-08  -0.0586466962  
374947.105      500000          1.77215601e-07  -0.104290212   
374947.105      500000          3.15138854e-07  -0.185457138   
374947.105      500000          5.60404936e-07  -0.329794609   
374947.105      500000          9.96556558e-07  -0.586466963   
374947.105      500000          1.77215601e-06  -1.04290213    
374947.105      500000          3.15138854e-06  -1.85457138    
374947.105      500000          5.60404936e-06  -3.2979461     
374947.105      500000          9.96556558e-06  -5.86466964    
374947.105      500000          1.77215601e-05  -10.4290213    
374947.105      500000          3.15138854e-05  -18.5457138    
374947.105      500000          5.60404936e-05  -32.979461     
374947.105      500000          9.96556558e-05  -58.6466964    
