### /nfs/slac/g/ki/ki20/cta/mdwood/fermi/dsph_pipeline/des_dwarfs/v6/p302_6yr_source_psf0123_point_gs_jsigma0.6/results/like_reticulum_III.txt
#[0]emin(MeV) [1]emax(MeV) [2]eflux(MeV/cm^2/s) [3]deltaLogLike
500             666.760716      0               -0.034253965   
500             666.760716      1.77215601e-10  -0.0332923833  
500             666.760716      3.15138854e-10  -0.0325534762  
500             666.760716      5.60404936e-10  -0.0312599529  
500             666.760716      9.96556558e-10  -0.0290243062  
500             666.760716      1.77215601e-09  -0.0252524197  
500             666.760716      3.15138854e-09  -0.0191860272  
500             666.760716      5.60404936e-09  -0.0104081502  
500             666.760716      9.96556558e-09  -0.0010589808  
500             666.760716      1.77215601e-08  -0.00371687461 
500             666.760716      3.15138854e-08  -0.0667414389  
500             666.760716      5.60404936e-08  -0.349855323   
500             666.760716      9.96556558e-08  -1.33285634    
500             666.760716      1.77215601e-07  -4.3432689     
500             666.760716      3.15138854e-07  -12.7679963    
500             666.760716      5.60404936e-07  -34.5988432    
500             666.760716      9.96556558e-07  -87.4485496    
500             666.760716      1.77215601e-06  -208.0909      
500             666.760716      3.15138854e-06  -470.236206    
500             666.760716      5.60404936e-06  -1017.06162    
500             666.760716      9.96556558e-06  -2119.84089    
500             666.760716      1.77215601e-05  -4282.63061    
500             666.760716      3.15138854e-05  -8428.40371    
500             666.760716      5.60404936e-05  -16229.4129    
500             666.760716      9.96556558e-05  -30693.0504    
666.760716      889.139705      0               0.00228437105  
666.760716      889.139705      1.77215601e-10  -0.00194201102 
666.760716      889.139705      3.15138854e-10  -0.00524182723 
666.760716      889.139705      5.60404936e-10  -0.0111325028  
666.760716      889.139705      9.96556558e-10  -0.0216792827  
666.760716      889.139705      1.77215601e-09  -0.0406593877  
666.760716      889.139705      3.15138854e-09  -0.0751163657  
666.760716      889.139705      5.60404936e-09  -0.138585099   
666.760716      889.139705      9.96556558e-09  -0.258203787   
666.760716      889.139705      1.77215601e-08  -0.491317951   
666.760716      889.139705      3.15138854e-08  -0.965716632   
666.760716      889.139705      5.60404936e-08  -1.97781196    
666.760716      889.139705      9.96556558e-08  -4.22660471    
666.760716      889.139705      1.77215601e-07  -9.34594126    
666.760716      889.139705      3.15138854e-07  -21.0451797    
666.760716      889.139705      5.60404936e-07  -47.4047665    
666.760716      889.139705      9.96556558e-07  -105.25867     
666.760716      889.139705      1.77215601e-06  -228.284581    
666.760716      889.139705      3.15138854e-06  -481.680502    
666.760716      889.139705      5.60404936e-06  -988.566907    
666.760716      889.139705      9.96556558e-06  -1977.31956    
666.760716      889.139705      1.77215601e-05  -3866.24214    
666.760716      889.139705      3.15138854e-05  -7414.58324    
666.760716      889.139705      5.60404936e-05  -13991.1184    
666.760716      889.139705      9.96556558e-05  -26051.1084    
889.139705      1185.68685      0               -0.917903987   
889.139705      1185.68685      1.77215601e-10  -0.910846098   
889.139705      1185.68685      3.15138854e-10  -0.905376348   
889.139705      1185.68685      5.60404936e-10  -0.895699748   
889.139705      1185.68685      9.96556558e-10  -0.878649946   
889.139705      1185.68685      1.77215601e-09  -0.848826169   
889.139705      1185.68685      3.15138854e-09  -0.797337398   
889.139705      1185.68685      5.60404936e-09  -0.710552771   
889.139705      1185.68685      9.96556558e-09  -0.570733968   
889.139705      1185.68685      1.77215601e-08  -0.364949544   
889.139705      1185.68685      3.15138854e-08  -0.120164661   
889.139705      1185.68685      5.60404936e-08  -0.00636795319 
889.139705      1185.68685      9.96556558e-08  -0.589110848   
889.139705      1185.68685      1.77215601e-07  -3.36739387    
889.139705      1185.68685      3.15138854e-07  -11.8195008    
889.139705      1185.68685      5.60404936e-07  -33.3587095    
889.139705      1185.68685      9.96556558e-07  -82.9436292    
889.139705      1185.68685      1.77215601e-06  -189.659151    
889.139705      1185.68685      3.15138854e-06  -408.577969    
889.139705      1185.68685      5.60404936e-06  -842.037108    
889.139705      1185.68685      9.96556558e-06  -1677.70172    
889.139705      1185.68685      1.77215601e-05  -3256.44018    
889.139705      1185.68685      3.15138854e-05  -6193.05447    
889.139705      1185.68685      5.60404936e-05  -11590.8612    
889.139705      1185.68685      9.96556558e-05  -21423.1383    
1185.68685      1581.13883      0               -0.0847251028  
1185.68685      1581.13883      1.77215601e-10  -0.0815855895  
1185.68685      1581.13883      3.15138854e-10  -0.0791891074  
1185.68685      1581.13883      5.60404936e-10  -0.0750280816  
1185.68685      1581.13883      9.96556558e-10  -0.0679426245  
1185.68685      1581.13883      1.77215601e-09  -0.0563134651  
1185.68685      1581.13883      3.15138854e-09  -0.0385852396  
1185.68685      1581.13883      5.60404936e-09  -0.0157899405  
1185.68685      1581.13883      9.96556558e-09  2.8124874e-05  
1185.68685      1581.13883      1.77215601e-08  -0.0374726456  
1185.68685      1581.13883      3.15138854e-08  -0.264293938   
1185.68685      1581.13883      5.60404936e-08  -1.02279435    
1185.68685      1581.13883      9.96556558e-08  -3.09175194    
1185.68685      1581.13883      1.77215601e-07  -8.13171439    
1185.68685      1581.13883      3.15138854e-07  -19.5352548    
1185.68685      1581.13883      5.60404936e-07  -44.009594     
1185.68685      1581.13883      9.96556558e-07  -94.4650267    
1185.68685      1581.13883      1.77215601e-06  -195.235265    
1185.68685      1581.13883      3.15138854e-06  -391.449969    
1185.68685      1581.13883      5.60404936e-06  -765.794027    
1185.68685      1581.13883      9.96556558e-06  -1468.44276    
1185.68685      1581.13883      1.77215601e-05  -2770.48615    
1185.68685      1581.13883      3.15138854e-05  -5159.1003     
1185.68685      1581.13883      5.60404936e-05  -9506.8163     
1185.68685      1581.13883      9.96556558e-05  -17372.3908    
1581.13883      2108.48252      0               0.000239331169 
1581.13883      2108.48252      1.77215601e-10  -0.00218639288 
1581.13883      2108.48252      3.15138854e-10  -0.00409344024 
1581.13883      2108.48252      5.60404936e-10  -0.00752585495 
1581.13883      2108.48252      9.96556558e-10  -0.0137585546  
1581.13883      2108.48252      1.77215601e-09  -0.0252429614  
1581.13883      2108.48252      3.15138854e-09  -0.0468972055  
1581.13883      2108.48252      5.60404936e-09  -0.0891121227  
1581.13883      2108.48252      9.96556558e-09  -0.1749827     
1581.13883      2108.48252      1.77215601e-08  -0.357650759   
1581.13883      2108.48252      3.15138854e-08  -0.760363244   
1581.13883      2108.48252      5.60404936e-08  -1.66402629    
1581.13883      2108.48252      9.96556558e-08  -3.68924917    
1581.13883      2108.48252      1.77215601e-07  -8.16024393    
1581.13883      2108.48252      3.15138854e-07  -17.8028144    
1581.13883      2108.48252      5.60404936e-07  -38.028612     
1581.13883      2108.48252      9.96556558e-07  -79.2361663    
1581.13883      2108.48252      1.77215601e-06  -160.905716    
1581.13883      2108.48252      3.15138854e-06  -318.909053    
1581.13883      2108.48252      5.60404936e-06  -618.566292    
1581.13883      2108.48252      9.96556558e-06  -1177.8826     
1581.13883      2108.48252      1.77215601e-05  -2208.8157     
1581.13883      2108.48252      3.15138854e-05  -4090.62896    
1581.13883      2108.48252      5.60404936e-05  -7500.40008    
1581.13883      2108.48252      9.96556558e-05  -13645.2069    
2108.48252      2811.70663      0               4.28657131e-05 
2108.48252      2811.70663      1.77215601e-10  -0.0047226207  
2108.48252      2811.70663      3.15138854e-10  -0.00844796912 
2108.48252      2811.70663      5.60404936e-10  -0.0151080873  
2108.48252      2811.70663      9.96556558e-10  -0.0270626868  
2108.48252      2811.70663      1.77215601e-09  -0.0486673932  
2108.48252      2811.70663      3.15138854e-09  -0.0881534337  
2108.48252      2811.70663      5.60404936e-09  -0.161598114   
2108.48252      2811.70663      9.96556558e-09  -0.301667381   
2108.48252      2811.70663      1.77215601e-08  -0.577160097   
2108.48252      2811.70663      3.15138854e-08  -1.13554954    
2108.48252      2811.70663      5.60404936e-08  -2.28950972    
2108.48252      2811.70663      9.96556558e-08  -4.67894449    
2108.48252      2811.70663      1.77215601e-07  -9.55915818    
2108.48252      2811.70663      3.15138854e-07  -19.3153865    
2108.48252      2811.70663      5.60404936e-07  -38.4049397    
2108.48252      2811.70663      9.96556558e-07  -75.088431     
2108.48252      2811.70663      1.77215601e-06  -144.563886    
2108.48252      2811.70663      3.15138854e-06  -274.571813    
2108.48252      2811.70663      5.60404936e-06  -515.38164     
2108.48252      2811.70663      9.96556558e-06  -957.571682    
2108.48252      2811.70663      1.77215601e-05  -1763.65023    
2108.48252      2811.70663      3.15138854e-05  -3224.2529     
2108.48252      2811.70663      5.60404936e-05  -5858.0484     
2108.48252      2811.70663      9.96556558e-05  -10589.3978    
2811.70663      3749.47105      0               -1.45475746    
2811.70663      3749.47105      1.77215601e-10  -1.43008152    
2811.70663      3749.47105      3.15138854e-10  -1.41121227    
2811.70663      3749.47105      5.60404936e-10  -1.3783592     
2811.70663      3749.47105      9.96556558e-10  -1.3220539     
2811.70663      3749.47105      1.77215601e-09  -1.22810212    
2811.70663      3749.47105      3.15138854e-09  -1.07811052    
2811.70663      3749.47105      5.60404936e-09  -0.855033829   
2811.70663      3749.47105      9.96556558e-09  -0.558516591   
2811.70663      3749.47105      1.77215601e-08  -0.233247965   
2811.70663      3749.47105      3.15138854e-08  -0.0110330485  
2811.70663      3749.47105      5.60404936e-08  -0.173936271   
2811.70663      3749.47105      9.96556558e-08  -1.26571964    
2811.70663      3749.47105      1.77215601e-07  -4.30309263    
2811.70663      3749.47105      3.15138854e-07  -11.1705576    
2811.70663      3749.47105      5.60404936e-07  -25.3464487    
2811.70663      3749.47105      9.96556558e-07  -53.2262153    
2811.70663      3749.47105      1.77215601e-06  -106.506214    
2811.70663      3749.47105      3.15138854e-06  -206.4331      
2811.70663      3749.47105      5.60404936e-06  -391.351839    
2811.70663      3749.47105      9.96556558e-06  -730.118099    
2811.70663      3749.47105      1.77215601e-05  -1345.94922    
2811.70663      3749.47105      3.15138854e-05  -2458.85752    
2811.70663      3749.47105      5.60404936e-05  -4461.13401    
2811.70663      3749.47105      9.96556558e-05  -8051.56447    
3749.47105      5000            0               6.96375409e-05 
3749.47105      5000            1.77215601e-10  -0.00379660337 
3749.47105      5000            3.15138854e-10  -0.0068121067  
3749.47105      5000            5.60404936e-10  -0.0121884838  
3749.47105      5000            9.96556558e-10  -0.0217930924  
3749.47105      5000            1.77215601e-09  -0.0390101356  
3749.47105      5000            3.15138854e-09  -0.0700531091  
3749.47105      5000            5.60404936e-09  -0.126560481   
3749.47105      5000            9.96556558e-09  -0.230944007   
3749.47105      5000            1.77215601e-08  -0.427775726   
3749.47105      5000            3.15138854e-08  -0.808191815   
3749.47105      5000            5.60404936e-08  -1.56057611    
3749.47105      5000            9.96556558e-08  -3.06950782    
3749.47105      5000            1.77215601e-07  -6.09721229    
3749.47105      5000            3.15138854e-07  -12.1055216    
3749.47105      5000            5.60404936e-07  -23.8243202    
3749.47105      5000            9.96556558e-07  -46.2560781    
3749.47105      5000            1.77215601e-06  -88.4529044    
3749.47105      5000            3.15138854e-06  -166.673645    
3749.47105      5000            5.60404936e-06  -310.015241    
3749.47105      5000            9.96556558e-06  -570.464053    
3749.47105      5000            1.77215601e-05  -1040.80877    
3749.47105      5000            3.15138854e-05  -1886.50908    
3749.47105      5000            5.60404936e-05  -3402.35172    
3749.47105      5000            9.96556558e-05  -6113.18587    
5000            6667.60716      0               -0.56750781    
5000            6667.60716      1.77215601e-10  -0.555708718   
5000            6667.60716      3.15138854e-10  -0.546703351   
5000            6667.60716      5.60404936e-10  -0.531060918   
5000            6667.60716      9.96556558e-10  -0.504365597   
5000            6667.60716      1.77215601e-09  -0.460165689   
5000            6667.60716      3.15138854e-09  -0.39061143    
5000            6667.60716      5.60404936e-09  -0.289971434   
5000            6667.60716      9.96556558e-09  -0.163456375   
5000            6667.60716      1.77215601e-08  -0.0424388581  
5000            6667.60716      3.15138854e-08  -0.00551856605 
5000            6667.60716      5.60404936e-08  -0.209918893   
5000            6667.60716      9.96556558e-08  -0.951491613   
5000            6667.60716      1.77215601e-07  -2.78665536    
5000            6667.60716      3.15138854e-07  -6.76666935    
5000            6667.60716      5.60404936e-07  -14.8686861    
5000            6667.60716      9.96556558e-07  -30.7726049    
5000            6667.60716      1.77215601e-06  -61.2404459    
5000            6667.60716      3.15138854e-06  -118.542179    
5000            6667.60716      5.60404936e-06  -224.720532    
5000            6667.60716      9.96556558e-06  -419.133321    
5000            6667.60716      1.77215601e-05  -771.859227    
5000            6667.60716      3.15138854e-05  -1407.56122    
5000            6667.60716      5.60404936e-05  -2547.96355    
5000            6667.60716      9.96556558e-05  -4587.44242    
6667.60716      8891.39705      0               3.43776212e-05 
6667.60716      8891.39705      1.77215601e-10  -0.00377873264 
6667.60716      8891.39705      3.15138854e-10  -0.00674744843 
6667.60716      8891.39705      5.60404936e-10  -0.0120289227  
6667.60716      8891.39705      9.96556558e-10  -0.0214280162  
6667.60716      8891.39705      1.77215601e-09  -0.0381647711  
6667.60716      8891.39705      3.15138854e-09  -0.0679981756  
6667.60716      8891.39705      5.60404936e-09  -0.121271346   
6667.60716      8891.39705      9.96556558e-09  -0.216689735   
6667.60716      8891.39705      1.77215601e-08  -0.388451329   
6667.60716      8891.39705      3.15138854e-08  -0.700051761   
6667.60716      8891.39705      5.60404936e-08  -1.27159439    
6667.60716      8891.39705      9.96556558e-08  -2.33394557    
6667.60716      8891.39705      1.77215601e-07  -4.33293517    
6667.60716      8891.39705      3.15138854e-07  -8.11861204    
6667.60716      8891.39705      5.60404936e-07  -15.2717833    
6667.60716      8891.39705      9.96556558e-07  -28.6643694    
6667.60716      8891.39705      1.77215601e-06  -53.4517014    
6667.60716      8891.39705      3.15138854e-06  -98.8669629    
6667.60716      8891.39705      5.60404936e-06  -181.455392    
6667.60716      8891.39705      9.96556558e-06  -330.842347    
6667.60716      8891.39705      1.77215601e-05  -599.962854    
6667.60716      8891.39705      3.15138854e-05  -1083.20588    
6667.60716      8891.39705      5.60404936e-05  -1948.65624    
6667.60716      8891.39705      9.96556558e-05  -3495.43567    
8891.39705      11856.8685      0               7.2147941e-09  
8891.39705      11856.8685      1.77215601e-10  -0.00444232683 
8891.39705      11856.8685      3.15138854e-10  -0.00789973833 
8891.39705      11856.8685      5.60404936e-10  -0.0140480563  
8891.39705      11856.8685      9.96556558e-10  -0.0249817184  
8891.39705      11856.8685      1.77215601e-09  -0.0444255663  
8891.39705      11856.8685      3.15138854e-09  -0.0790045013  
8891.39705      11856.8685      5.60404936e-09  -0.140502885   
8891.39705      11856.8685      9.96556558e-09  -0.249887373   
8891.39705      11856.8685      1.77215601e-08  -0.444476034   
8891.39705      11856.8685      3.15138854e-08  -0.79073378    
8891.39705      11856.8685      5.60404936e-08  -1.40716347    
8891.39705      11856.8685      9.96556558e-08  -2.50539412    
8891.39705      11856.8685      1.77215601e-07  -4.46420944    
8891.39705      11856.8685      3.15138854e-07  -7.96324771    
8891.39705      11856.8685      5.60404936e-07  -14.2240485    
8891.39705      11856.8685      9.96556558e-07  -25.4416886    
8891.39705      11856.8685      1.77215601e-06  -45.5522184    
8891.39705      11856.8685      3.15138854e-06  -81.5953938    
8891.39705      11856.8685      5.60404936e-06  -146.140841    
8891.39705      11856.8685      9.96556558e-06  -261.609169    
8891.39705      11856.8685      1.77215601e-05  -467.95529     
8891.39705      11856.8685      3.15138854e-05  -836.322844    
8891.39705      11856.8685      5.60404936e-05  -1493.32298    
8891.39705      11856.8685      9.96556558e-05  -2664.21607    
11856.8685      15811.3883      0               2.67505129e-09 
11856.8685      15811.3883      1.77215601e-10  -0.00164841953 
11856.8685      15811.3883      3.15138854e-10  -0.00293338686 
11856.8685      15811.3883      5.60404936e-10  -0.0052228008  
11856.8685      15811.3883      9.96556558e-10  -0.00930780675 
11856.8685      15811.3883      1.77215601e-09  -0.016615291   
11856.8685      15811.3883      3.15138854e-09  -0.0297444528  
11856.8685      15811.3883      5.60404936e-09  -0.0535048565  
11856.8685      15811.3883      9.96556558e-09  -0.0970005307  
11856.8685      15811.3883      1.77215601e-08  -0.177958924   
11856.8685      15811.3883      3.15138854e-08  -0.331838422   
11856.8685      15811.3883      5.60404936e-08  -0.630473724   
11856.8685      15811.3883      9.96556558e-08  -1.21761459    
11856.8685      15811.3883      1.77215601e-07  -2.37094381    
11856.8685      15811.3883      3.15138854e-07  -4.60537396    
11856.8685      15811.3883      5.60404936e-07  -8.84972733    
11856.8685      15811.3883      9.96556558e-07  -16.7626936    
11856.8685      15811.3883      1.77215601e-06  -31.3030802    
11856.8685      15811.3883      3.15138854e-06  -57.7494385    
11856.8685      15811.3883      5.60404936e-06  -105.516308    
11856.8685      15811.3883      9.96556558e-06  -191.392821    
11856.8685      15811.3883      1.77215601e-05  -345.311914    
11856.8685      15811.3883      3.15138854e-05  -620.606126    
11856.8685      15811.3883      5.60404936e-05  -1112.23181    
11856.8685      15811.3883      9.96556558e-05  -1989.17201    
15811.3883      21084.8252      0               0.00811216339  
15811.3883      21084.8252      1.77215601e-10  0.00661774613  
15811.3883      21084.8252      3.15138854e-10  0.00545382149  
15811.3883      21084.8252      5.60404936e-10  0.00338220362  
15811.3883      21084.8252      9.96556558e-10  -0.000307493781
15811.3883      21084.8252      1.77215601e-09  -0.00688698143 
15811.3883      21084.8252      3.15138854e-09  -0.0186440141  
15811.3883      21084.8252      5.60404936e-09  -0.0397277849  
15811.3883      21084.8252      9.96556558e-09  -0.0777606607  
15811.3883      21084.8252      1.77215601e-08  -0.147006958   
15811.3883      21084.8252      3.15138854e-08  -0.274776513   
15811.3883      21084.8252      5.60404936e-08  -0.514461487   
15811.3883      21084.8252      9.96556558e-08  -0.971299924   
15811.3883      21084.8252      1.77215601e-07  -1.84996575    
15811.3883      21084.8252      3.15138854e-07  -3.53626602    
15811.3883      21084.8252      5.60404936e-07  -6.73390081    
15811.3883      21084.8252      9.96556558e-07  -12.7013102    
15811.3883      21084.8252      1.77215601e-06  -23.6765908    
15811.3883      21084.8252      3.15138854e-06  -43.6425329    
15811.3883      21084.8252      5.60404936e-06  -79.6912059    
15811.3883      21084.8252      9.96556558e-06  -144.447536    
15811.3883      21084.8252      1.77215601e-05  -260.380173    
15811.3883      21084.8252      3.15138854e-05  -467.481198    
15811.3883      21084.8252      5.60404936e-05  -836.939521    
15811.3883      21084.8252      9.96556558e-05  -1495.45629    
21084.8252      28117.0663      0               2.48456899e-09 
21084.8252      28117.0663      1.77215601e-10  -0.00152980972 
21084.8252      28117.0663      3.15138854e-10  -0.00272050443 
21084.8252      28117.0663      5.60404936e-10  -0.00483805087 
21084.8252      28117.0663      9.96556558e-10  -0.00860414116 
21084.8252      28117.0663      1.77215601e-09  -0.0153028844  
21084.8252      28117.0663      3.15138854e-09  -0.0272201137  
21084.8252      28117.0663      5.60404936e-09  -0.048427999   
21084.8252      28117.0663      9.96556558e-09  -0.0861908979  
21084.8252      28117.0663      1.77215601e-08  -0.153497943   
21084.8252      28117.0663      3.15138854e-08  -0.273664886   
21084.8252      28117.0663      5.60404936e-08  -0.488802601   
21084.8252      28117.0663      9.96556558e-08  -0.875652751   
21084.8252      28117.0663      1.77215601e-07  -1.57563816    
21084.8252      28117.0663      3.15138854e-07  -2.85208966    
21084.8252      28117.0663      5.60404936e-07  -5.19730167    
21084.8252      28117.0663      9.96556558e-07  -9.52552871    
21084.8252      28117.0663      1.77215601e-06  -17.5093427    
21084.8252      28117.0663      3.15138854e-06  -32.1620214    
21084.8252      28117.0663      5.60404936e-06  -58.8607687    
21084.8252      28117.0663      9.96556558e-06  -107.165147    
21084.8252      28117.0663      1.77215601e-05  -194.056661    
21084.8252      28117.0663      3.15138854e-05  -349.709193    
21084.8252      28117.0663      5.60404936e-05  -627.762308    
21084.8252      28117.0663      9.96556558e-05  -1123.5977     
28117.0663      37494.7105      0               2.48820697e-09 
28117.0663      37494.7105      1.77215601e-10  -0.00153203375 
28117.0663      37494.7105      3.15138854e-10  -0.00272438604 
28117.0663      37494.7105      5.60404936e-10  -0.00484472161 
28117.0663      37494.7105      9.96556558e-10  -0.00861527088 
28117.0663      37494.7105      1.77215601e-09  -0.0153203616  
28117.0663      37494.7105      3.15138854e-09  -0.027243888   
28117.0663      37494.7105      5.60404936e-09  -0.0484472552  
28117.0663      37494.7105      9.96556558e-09  -0.086152784   
28117.0663      37494.7105      1.77215601e-08  -0.153203805   
28117.0663      37494.7105      3.15138854e-08  -0.27243943    
28117.0663      37494.7105      5.60404936e-08  -0.484474242   
28117.0663      37494.7105      9.96556558e-08  -0.861533129   
28117.0663      37494.7105      1.77215601e-07  -1.53205469    
28117.0663      37494.7105      3.15138854e-07  -2.7244467     
28117.0663      37494.7105      5.60404936e-07  -4.84490707    
28117.0663      37494.7105      9.96556558e-07  -8.61584635    
28117.0663      37494.7105      1.77215601e-06  -15.3221453    
28117.0663      37494.7105      3.15138854e-06  -27.2493597    
28117.0663      37494.7105      5.60404936e-06  -48.4637104    
28117.0663      37494.7105      9.96556558e-06  -86.2007243    
28117.0663      37494.7105      1.77215601e-05  -153.337163    
28117.0663      37494.7105      3.15138854e-05  -272.788622    
28117.0663      37494.7105      5.60404936e-05  -485.326869    
28117.0663      37494.7105      9.96556558e-05  -863.472581    
37494.7105      50000           0               1.87159799e-09 
37494.7105      50000           1.77215601e-10  -0.0011523564  
37494.7105      50000           3.15138854e-10  -0.00204921317 
37494.7105      50000           5.60404936e-10  -0.00364407523 
37494.7105      50000           9.96556558e-10  -0.00648018596 
37494.7105      50000           1.77215601e-09  -0.0115235845  
37494.7105      50000           3.15138854e-09  -0.02049216    
37494.7105      50000           5.60404936e-09  -0.0364408053  
37494.7105      50000           9.96556558e-09  -0.0648019907  
37494.7105      50000           1.77215601e-08  -0.115236223   
37494.7105      50000           3.15138854e-08  -0.204922759   
37494.7105      50000           5.60404936e-08  -0.364411677   
37494.7105      50000           9.96556558e-08  -0.648031315   
37494.7105      50000           1.77215601e-07  -1.15239817    
37494.7105      50000           3.15138854e-07  -2.04934062    
37494.7105      50000           5.60404936e-07  -3.64447102    
37494.7105      50000           9.96556558e-07  -6.481416      
37494.7105      50000           1.77215601e-06  -11.5273758    
37494.7105      50000           3.15138854e-06  -20.5036531    
37494.7105      50000           5.60404936e-06  -36.4747021    
37494.7105      50000           9.96556558e-06  -64.8979333    
37494.7105      50000           1.77215601e-05  -115.493034    
37494.7105      50000           3.15138854e-05  -205.56549     
37494.7105      50000           5.60404936e-05  -365.910149    
37494.7105      50000           9.96556558e-05  -651.30202     
50000           66676.0716      0               1.41073997e-09 
50000           66676.0716      1.77215601e-10  -0.000868585467
50000           66676.0716      3.15138854e-10  -0.00154458875 
50000           66676.0716      5.60404936e-10  -0.00274671149 
50000           66676.0716      9.96556558e-10  -0.00488442163 
50000           66676.0716      1.77215601e-09  -0.00868586765 
50000           66676.0716      3.15138854e-09  -0.0154459011  
50000           66676.0716      5.60404936e-09  -0.0274671305  
50000           66676.0716      9.96556558e-09  -0.0488442381  
50000           66676.0716      1.77215601e-08  -0.086858718   
50000           66676.0716      3.15138854e-08  -0.154459115   
50000           66676.0716      5.60404936e-08  -0.274671605   
50000           66676.0716      9.96556558e-08  -0.488443302   
50000           66676.0716      1.77215601e-07  -0.868590063   
50000           66676.0716      3.15138854e-07  -1.54460023    
50000           66676.0716      5.60404936e-07  -2.74674467    
50000           66676.0716      9.96556558e-07  -4.88452314    
50000           66676.0716      1.77215601e-06  -8.68618359    
50000           66676.0716      3.15138854e-06  -15.4468861    
50000           66676.0716      5.60404936e-06  -27.4701823    
50000           66676.0716      9.96556558e-06  -48.853569     
50000           66676.0716      1.77215601e-05  -86.8866189    
50000           66676.0716      3.15138854e-05  -154.539747    
50000           66676.0716      5.60404936e-05  -274.893807    
50000           66676.0716      9.96556558e-05  -489.020436    
66676.0716      88913.9705      0               0.000140350514 
66676.0716      88913.9705      1.77215601e-10  -0.000508277232
66676.0716      88913.9705      3.15138854e-10  -0.00101309086 
66676.0716      88913.9705      5.60404936e-10  -0.00191079054 
66676.0716      88913.9705      9.96556558e-10  -0.00350715143 
66676.0716      88913.9705      1.77215601e-09  -0.00634592721 
66676.0716      88913.9705      3.15138854e-09  -0.011394064   
66676.0716      88913.9705      5.60404936e-09  -0.0203710627  
66676.0716      88913.9705      9.96556558e-09  -0.0363346774  
66676.0716      88913.9705      1.77215601e-08  -0.0647224536  
66676.0716      88913.9705      3.15138854e-08  -0.11520388    
66676.0716      88913.9705      5.60404936e-08  -0.20497405    
66676.0716      88913.9705      9.96556558e-08  -0.364610777   
66676.0716      88913.9705      1.77215601e-07  -0.648490373   
66676.0716      88913.9705      3.15138854e-07  -1.15331042    
66676.0716      88913.9705      5.60404936e-07  -2.05103038    
66676.0716      88913.9705      9.96556558e-07  -3.64745506    
66676.0716      88913.9705      1.77215601e-06  -6.48643089    
66676.0716      88913.9705      3.15138854e-06  -11.535191     
66676.0716      88913.9705      5.60404936e-06  -20.5141103    
66676.0716      88913.9705      9.96556558e-06  -36.4835357    
66676.0716      88913.9705      1.77215601e-05  -64.8883753    
66676.0716      88913.9705      3.15138854e-05  -115.417699    
66676.0716      88913.9705      5.60404936e-05  -205.314194    
66676.0716      88913.9705      9.96556558e-05  -365.259605    
88913.9705      118568.685      0               7.83558107e-10 
88913.9705      118568.685      1.77215601e-10  -0.000482450454
88913.9705      118568.685      3.15138854e-10  -0.000857932327
88913.9705      118568.685      5.60404936e-10  -0.00152564403 
88913.9705      118568.685      9.96556558e-10  -0.00271302207 
88913.9705      118568.685      1.77215601e-09  -0.00482451218 
88913.9705      118568.685      3.15138854e-09  -0.00857933219 
88913.9705      118568.685      5.60404936e-09  -0.0152564533  
88913.9705      118568.685      9.96556558e-09  -0.0271302464  
88913.9705      118568.685      1.77215601e-08  -0.048245188   
88913.9705      118568.685      3.15138854e-08  -0.085793516   
88913.9705      118568.685      5.60404936e-08  -0.152565131   
88913.9705      118568.685      9.96556558e-08  -0.27130434    
88913.9705      118568.685      1.77215601e-07  -0.482457789   
88913.9705      118568.685      3.15138854e-07  -0.857953793   
88913.9705      118568.685      5.60404936e-07  -1.52571001    
88913.9705      118568.685      9.96556558e-07  -2.71322782    
88913.9705      118568.685      1.77215601e-06  -4.82515457    
88913.9705      118568.685      3.15138854e-06  -8.5813262     
88913.9705      118568.685      5.60404936e-06  -15.262567     
88913.9705      118568.685      9.96556558e-06  -27.1486035    
88913.9705      118568.685      1.77215601e-05  -48.2985332    
88913.9705      118568.685      3.15138854e-05  -85.9414175    
88913.9705      118568.685      5.60404936e-05  -152.95105     
88913.9705      118568.685      9.96556558e-05  -272.244169    
118568.685      158113.883      0               0.000732290727 
118568.685      158113.883      1.77215601e-10  0.000369687902 
118568.685      158113.883      3.15138854e-10  8.74815901e-05 
118568.685      158113.883      5.60404936e-10  -0.000414360085
118568.685      158113.883      9.96556558e-10  -0.0013067748  
118568.685      158113.883      1.77215601e-09  -0.00289373752 
118568.685      158113.883      3.15138854e-09  -0.00571580064 
118568.685      158113.883      5.60404936e-09  -0.0107342174  
118568.685      158113.883      9.96556558e-09  -0.0196583646  
118568.685      158113.883      1.77215601e-08  -0.0355279917  
118568.685      158113.883      3.15138854e-08  -0.063748623   
118568.685      158113.883      5.60404936e-08  -0.113932791   
118568.685      158113.883      9.96556558e-08  -0.203174262   
118568.685      158113.883      1.77215601e-07  -0.361870534   
118568.685      158113.883      3.15138854e-07  -0.644076848   
118568.685      158113.883      5.60404936e-07  -1.14591853    
118568.685      158113.883      9.96556558e-07  -2.03833325    
118568.685      158113.883      1.77215601e-06  -3.625296      
118568.685      158113.883      3.15138854e-06  -6.44735924    
118568.685      158113.883      5.60404936e-06  -11.4657763    
118568.685      158113.883      9.96556558e-06  -20.3899246    
118568.685      158113.883      1.77215601e-05  -36.2595551    
118568.685      158113.883      3.15138854e-05  -64.480197     
118568.685      158113.883      5.60404936e-05  -114.664398    
118568.685      158113.883      9.96556558e-05  -203.905976    
158113.883      210848.252      0               3.42523825e-05 
158113.883      210848.252      1.77215601e-10  -0.000237112208
158113.883      210848.252      3.15138854e-10  -0.000448309682
158113.883      210848.252      5.60404936e-10  -0.0008238778  
158113.883      210848.252      9.96556558e-10  -0.00149174285 
158113.883      210848.252      1.77215601e-09  -0.00267939352 
158113.883      210848.252      3.15138854e-09  -0.00479136826 
158113.883      210848.252      5.60404936e-09  -0.00854704945 
158113.883      210848.252      9.96556558e-09  -0.0152257     
158113.883      210848.252      1.77215601e-08  -0.0271022067  
158113.883      210848.252      3.15138854e-08  -0.048221954   
158113.883      210848.252      5.60404936e-08  -0.0857787659  
158113.883      210848.252      9.96556558e-08  -0.152565271   
158113.883      210848.252      1.77215601e-07  -0.271330338   
158113.883      210848.252      3.15138854e-07  -0.482527812   
158113.883      210848.252      5.60404936e-07  -0.858095931   
158113.883      210848.252      9.96556558e-07  -1.52596098    
158113.883      210848.252      1.77215601e-06  -2.71361166    
158113.883      210848.252      3.15138854e-06  -4.8255864     
158113.883      210848.252      5.60404936e-06  -8.58126761    
158113.883      210848.252      9.96556558e-06  -15.2599182    
158113.883      210848.252      1.77215601e-05  -27.1364251    
158113.883      210848.252      3.15138854e-05  -48.2561731    
158113.883      210848.252      5.60404936e-05  -85.8129871    
158113.883      210848.252      9.96556558e-05  -152.599499    
210848.252      281170.663      0               0.000886347386 
210848.252      281170.663      1.77215601e-10  0.000683645362 
210848.252      281170.663      3.15138854e-10  0.000525886551 
210848.252      281170.663      5.60404936e-10  0.000245347306 
210848.252      281170.663      9.96556558e-10  -0.000253529859
210848.252      281170.663      1.77215601e-09  -0.00114067285 
210848.252      281170.663      3.15138854e-09  -0.00271826096 
210848.252      281170.663      5.60404936e-09  -0.00552365342 
210848.252      281170.663      9.96556558e-09  -0.0105124251  
210848.252      281170.663      1.77215601e-08  -0.019383855   
210848.252      281170.663      3.15138854e-08  -0.0351597363  
210848.252      281170.663      5.60404936e-08  -0.0632136612  
210848.252      281170.663      9.96556558e-08  -0.113101379   
210848.252      281170.663      1.77215601e-07  -0.201815682   
210848.252      281170.663      3.15138854e-07  -0.359574506   
210848.252      281170.663      5.60404936e-07  -0.640113792   
210848.252      281170.663      9.96556558e-07  -1.13899108    
210848.252      281170.663      1.77215601e-06  -2.02613448    
210848.252      281170.663      3.15138854e-06  -3.60372386    
210848.252      281170.663      5.60404936e-06  -6.40912033    
210848.252      281170.663      9.96556558e-06  -11.3979046    
210848.252      281170.663      1.77215601e-05  -20.2693745    
210848.252      281170.663      3.15138854e-05  -36.045381     
210848.252      281170.663      5.60404936e-05  -64.0996978    
210848.252      281170.663      9.96556558e-05  -113.98863     
281170.663      374947.105      0               2.44865905e-10 
281170.663      374947.105      1.77215601e-10  -0.000150766185
281170.663      374947.105      3.15138854e-10  -0.000268104592
281170.663      374947.105      5.60404936e-10  -0.000476765067
281170.663      374947.105      9.96556558e-10  -0.000847821693
281170.663      374947.105      1.77215601e-09  -0.00150766405 
281170.663      374947.105      3.15138854e-09  -0.00268104813 
281170.663      374947.105      5.60404936e-09  -0.00476765287 
281170.663      374947.105      9.96556558e-09  -0.00847821913 
281170.663      374947.105      1.77215601e-08  -0.0150766427  
281170.663      374947.105      3.15138854e-08  -0.0268104835  
281170.663      374947.105      5.60404936e-08  -0.0476765309  
281170.663      374947.105      9.96556558e-08  -0.0847821935  
281170.663      374947.105      1.77215601e-07  -0.150766429   
281170.663      374947.105      3.15138854e-07  -0.268104837   
281170.663      374947.105      5.60404936e-07  -0.476765312   
281170.663      374947.105      9.96556558e-07  -0.847821937   
281170.663      374947.105      1.77215601e-06  -1.50766429    
281170.663      374947.105      3.15138854e-06  -2.68104837    
281170.663      374947.105      5.60404936e-06  -4.76765312    
281170.663      374947.105      9.96556558e-06  -8.47821938    
281170.663      374947.105      1.77215601e-05  -15.076643     
281170.663      374947.105      3.15138854e-05  -26.8104837    
281170.663      374947.105      5.60404936e-05  -47.6765312    
281170.663      374947.105      9.96556558e-05  -84.7821938    
374947.105      500000          0               1.78029147e-10 
374947.105      500000          1.77215601e-10  -0.000109613975
374947.105      500000          3.15138854e-10  -0.000194924414
374947.105      500000          5.60404936e-10  -0.00034663021 
374947.105      500000          9.96556558e-10  -0.000616405504
374947.105      500000          1.77215601e-09  -0.00109614135 
374947.105      500000          3.15138854e-09  -0.00194924574 
374947.105      500000          5.60404936e-09  -0.0034663037  
374947.105      500000          9.96556558e-09  -0.00616405664 
374947.105      500000          1.77215601e-08  -0.0109614151  
374947.105      500000          3.15138854e-08  -0.019492459   
374947.105      500000          5.60404936e-08  -0.0346630386  
374947.105      500000          9.96556558e-08  -0.061640568   
374947.105      500000          1.77215601e-07  -0.109614153   
374947.105      500000          3.15138854e-07  -0.194924592   
374947.105      500000          5.60404936e-07  -0.346630388   
374947.105      500000          9.96556558e-07  -0.616405682   
374947.105      500000          1.77215601e-06  -1.09614153    
374947.105      500000          3.15138854e-06  -1.94924592    
374947.105      500000          5.60404936e-06  -3.46630388    
374947.105      500000          9.96556558e-06  -6.16405682    
374947.105      500000          1.77215601e-05  -10.9614153    
374947.105      500000          3.15138854e-05  -19.4924592    
374947.105      500000          5.60404936e-05  -34.6630388    
374947.105      500000          9.96556558e-05  -61.6405682    
