### /nfs/slac/g/ki/ki20/cta/mdwood/fermi/dsph_pipeline/des_dwarfs/v6/p302_6yr_source_psf0123_point_gs_jsigma0.6/results/like_tucana_V.txt
#[0]emin(MeV) [1]emax(MeV) [2]eflux(MeV/cm^2/s) [3]deltaLogLike
500             666.760716      0               -0.0341684392  
500             666.760716      1.77215601e-10  -0.0330294955  
500             666.760716      3.15138854e-10  -0.0321566734  
500             666.760716      5.60404936e-10  -0.0306338951  
500             666.760716      9.96556558e-10  -0.0280185231  
500             666.760716      1.77215601e-09  -0.0236590143  
500             666.760716      3.15138854e-09  -0.0168205712  
500             666.760716      5.60404936e-09  -0.00750976238 
500             666.760716      9.96556558e-09  0.000253459184 
500             666.760716      1.77215601e-08  -0.0126085523  
500             666.760716      3.15138854e-08  -0.114112112   
500             666.760716      5.60404936e-08  -0.516871955   
500             666.760716      9.96556558e-08  -1.82580551    
500             666.760716      1.77215601e-07  -5.62504236    
500             666.760716      3.15138854e-07  -15.7607233    
500             666.760716      5.60404936e-07  -40.9683245    
500             666.760716      9.96556558e-07  -99.9955342    
500             666.760716      1.77215601e-06  -231.254761    
500             666.760716      3.15138854e-06  -510.626114    
500             666.760716      5.60404936e-06  -1083.85527    
500             666.760716      9.96556558e-06  -2224.97511    
500             666.760716      1.77215601e-05  -4440.95408    
500             666.760716      3.15138854e-05  -8658.15996    
500             666.760716      5.60404936e-05  -16553.3342    
500             666.760716      9.96556558e-05  -31140.0472    
666.760716      889.139705      0               0.000431064649 
666.760716      889.139705      1.77215601e-10  -0.00238988314 
666.760716      889.139705      3.15138854e-10  -0.00459924208 
666.760716      889.139705      5.60404936e-10  -0.00855803256 
666.760716      889.139705      9.96556558e-10  -0.0156922256  
666.760716      889.139705      1.77215601e-09  -0.0286755333  
666.760716      889.139705      3.15138854e-09  -0.0526925797  
666.760716      889.139705      5.60404936e-09  -0.0982893621  
666.760716      889.139705      9.96556558e-09  -0.188236177   
666.760716      889.139705      1.77215601e-08  -0.374826474   
666.760716      889.139705      3.15138854e-08  -0.784110025   
666.760716      889.139705      5.60404936e-08  -1.72654322    
666.760716      889.139705      9.96556558e-08  -3.95926885    
666.760716      889.139705      1.77215601e-07  -9.26441177    
666.760716      889.139705      3.15138854e-07  -21.6362502    
666.760716      889.139705      5.60404936e-07  -49.5912371    
666.760716      889.139705      9.96556558e-07  -110.523705    
666.760716      889.139705      1.77215601e-06  -238.76914     
666.760716      889.139705      3.15138854e-06  -500.316799    
666.760716      889.139705      5.60404936e-06  -1019.35416    
666.760716      889.139705      9.96556558e-06  -2025.83941    
666.760716      889.139705      1.77215601e-05  -3940.45349    
666.760716      889.139705      3.15138854e-05  -7525.90208    
666.760716      889.139705      5.60404936e-05  -14155.8282    
666.760716      889.139705      9.96556558e-05  -26292.2665    
889.139705      1185.68685      0               0.000315506195 
889.139705      1185.68685      1.77215601e-10  -0.00175324109 
889.139705      1185.68685      3.15138854e-10  -0.00338003564 
889.139705      1185.68685      5.60404936e-10  -0.00630901572 
889.139705      1185.68685      9.96556558e-10  -0.0116312458  
889.139705      1185.68685      1.77215601e-09  -0.0214527944  
889.139705      1185.68685      3.15138854e-09  -0.0400345296  
889.139705      1185.68685      5.60404936e-09  -0.0765366233  
889.139705      1185.68685      9.96556558e-09  -0.152003536   
889.139705      1185.68685      1.77215601e-08  -0.317627457   
889.139705      1185.68685      3.15138854e-08  -0.702041395   
889.139705      1185.68685      5.60404936e-08  -1.62799413    
889.139705      1185.68685      9.96556558e-08  -3.87779014    
889.139705      1185.68685      1.77215601e-07  -9.24273048    
889.139705      1185.68685      3.15138854e-07  -21.575726     
889.139705      1185.68685      5.60404936e-07  -48.7330021    
889.139705      1185.68685      9.96556558e-07  -106.132648    
889.139705      1185.68685      1.77215601e-06  -223.276569    
889.139705      1185.68685      3.15138854e-06  -455.640612    
889.139705      1185.68685      5.60404936e-06  -906.137841    
889.139705      1185.68685      9.96556558e-06  -1763.47195    
889.139705      1185.68685      1.77215601e-05  -3370.27356    
889.139705      1185.68685      3.15138854e-05  -6344.04529    
889.139705      1185.68685      5.60404936e-05  -11792.0762    
889.139705      1185.68685      9.96556558e-05  -21693.5202    
1185.68685      1581.13883      0               0.000348560005 
1185.68685      1581.13883      1.77215601e-10  -0.000799555064
1185.68685      1581.13883      3.15138854e-10  -0.00171508481 
1185.68685      1581.13883      5.60404936e-10  -0.00339047879 
1185.68685      1581.13883      9.96556558e-10  -0.00651858306 
1185.68685      1581.13883      1.77215601e-09  -0.0125468905  
1185.68685      1581.13883      3.15138854e-09  -0.0247129712  
1185.68685      1581.13883      5.60404936e-09  -0.0507782499  
1185.68685      1581.13883      9.96556558e-09  -0.110401251   
1185.68685      1581.13883      1.77215601e-08  -0.254758592   
1185.68685      1581.13883      3.15138854e-08  -0.616206139   
1185.68685      1581.13883      5.60404936e-08  -1.52392951    
1185.68685      1581.13883      9.96556558e-08  -3.74738941    
1185.68685      1581.13883      1.77215601e-07  -8.96532362    
1185.68685      1581.13883      3.15138854e-07  -20.6275372    
1185.68685      1581.13883      5.60404936e-07  -45.5250395    
1185.68685      1581.13883      9.96556558e-07  -96.6542792    
1185.68685      1581.13883      1.77215601e-06  -198.4145      
1185.68685      1581.13883      3.15138854e-06  -395.972897    
1185.68685      1581.13883      5.60404936e-06  -772.084474    
1185.68685      1581.13883      9.96556558e-06  -1477.22709    
1185.68685      1581.13883      1.77215601e-05  -2783.36016    
1185.68685      1581.13883      3.15138854e-05  -5179.4571     
1185.68685      1581.13883      5.60404936e-05  -9541.08405    
1185.68685      1581.13883      9.96556558e-05  -17431.6371    
1581.13883      2108.48252      0               3.64577627e-05 
1581.13883      2108.48252      1.77215601e-10  -0.00402914573 
1581.13883      2108.48252      3.15138854e-10  -0.00722466397 
1581.13883      2108.48252      5.60404936e-10  -0.0129743011  
1581.13883      2108.48252      9.96556558e-10  -0.0234080129  
1581.13883      2108.48252      1.77215601e-09  -0.0426076017  
1581.13883      2108.48252      3.15138854e-09  -0.0787056304  
1581.13883      2108.48252      5.60404936e-09  -0.148649309   
1581.13883      2108.48252      9.96556558e-09  -0.289166851   
1581.13883      2108.48252      1.77215601e-08  -0.581349129   
1581.13883      2108.48252      3.15138854e-08  -1.20243333    
1581.13883      2108.48252      5.60404936e-08  -2.52746943    
1581.13883      2108.48252      9.96556558e-08  -5.32050839    
1581.13883      2108.48252      1.77215601e-07  -11.0915652    
1581.13883      2108.48252      3.15138854e-07  -22.7645765    
1581.13883      2108.48252      5.60404936e-07  -45.9190339    
1581.13883      2108.48252      9.96556558e-07  -91.0687757    
1581.13883      2108.48252      1.77215601e-06  -177.785554    
1581.13883      2108.48252      3.15138854e-06  -342.071339    
1581.13883      2108.48252      5.60404936e-06  -649.45577     
1581.13883      2108.48252      9.96556558e-06  -1218.25938    
1581.13883      2108.48252      1.77215601e-05  -2260.97626    
1581.13883      2108.48252      3.15138854e-05  -4157.88785    
1581.13883      2108.48252      5.60404936e-05  -7587.93335    
1581.13883      2108.48252      9.96556558e-05  -13761.3623    
2108.48252      2811.70663      0               0.000258919247 
2108.48252      2811.70663      1.77215601e-10  -0.00549195908 
2108.48252      2811.70663      3.15138854e-10  -0.00997845772 
2108.48252      2811.70663      5.60404936e-10  -0.0179797736  
2108.48252      2811.70663      9.96556558e-10  -0.0322808972  
2108.48252      2811.70663      1.77215601e-09  -0.0579394991  
2108.48252      2811.70663      3.15138854e-09  -0.104274026   
2108.48252      2811.70663      5.60404936e-09  -0.188838041   
2108.48252      2811.70663      9.96556558e-09  -0.345730832   
2108.48252      2811.70663      1.77215601e-08  -0.643626172   
2108.48252      2811.70663      3.15138854e-08  -1.2252783     
2108.48252      2811.70663      5.60404936e-08  -2.39155548    
2108.48252      2811.70663      9.96556558e-08  -4.76892215    
2108.48252      2811.70663      1.77215601e-07  -9.61952644    
2108.48252      2811.70663      3.15138854e-07  -19.3897397    
2108.48252      2811.70663      5.60404936e-07  -38.677156     
2108.48252      2811.70663      9.96556558e-07  -75.9608751    
2108.48252      2811.70663      1.77215601e-06  -146.717078    
2108.48252      2811.70663      3.15138854e-06  -279.005101    
2108.48252      2811.70663      5.60404936e-06  -523.435792    
2108.48252      2811.70663      9.96556558e-06  -970.937734    
2108.48252      2811.70663      1.77215601e-05  -1784.40854    
2108.48252      2811.70663      3.15138854e-05  -3255.04526    
2108.48252      2811.70663      5.60404936e-05  -5902.50854    
2108.48252      2811.70663      9.96556558e-05  -10652.9693    
2811.70663      3749.47105      0               7.28273926e-05 
2811.70663      3749.47105      1.77215601e-10  -0.0080098645  
2811.70663      3749.47105      3.15138854e-10  -0.0143093464  
2811.70663      3749.47105      5.60404936e-10  -0.0255306715  
2811.70663      3749.47105      9.96556558e-10  -0.0455450653  
2811.70663      3749.47105      1.77215601e-09  -0.0813217999  
2811.70663      3749.47105      3.15138854e-09  -0.145511385   
2811.70663      3749.47105      5.60404936e-09  -0.261360913   
2811.70663      3749.47105      9.96556558e-09  -0.472281756   
2811.70663      3749.47105      1.77215601e-08  -0.860687527   
2811.70663      3749.47105      3.15138854e-08  -1.58457965    
2811.70663      3749.47105      5.60404936e-08  -2.94577747    
2811.70663      3749.47105      9.96556558e-08  -5.5118658     
2811.70663      3749.47105      1.77215601e-07  -10.3324564    
2811.70663      3749.47105      3.15138854e-07  -19.3322228    
2811.70663      3749.47105      5.60404936e-07  -36.0359059    
2811.70663      3749.47105      9.96556558e-07  -66.8936638    
2811.70663      3749.47105      1.77215601e-06  -123.666119    
2811.70663      3749.47105      3.15138854e-06  -227.678613    
2811.70663      3749.47105      5.60404936e-06  -417.399262    
2811.70663      3749.47105      9.96556558e-06  -761.933703    
2811.70663      3749.47105      1.77215601e-05  -1385.00435    
2811.70663      3749.47105      3.15138854e-05  -2507.50117    
2811.70663      3749.47105      5.60404936e-05  -4523.05339    
2811.70663      3749.47105      9.96556558e-05  -8132.41838    
3749.47105      5000            0               7.8337544e-05  
3749.47105      5000            1.77215601e-10  -0.00427018821 
3749.47105      5000            3.15138854e-10  -0.0076608209  
3749.47105      5000            5.60404936e-10  -0.0137038019  
3749.47105      5000            9.96556558e-10  -0.0244923039  
3749.47105      5000            1.77215601e-09  -0.0438098833  
3749.47105      5000            3.15138854e-09  -0.078573336   
3749.47105      5000            5.60404936e-09  -0.141650737   
3749.47105      5000            9.96556558e-09  -0.257577129   
3749.47105      5000            1.77215601e-08  -0.4745159     
3749.47105      5000            3.15138854e-08  -0.889474345   
3749.47105      5000            5.60404936e-08  -1.69990356    
3749.47105      5000            9.96556558e-08  -3.3030063     
3749.47105      5000            1.77215601e-07  -6.47502862    
3749.47105      5000            3.15138854e-07  -12.6849424    
3749.47105      5000            5.60404936e-07  -24.647027     
3749.47105      5000            9.96556558e-07  -47.3112623    
3749.47105      5000            1.77215601e-06  -89.6468046    
3749.47105      5000            3.15138854e-06  -167.831385    
3749.47105      5000            5.60404936e-06  -310.916411    
3749.47105      5000            9.96556558e-06  -570.884144    
3749.47105      5000            1.77215601e-05  -1040.54749    
3749.47105      5000            3.15138854e-05  -1885.44377    
3749.47105      5000            5.60404936e-05  -3400.61425    
3749.47105      5000            9.96556558e-05  -6111.5709     
5000            6667.60716      0               1.09216671e-08 
5000            6667.60716      1.77215601e-10  -0.00672490233 
5000            6667.60716      3.15138854e-10  -0.011959115   
5000            6667.60716      5.60404936e-10  -0.0212677665  
5000            6667.60716      9.96556558e-10  -0.0378235465  
5000            6667.60716      1.77215601e-09  -0.0672719134  
5000            6667.60716      3.15138854e-09  -0.119663174   
5000            6667.60716      5.60404936e-09  -0.212904379   
5000            6667.60716      9.96556558e-09  -0.37894756    
5000            6667.60716      1.77215601e-08  -0.674945246   
5000            6667.60716      3.15138854e-08  -1.20353233    
5000            6667.60716      5.60404936e-08  -2.15012849    
5000            6667.60716      9.96556558e-08  -3.85239392    
5000            6667.60716      1.77215601e-07  -6.9304126     
5000            6667.60716      3.15138854e-07  -12.5287434    
5000            6667.60716      5.60404936e-07  -22.755212     
5000            6667.60716      9.96556558e-07  -41.4537811    
5000            6667.60716      1.77215601e-06  -75.5513581    
5000            6667.60716      3.15138854e-06  -137.427135    
5000            6667.60716      5.60404936e-06  -249.129086    
5000            6667.60716      9.96556558e-06  -449.907155    
5000            6667.60716      1.77215601e-05  -809.662572    
5000            6667.60716      3.15138854e-05  -1452.90964    
5000            6667.60716      5.60404936e-05  -2601.38808    
5000            6667.60716      9.96556558e-05  -4649.79535    
6667.60716      8891.39705      0               7.72797648e-09 
6667.60716      8891.39705      1.77215601e-10  -0.00475862351 
6667.60716      8891.39705      3.15138854e-10  -0.00846266272 
6667.60716      8891.39705      5.60404936e-10  -0.0150505469  
6667.60716      8891.39705      9.96556558e-10  -0.0267690142  
6667.60716      8891.39705      1.77215601e-09  -0.0476183326  
6667.60716      8891.39705      3.15138854e-09  -0.08472756    
6667.60716      8891.39705      5.60404936e-09  -0.150822176   
6667.60716      8891.39705      9.96556558e-09  -0.268678749   
6667.60716      8891.39705      1.77215601e-08  -0.479240433   
6667.60716      8891.39705      3.15138854e-08  -0.856580115   
6667.60716      8891.39705      5.60404936e-08  -1.53582293    
6667.60716      8891.39705      9.96556558e-08  -2.76553649    
6667.60716      8891.39705      1.77215601e-07  -5.00523245    
6667.60716      8891.39705      3.15138854e-07  -9.10337543    
6667.60716      8891.39705      5.60404936e-07  -16.6177384    
6667.60716      8891.39705      9.96556558e-07  -30.3916703    
6667.60716      8891.39705      1.77215601e-06  -55.5896391    
6667.60716      8891.39705      3.15138854e-06  -101.536761    
6667.60716      8891.39705      5.60404936e-06  -184.958729    
6667.60716      8891.39705      9.96556558e-06  -335.706796    
6667.60716      8891.39705      1.77215601e-05  -606.936307    
6667.60716      8891.39705      3.15138854e-05  -1093.23639    
6667.60716      8891.39705      5.60404936e-05  -1962.89795    
6667.60716      8891.39705      9.96556558e-05  -3515.31015    
8891.39705      11856.8685      0               7.2614057e-09  
8891.39705      11856.8685      1.77215601e-10  -0.0044709117  
8891.39705      11856.8685      3.15138854e-10  -0.00795055438 
8891.39705      11856.8685      5.60404936e-10  -0.0141383713  
8891.39705      11856.8685      9.96556558e-10  -0.0251421653  
8891.39705      11856.8685      1.77215601e-09  -0.0447103853  
8891.39705      11856.8685      3.15138854e-09  -0.079509411   
8891.39705      11856.8685      5.60404936e-09  -0.141395788   
8891.39705      11856.8685      9.96556558e-09  -0.25145962    
8891.39705      11856.8685      1.77215601e-08  -0.44722336    
8891.39705      11856.8685      3.15138854e-08  -0.79546957    
8891.39705      11856.8685      5.60404936e-08  -1.41513228    
8891.39705      11856.8685      9.96556558e-08  -2.51824027    
8891.39705      11856.8685      1.77215601e-07  -4.4833866     
8891.39705      11856.8685      3.15138854e-07  -7.9880663     
8891.39705      11856.8685      5.60404936e-07  -14.2476902    
8891.39705      11856.8685      9.96556558e-07  -25.4466748    
8891.39705      11856.8685      1.77215601e-06  -45.5106062    
8891.39705      11856.8685      3.15138854e-06  -81.4777889    
8891.39705      11856.8685      5.60404936e-06  -145.928704    
8891.39705      11856.8685      9.96556558e-06  -261.30189     
8891.39705      11856.8685      1.77215601e-05  -467.578411    
8891.39705      11856.8685      3.15138854e-05  -835.957368    
8891.39705      11856.8685      5.60404936e-05  -1493.16986    
8891.39705      11856.8685      9.96556558e-05  -2664.70226    
11856.8685      15811.3883      0               0.00962116384  
11856.8685      15811.3883      1.77215601e-10  0.00605211773  
11856.8685      15811.3883      3.15138854e-10  0.00327440252  
11856.8685      15811.3883      5.60404936e-10  -0.00166515152 
11856.8685      15811.3883      9.96556558e-10  -0.0104490596  
11856.8685      15811.3883      1.77215601e-09  -0.0260693049  
11856.8685      15811.3883      3.15138854e-09  -0.0538464736  
11856.8685      15811.3883      5.60404936e-09  -0.103242066   
11856.8685      15811.3883      9.96556558e-09  -0.191081313   
11856.8685      15811.3883      1.77215601e-08  -0.34728429    
11856.8685      15811.3883      3.15138854e-08  -0.625057634   
11856.8685      15811.3883      5.60404936e-08  -1.11901879    
11856.8685      15811.3883      9.96556558e-08  -1.99742776    
11856.8685      15811.3883      1.77215601e-07  -3.55950952    
11856.8685      15811.3883      3.15138854e-07  -6.33740618    
11856.8685      15811.3883      5.60404936e-07  -11.2775274    
11856.8685      15811.3883      9.96556558e-07  -20.0631935    
11856.8685      15811.3883      1.77215601e-06  -35.6888097    
11856.8685      15811.3883      3.15138854e-06  -63.4820046    
11856.8685      15811.3883      5.60404936e-06  -112.923719    
11856.8685      15811.3883      9.96556558e-06  -200.889084    
11856.8685      15811.3883      1.77215601e-05  -357.415438    
11856.8685      15811.3883      3.15138854e-05  -635.961271    
11856.8685      15811.3883      5.60404936e-05  -1131.6469     
11856.8685      15811.3883      9.96556558e-05  -2013.69026    
15811.3883      21084.8252      0               0.00926796931  
15811.3883      21084.8252      1.77215601e-10  0.00702365101  
15811.3883      21084.8252      3.15138854e-10  0.00527687454  
15811.3883      21084.8252      5.60404936e-10  0.00217046717  
15811.3883      21084.8252      9.96556558e-10  -0.00335406938 
15811.3883      21084.8252      1.77215601e-09  -0.0131797432  
15811.3883      21084.8252      3.15138854e-09  -0.0306572821  
15811.3883      21084.8252      5.60404936e-09  -0.0617521739  
15811.3883      21084.8252      9.96556558e-09  -0.117094489   
15811.3883      21084.8252      1.77215601e-08  -0.215655005   
15811.3883      21084.8252      3.15138854e-08  -0.391375637   
15811.3883      21084.8252      5.60404936e-08  -0.705230781   
15811.3883      21084.8252      9.96556558e-08  -1.26741119    
15811.3883      21084.8252      1.77215601e-07  -2.27855733    
15811.3883      21084.8252      3.15138854e-07  -4.10662799    
15811.3883      21084.8252      5.60404936e-07  -7.42839135    
15811.3883      21084.8252      9.96556558e-07  -13.4827612    
15811.3883      21084.8252      1.77215601e-06  -24.512897     
15811.3883      21084.8252      3.15138854e-06  -44.5345045    
15811.3883      21084.8252      5.60404936e-06  -80.689308     
15811.3883      21084.8252      9.96556558e-06  -145.656593    
15811.3883      21084.8252      1.77215601e-05  -261.958881    
15811.3883      21084.8252      3.15138854e-05  -469.637562    
15811.3883      21084.8252      5.60404936e-05  -839.91981     
15811.3883      21084.8252      9.96556558e-05  -1499.53831    
21084.8252      28117.0663      0               3.2052867e-09  
21084.8252      28117.0663      1.77215601e-10  -0.00197347024 
21084.8252      28117.0663      3.15138854e-10  -0.00350938465 
21084.8252      28117.0663      5.60404936e-10  -0.00624067104 
21084.8252      28117.0663      9.96556558e-10  -0.0110976659  
21084.8252      28117.0663      1.77215601e-09  -0.0197347739  
21084.8252      28117.0663      3.15138854e-09  -0.0350940102  
21084.8252      28117.0663      5.60404936e-09  -0.0624071656  
21084.8252      28117.0663      9.96556558e-09  -0.110978035   
21084.8252      28117.0663      1.77215601e-08  -0.197352027   
21084.8252      28117.0663      3.15138854e-08  -0.35095358    
21084.8252      28117.0663      5.60404936e-08  -0.624114113   
21084.8252      28117.0663      9.96556558e-08  -1.10991398    
21084.8252      28117.0663      1.77215601e-07  -1.97393959    
21084.8252      28117.0663      3.15138854e-07  -3.51084428    
21084.8252      28117.0663      5.60404936e-07  -6.24518459    
21084.8252      28117.0663      9.96556558e-07  -11.1114319    
21084.8252      28117.0663      1.77215601e-06  -19.7757921    
21084.8252      28117.0663      3.15138854e-06  -35.2119975    
21084.8252      28117.0663      5.60404936e-06  -62.730562     
21084.8252      28117.0663      9.96556558e-06  -111.813668    
21084.8252      28117.0663      1.77215601e-05  -199.377225    
21084.8252      28117.0663      3.15138854e-05  -355.563609    
21084.8252      28117.0663      5.60404936e-05  -634.030981    
21084.8252      28117.0663      9.96556558e-05  -1130.24085    
28117.0663      37494.7105      0               2.26754082e-09 
28117.0663      37494.7105      1.77215601e-10  -0.00139614927 
28117.0663      37494.7105      3.15138854e-10  -0.00248275439 
28117.0663      37494.7105      5.60404936e-10  -0.00441506167 
28117.0663      37494.7105      9.96556558e-10  -0.00785130636 
28117.0663      37494.7105      1.77215601e-09  -0.0139621069  
28117.0663      37494.7105      3.15138854e-09  -0.024829441   
28117.0663      37494.7105      5.60404936e-09  -0.0441565652  
28117.0663      37494.7105      9.96556558e-09  -0.078531794   
28117.0663      37494.7105      1.77215601e-08  -0.139680053   
28117.0663      37494.7105      3.15138854e-08  -0.248479767   
28117.0663      37494.7105      5.60404936e-08  -0.442145548   
28117.0663      37494.7105      9.96556558e-08  -0.787117828   
28117.0663      37494.7105      1.77215601e-07  -1.4023118     
28117.0663      37494.7105      3.15138854e-07  -2.50129979    
28117.0663      37494.7105      5.60404936e-07  -4.46916131    
28117.0663      37494.7105      9.96556558e-07  -8.00218826    
28117.0663      37494.7105      1.77215601e-06  -14.3591171    
28117.0663      37494.7105      3.15138854e-06  -25.8068112    
28117.0663      37494.7105      5.60404936e-06  -46.406354     
28117.0663      37494.7105      9.96556558e-06  -83.4039354    
28117.0663      37494.7105      1.77215601e-05  -149.701576    
28117.0663      37494.7105      3.15138854e-05  -268.25296     
28117.0663      37494.7105      5.60404936e-05  -479.88723     
28117.0663      37494.7105      9.96556558e-05  -857.227644    
37494.7105      50000           0               1.88956051e-09 
37494.7105      50000           1.77215601e-10  -0.00116345309 
37494.7105      50000           3.15138854e-10  -0.00206894614 
37494.7105      50000           5.60404936e-10  -0.00367916579 
37494.7105      50000           9.96556558e-10  -0.00654258625 
37494.7105      50000           1.77215601e-09  -0.0116345479  
37494.7105      50000           3.15138854e-09  -0.0206894785  
37494.7105      50000           5.60404936e-09  -0.0367916751  
37494.7105      50000           9.96556558e-09  -0.0654258801  
37494.7105      50000           1.77215601e-08  -0.116345498   
37494.7105      50000           3.15138854e-08  -0.206894808   
37494.7105      50000           5.60404936e-08  -0.367916787   
37494.7105      50000           9.96556558e-08  -0.654258878   
37494.7105      50000           1.77215601e-07  -1.16345519    
37494.7105      50000           3.15138854e-07  -2.0689487     
37494.7105      50000           5.60404936e-07  -3.67916979    
37494.7105      50000           9.96556558e-07  -6.5425948     
37494.7105      50000           1.77215601e-06  -11.6345708    
37494.7105      50000           3.15138854e-06  -20.6895468    
37494.7105      50000           5.60404936e-06  -36.7918863    
37494.7105      50000           9.96556558e-06  -65.4265396    
37494.7105      50000           1.77215601e-05  -116.347555    
37494.7105      50000           3.15138854e-05  -206.901181    
37494.7105      50000           5.60404936e-05  -367.936254    
37494.7105      50000           9.96556558e-05  -654.316992    
50000           66676.0716      0               1.41818646e-09 
50000           66676.0716      1.77215601e-10  -0.000873200832
50000           66676.0716      3.15138854e-10  -0.00155279616 
50000           66676.0716      5.60404936e-10  -0.00276130655 
50000           66676.0716      9.96556558e-10  -0.00491037569 
50000           66676.0716      1.77215601e-09  -0.00873202109 
50000           66676.0716      3.15138854e-09  -0.0155279744  
50000           66676.0716      5.60404936e-09  -0.0276130783  
50000           66676.0716      9.96556558e-09  -0.0491037699  
50000           66676.0716      1.77215601e-08  -0.0873202243  
50000           66676.0716      3.15138854e-08  -0.155279759   
50000           66676.0716      5.60404936e-08  -0.276130803   
50000           66676.0716      9.96556558e-08  -0.491037733   
50000           66676.0716      1.77215601e-07  -0.873202324   
50000           66676.0716      3.15138854e-07  -1.55279782    
50000           66676.0716      5.60404936e-07  -2.76130872    
50000           66676.0716      9.96556558e-07  -4.9103795     
50000           66676.0716      1.77215601e-06  -8.73203007    
50000           66676.0716      3.15138854e-06  -15.5279997    
50000           66676.0716      5.60404936e-06  -27.613155     
50000           66676.0716      9.96556558e-06  -49.104008     
50000           66676.0716      1.77215601e-05  -87.3209669    
50000           66676.0716      3.15138854e-05  -155.282064    
50000           66676.0716      5.60404936e-05  -276.137876    
50000           66676.0716      9.96556558e-05  -491.059005    
66676.0716      88913.9705      0               -0.664893896   
66676.0716      88913.9705      1.77215601e-10  -0.662846825   
66676.0716      88913.9705      3.15138854e-10  -0.661258655   
66676.0716      88913.9705      5.60404936e-10  -0.658445244   
66676.0716      88913.9705      9.96556558e-10  -0.65347608    
66676.0716      88913.9705      1.77215601e-09  -0.644745066   
66676.0716      88913.9705      3.15138854e-09  -0.629544212   
66676.0716      88913.9705      5.60404936e-09  -0.603496671   
66676.0716      88913.9705      9.96556558e-09  -0.560058166   
66676.0716      88913.9705      1.77215601e-08  -0.490822869   
66676.0716      88913.9705      3.15138854e-08  -0.388268068   
66676.0716      88913.9705      5.60404936e-08  -0.25308771    
66676.0716      88913.9705      9.96556558e-08  -0.106694066   
66676.0716      88913.9705      1.77215601e-07  -0.00643345313 
66676.0716      88913.9705      3.15138854e-07  -0.0625985418  
66676.0716      88913.9705      5.60404936e-07  -0.465101453   
66676.0716      88913.9705      9.96556558e-07  -1.53640526    
66676.0716      88913.9705      1.77215601e-06  -3.8334582     
66676.0716      88913.9705      3.15138854e-06  -8.33346401    
66676.0716      88913.9705      5.60404936e-06  -16.7652585    
66676.0716      88913.9705      9.96556558e-06  -32.1981428    
66676.0716      88913.9705      1.77215601e-05  -60.0887081    
66676.0716      88913.9705      3.15138854e-05  -110.143183    
66676.0716      88913.9705      5.60404936e-05  -199.63119     
66676.0716      88913.9705      9.96556558e-05  -359.279815    
88913.9705      118568.685      0               7.69006192e-10 
88913.9705      118568.685      1.77215601e-10  -0.000473477285
88913.9705      118568.685      3.15138854e-10  -0.000841975594
88913.9705      118568.685      5.60404936e-10  -0.00149726874 
88913.9705      118568.685      9.96556558e-10  -0.00266256365 
88913.9705      118568.685      1.77215601e-09  -0.0047347855  
88913.9705      118568.685      3.15138854e-09  -0.00841978097 
88913.9705      118568.685      5.60404936e-09  -0.0149727516  
88913.9705      118568.685      9.96556558e-09  -0.0266258245  
88913.9705      118568.685      1.77215601e-08  -0.0473484343  
88913.9705      118568.685      3.15138854e-08  -0.0841996255  
88913.9705      118568.685      5.60404936e-08  -0.149733237   
88913.9705      118568.685      9.96556558e-08  -0.266276286   
88913.9705      118568.685      1.77215601e-07  -0.473541188   
88913.9705      118568.685      3.15138854e-07  -0.842174929   
88913.9705      118568.685      5.60404936e-07  -1.49789145    
88913.9705      118568.685      9.96556558e-07  -2.66449855    
88913.9705      118568.685      1.77215601e-06  -4.7407285     
88913.9705      118568.685      3.15138854e-06  -8.43767767    
88913.9705      118568.685      5.60404936e-06  -15.0250007    
88913.9705      118568.685      9.96556558e-06  -26.7716918    
88913.9705      118568.685      1.77215601e-05  -47.7326887    
88913.9705      118568.685      3.15138854e-05  -85.1466778    
88913.9705      118568.685      5.60404936e-05  -151.915579    
88913.9705      118568.685      9.96556558e-05  -271.007305    
118568.685      158113.883      0               0.000583801982 
118568.685      158113.883      1.77215601e-10  0.000407402973 
118568.685      158113.883      3.15138854e-10  0.000270091105 
118568.685      158113.883      5.60404936e-10  2.58600362e-05 
118568.685      158113.883      9.96556558e-10  -0.000408616026
118568.685      158113.883      1.77215601e-09  -0.00118175704 
118568.685      158113.883      3.15138854e-09  -0.00255826291 
118568.685      158113.883      5.60404936e-09  -0.00501126054 
118568.685      158113.883      9.96556558e-09  -0.00938968031 
118568.685      158113.883      1.77215601e-08  -0.0172267738  
118568.685      158113.883      3.15138854e-08  -0.0313218578  
118568.685      158113.883      5.60404936e-08  -0.0568727373  
118568.685      158113.883      9.96556558e-08  -0.10376449    
118568.685      158113.883      1.77215601e-07  -0.191345029   
118568.685      158113.883      3.15138854e-07  -0.35845805    
118568.685      158113.883      5.60404936e-07  -0.683773316   
118568.685      158113.883      9.96556558e-07  -1.32381948    
118568.685      158113.883      1.77215601e-06  -2.57794321    
118568.685      158113.883      3.15138854e-06  -4.99480607    
118568.685      158113.883      5.60404936e-06  -9.55302642    
118568.685      158113.883      9.96556558e-06  -17.9824504    
118568.685      158113.883      1.77215601e-05  -33.342736     
118568.685      158113.883      3.15138854e-05  -61.0591723    
118568.685      158113.883      5.60404936e-05  -110.767678    
118568.685      158113.883      9.96556558e-05  -199.595848    
158113.883      210848.252      0               4.35079528e-10 
158113.883      210848.252      1.77215601e-10  -0.000267884127
158113.883      210848.252      3.15138854e-10  -0.000476373176
158113.883      210848.252      5.60404936e-10  -0.000847124981
158113.883      210848.252      9.96556558e-10  -0.00150642535 
158113.883      210848.252      1.77215601e-09  -0.00267884584 
158113.883      210848.252      3.15138854e-09  -0.00476373776 
158113.883      210848.252      5.60404936e-09  -0.00847126032 
158113.883      210848.252      9.96556558e-09  -0.0150642783  
158113.883      210848.252      1.77215601e-08  -0.0267885283  
158113.883      210848.252      3.15138854e-08  -0.04763759    
158113.883      210848.252      5.60404936e-08  -0.084713266   
158113.883      210848.252      9.96556558e-08  -0.150644869   
158113.883      210848.252      1.77215601e-07  -0.267891863   
158113.883      210848.252      3.15138854e-07  -0.476396653   
158113.883      210848.252      5.60404936e-07  -0.847198027   
158113.883      210848.252      9.96556558e-07  -1.50665398    
158113.883      210848.252      1.77215601e-06  -2.67956008    
158113.883      210848.252      3.15138854e-06  -4.76595285    
158113.883      210848.252      5.60404936e-06  -8.47803823    
158113.883      210848.252      9.96556558e-06  -15.0845595    
158113.883      210848.252      1.77215601e-05  -26.8471496    
158113.883      210848.252      3.15138854e-05  -47.798876     
158113.883      210848.252      5.60404936e-05  -85.1298912    
158113.883      210848.252      9.96556558e-05  -151.647191    
210848.252      281170.663      0               4.02936865e-05 
210848.252      281170.663      1.77215601e-10  -0.000162851615
210848.252      281170.663      3.15138854e-10  -0.000320955421
210848.252      281170.663      5.60404936e-10  -0.000602108162
210848.252      281170.663      9.96556558e-10  -0.00110207629 
210848.252      281170.663      1.77215601e-09  -0.00199115933 
210848.252      281170.663      3.15138854e-09  -0.00357219738 
210848.252      281170.663      5.60404936e-09  -0.0063837248  
210848.252      281170.663      9.96556558e-09  -0.0113834061  
210848.252      281170.663      1.77215601e-08  -0.0202742365  
210848.252      281170.663      3.15138854e-08  -0.036084617   
210848.252      281170.663      5.60404936e-08  -0.0641998912  
210848.252      281170.663      9.96556558e-08  -0.114196704   
210848.252      281170.663      1.77215601e-07  -0.203105008   
210848.252      281170.663      3.15138854e-07  -0.361208813   
210848.252      281170.663      5.60404936e-07  -0.642361555   
210848.252      281170.663      9.96556558e-07  -1.14232969    
210848.252      281170.663      1.77215601e-06  -2.03141272    
210848.252      281170.663      3.15138854e-06  -3.61245078    
210848.252      281170.663      5.60404936e-06  -6.4239782     
210848.252      281170.663      9.96556558e-06  -11.4236595    
210848.252      281170.663      1.77215601e-05  -20.3144899    
210848.252      281170.663      3.15138854e-05  -36.1248706    
210848.252      281170.663      5.60404936e-05  -64.2401453    
210848.252      281170.663      9.96556558e-05  -114.23696     
281170.663      374947.105      0               2.45251819e-10 
281170.663      374947.105      1.77215601e-10  -0.00015100367 
281170.663      374947.105      3.15138854e-10  -0.000268526908
281170.663      374947.105      5.60404936e-10  -0.000477516062
281170.663      374947.105      9.96556558e-10  -0.000849157172
281170.663      374947.105      1.77215601e-09  -0.00151003891 
281170.663      374947.105      3.15138854e-09  -0.00268527128 
281170.663      374947.105      5.60404936e-09  -0.00477516283 
281170.663      374947.105      9.96556558e-09  -0.00849157392 
281170.663      374947.105      1.77215601e-08  -0.0151003913  
281170.663      374947.105      3.15138854e-08  -0.0268527151  
281170.663      374947.105      5.60404936e-08  -0.0477516305  
281170.663      374947.105      9.96556558e-08  -0.0849157414  
281170.663      374947.105      1.77215601e-07  -0.151003915   
281170.663      374947.105      3.15138854e-07  -0.268527153   
281170.663      374947.105      5.60404936e-07  -0.477516307   
281170.663      374947.105      9.96556558e-07  -0.849157417   
281170.663      374947.105      1.77215601e-06  -1.51003915    
281170.663      374947.105      3.15138854e-06  -2.68527153    
281170.663      374947.105      5.60404936e-06  -4.77516307    
281170.663      374947.105      9.96556558e-06  -8.49157417    
281170.663      374947.105      1.77215601e-05  -15.1003915    
281170.663      374947.105      3.15138854e-05  -26.8527153    
281170.663      374947.105      5.60404936e-05  -47.7516307    
281170.663      374947.105      9.96556558e-05  -84.9157417    
374947.105      500000          0               1.28649205e-05 
374947.105      500000          1.77215601e-10  -9.68975194e-05
374947.105      500000          3.15138854e-10  -0.000182323366
374947.105      500000          5.60404936e-10  -0.000334234391
374947.105      500000          9.96556558e-10  -0.000604374639
374947.105      500000          1.77215601e-09  -0.00108475948 
374947.105      500000          3.15138854e-09  -0.00193901795 
374947.105      500000          5.60404936e-09  -0.0034581282  
374947.105      500000          9.96556558e-09  -0.00615953067 
374947.105      500000          1.77215601e-08  -0.0109633791  
374947.105      500000          3.15138854e-08  -0.0195059638  
374947.105      500000          5.60404936e-08  -0.0346970663  
374947.105      500000          9.96556558e-08  -0.061711091   
374947.105      500000          1.77215601e-07  -0.109749575   
374947.105      500000          3.15138854e-07  -0.195175422   
374947.105      500000          5.60404936e-07  -0.347086447   
374947.105      500000          9.96556558e-07  -0.617226694   
374947.105      500000          1.77215601e-06  -1.09761153    
374947.105      500000          3.15138854e-06  -1.95187001    
374947.105      500000          5.60404936e-06  -3.47098025    
374947.105      500000          9.96556558e-06  -6.17238274    
374947.105      500000          1.77215601e-05  -10.9762312    
374947.105      500000          3.15138854e-05  -19.5188159    
374947.105      500000          5.60404936e-05  -34.7099186    
374947.105      500000          9.96556558e-05  -61.7239439    
