### /nfs/slac/g/ki/ki20/cta/mdwood/fermi/dsph_pipeline/des_dwarfs/v6/p302_6yr_source_psf0123_point_gs_jsigma0.6/results/like_segue_1.txt
#[0]emin(MeV) [1]emax(MeV) [2]eflux(MeV/cm^2/s) [3]deltaLogLike
500             666.760716      0               0.000344297754 
500             666.760716      1.77215601e-10  -0.00284163922 
500             666.760716      3.15138854e-10  -0.00532681463 
500             666.760716      5.60404936e-10  -0.00975830437 
500             666.760716      9.96556558e-10  -0.0176771085  
500             666.760716      1.77215601e-09  -0.0318800032  
500             666.760716      3.15138854e-09  -0.0575177726  
500             666.760716      5.60404936e-09  -0.104304279   
500             666.760716      9.96556558e-09  -0.191231221   
500             666.760716      1.77215601e-08  -0.357315409   
500             666.760716      3.15138854e-08  -0.687559736   
500             666.760716      5.60404936e-08  -1.37786333    
500             666.760716      9.96556558e-08  -2.89757036    
500             666.760716      1.77215601e-07  -6.38441859    
500             666.760716      3.15138854e-07  -14.5566485    
500             666.760716      5.60404936e-07  -33.703921     
500             666.760716      9.96556558e-07  -77.8077095    
500             666.760716      1.77215601e-06  -176.661786    
500             666.760716      3.15138854e-06  -391.218773    
500             666.760716      5.60404936e-06  -841.766708    
500             666.760716      9.96556558e-06  -1758.888      
500             666.760716      1.77215601e-05  -3574.92147    
500             666.760716      3.15138854e-05  -7087.16932    
500             666.760716      5.60404936e-05  -13747.7609    
500             666.760716      9.96556558e-05  -26177.1192    
666.760716      889.139705      0               4.27098712e-09 
666.760716      889.139705      1.77215601e-10  -0.00263532639 
666.760716      889.139705      3.15138854e-10  -0.00469390866 
666.760716      889.139705      5.60404936e-10  -0.00837096437 
666.760716      889.139705      9.96556558e-10  -0.0149613046  
666.760716      889.139705      1.77215601e-09  -0.0268430685  
666.760716      889.139705      3.15138854e-09  -0.0484821391  
666.760716      889.139705      5.60404936e-09  -0.0885571494  
666.760716      889.139705      9.96556558e-09  -0.164766512   
666.760716      889.139705      1.77215601e-08  -0.315402019   
666.760716      889.139705      3.15138854e-08  -0.628384433   
666.760716      889.139705      5.60404936e-08  -1.31463417    
666.760716      889.139705      9.96556558e-08  -2.88780538    
666.760716      889.139705      1.77215601e-07  -6.57803252    
666.760716      889.139705      3.15138854e-07  -15.2179611    
666.760716      889.139705      5.60404936e-07  -35.0396622    
666.760716      889.139705      9.96556558e-07  -79.2226182    
666.760716      889.139705      1.77215601e-06  -174.763916    
666.760716      889.139705      3.15138854e-06  -375.402273    
666.760716      889.139705      5.60404936e-06  -785.211401    
666.760716      889.139705      9.96556558e-06  -1600.84185    
666.760716      889.139705      1.77215601e-05  -3186.55569    
666.760716      889.139705      3.15138854e-05  -6207.35459    
666.760716      889.139705      5.60404936e-05  -11865.3273    
666.760716      889.139705      9.96556558e-05  -22319.278     
889.139705      1185.68685      0               -0.885584146   
889.139705      1185.68685      1.77215601e-10  -0.879667794   
889.139705      1185.68685      3.15138854e-10  -0.875081103   
889.139705      1185.68685      5.60404936e-10  -0.866963218   
889.139705      1185.68685      9.96556558e-10  -0.852648584   
889.139705      1185.68685      1.77215601e-09  -0.827573107   
889.139705      1185.68685      3.15138854e-09  -0.784164603   
889.139705      1185.68685      5.60404936e-09  -0.71061143    
889.139705      1185.68685      9.96556558e-09  -0.590799026   
889.139705      1185.68685      1.77215601e-08  -0.409907914   
889.139705      1185.68685      3.15138854e-08  -0.178284539   
889.139705      1185.68685      5.60404936e-08  -0.00361227915 
889.139705      1185.68685      9.96556558e-08  -0.273501681   
889.139705      1185.68685      1.77215601e-07  -2.06440052    
889.139705      1185.68685      3.15138854e-07  -7.98306843    
889.139705      1185.68685      5.60404936e-07  -23.811718     
889.139705      1185.68685      9.96556558e-07  -61.6361554    
889.139705      1185.68685      1.77215601e-06  -145.659413    
889.139705      1185.68685      3.15138854e-06  -322.765044    
889.139705      1185.68685      5.60404936e-06  -681.459178    
889.139705      1185.68685      9.96556558e-06  -1385.70466    
889.139705      1185.68685      1.77215601e-05  -2735.22446    
889.139705      1185.68685      3.15138854e-05  -5272.74219    
889.139705      1185.68685      5.60404936e-05  -9974.53548    
889.139705      1185.68685      9.96556558e-05  -18589.0985    
1185.68685      1581.13883      0               -0.34964378    
1185.68685      1581.13883      1.77215601e-10  -0.34516417    
1185.68685      1581.13883      3.15138854e-10  -0.34170391    
1185.68685      1581.13883      5.60404936e-10  -0.335606713   
1185.68685      1581.13883      9.96556558e-10  -0.324939915   
1185.68685      1581.13883      1.77215601e-09  -0.306517596   
1185.68685      1581.13883      3.15138854e-09  -0.275434284   
1185.68685      1581.13883      5.60404936e-09  -0.225199993   
1185.68685      1581.13883      9.96556558e-09  -0.150529394   
1185.68685      1581.13883      1.77215601e-08  -0.0583607901  
1185.68685      1581.13883      3.15138854e-08  1.86118996e-08 
1185.68685      1581.13883      5.60404936e-08  -0.150838026   
1185.68685      1581.13883      9.96556558e-08  -0.988474403   
1185.68685      1581.13883      1.77215601e-07  -3.66257502    
1185.68685      1581.13883      3.15138854e-07  -10.7208061    
1185.68685      1581.13883      5.60404936e-07  -27.4832684    
1185.68685      1581.13883      9.96556558e-07  -64.596594     
1185.68685      1581.13883      1.77215601e-06  -142.71133     
1185.68685      1581.13883      3.15138854e-06  -300.9259      
1185.68685      1581.13883      5.60404936e-06  -611.876941    
1185.68685      1581.13883      9.96556558e-06  -1208.58374    
1185.68685      1581.13883      1.77215601e-05  -2332.16197    
1185.68685      1581.13883      3.15138854e-05  -4416.72589    
1185.68685      1581.13883      5.60404936e-05  -8240.56268    
1185.68685      1581.13883      9.96556558e-05  -15195.0864    
1581.13883      2108.48252      0               -1.20866969    
1581.13883      2108.48252      1.77215601e-10  -1.1990895     
1581.13883      2108.48252      3.15138854e-10  -1.19167423    
1581.13883      2108.48252      5.60404936e-10  -1.17857542    
1581.13883      2108.48252      9.96556558e-10  -1.15555626    
1581.13883      2108.48252      1.77215601e-09  -1.11547329    
1581.13883      2108.48252      3.15138854e-09  -1.0468039     
1581.13883      2108.48252      5.60404936e-09  -0.932507746   
1581.13883      2108.48252      9.96556558e-09  -0.751835716   
1581.13883      2108.48252      1.77215601e-08  -0.492225499   
1581.13883      2108.48252      3.15138854e-08  -0.186399752   
1581.13883      2108.48252      5.60404936e-08  0.000102587032 
1581.13883      2108.48252      9.96556558e-08  -0.406002563   
1581.13883      2108.48252      1.77215601e-07  -2.50940821    
1581.13883      2108.48252      3.15138854e-07  -8.63917505    
1581.13883      2108.48252      5.60404936e-07  -23.4410305    
1581.13883      2108.48252      9.96556558e-07  -55.8767512    
1581.13883      2108.48252      1.77215601e-06  -122.843438    
1581.13883      2108.48252      3.15138854e-06  -255.666581    
1581.13883      2108.48252      5.60404936e-06  -511.690998    
1581.13883      2108.48252      9.96556558e-06  -994.964271    
1581.13883      2108.48252      1.77215601e-05  -1893.15898    
1581.13883      2108.48252      3.15138854e-05  -3543.37697    
1581.13883      2108.48252      5.60404936e-05  -6549.20431    
1581.13883      2108.48252      9.96556558e-05  -11988.775     
2108.48252      2811.70663      0               6.48303048e-05 
2108.48252      2811.70663      1.77215601e-10  -0.00712782004 
2108.48252      2811.70663      3.15138854e-10  -0.0127301712  
2108.48252      2811.70663      5.60404936e-10  -0.0227023378  
2108.48252      2811.70663      9.96556558e-10  -0.0404659606  
2108.48252      2811.70663      1.77215601e-09  -0.0721499818  
2108.48252      2811.70663      3.15138854e-09  -0.12879142    
2108.48252      2811.70663      5.60404936e-09  -0.230442427   
2108.48252      2811.70663      9.96556558e-09  -0.41404598    
2108.48252      2811.70663      1.77215601e-08  -0.74905172    
2108.48252      2811.70663      3.15138854e-08  -1.36935782    
2108.48252      2811.70663      5.60404936e-08  -2.53954989    
2108.48252      2811.70663      9.96556558e-08  -4.78989064    
2108.48252      2811.70663      1.77215601e-07  -9.17853265    
2108.48252      2811.70663      3.15138854e-07  -17.7727395    
2108.48252      2811.70663      5.60404936e-07  -34.5028153    
2108.48252      2811.70663      9.96556558e-07  -66.6803079    
2108.48252      2811.70663      1.77215601e-06  -127.73822     
2108.48252      2811.70663      3.15138854e-06  -242.192031    
2108.48252      2811.70663      5.60404936e-06  -454.542837    
2108.48252      2811.70663      9.96556558e-06  -845.114745    
2108.48252      2811.70663      1.77215601e-05  -1558.14113    
2108.48252      2811.70663      3.15138854e-05  -2851.62438    
2108.48252      2811.70663      5.60404936e-05  -5185.99593    
2108.48252      2811.70663      9.96556558e-05  -9381.87924    
2811.70663      3749.47105      0               1.17706804e-08 
2811.70663      3749.47105      1.77215601e-10  -0.00724919633 
2811.70663      3749.47105      3.15138854e-10  -0.0128934055  
2811.70663      3749.47105      5.60404936e-10  -0.0229353454  
2811.70663      3749.47105      9.96556558e-10  -0.0408083394  
2811.70663      3749.47105      1.77215601e-09  -0.0726405593  
2811.70663      3749.47105      3.15138854e-09  -0.1294003     
2811.70663      3749.47105      5.60404936e-09  -0.230808814   
2811.70663      3749.47105      9.96556558e-09  -0.412584066   
2811.70663      3749.47105      1.77215601e-08  -0.740107855   
2811.70663      3749.47105      3.15138854e-08  -1.33469408    
2811.70663      3749.47105      5.60404936e-08  -2.4245464     
2811.70663      3749.47105      9.96556558e-08  -4.44294025    
2811.70663      3749.47105      1.77215601e-07  -8.21414821    
2811.70663      3749.47105      3.15138854e-07  -15.3009843    
2811.70663      3749.47105      5.60404936e-07  -28.6498359    
2811.70663      3749.47105      9.96556558e-07  -53.771258     
2811.70663      3749.47105      1.77215601e-06  -100.859765    
2811.70663      3749.47105      3.15138854e-06  -188.556392    
2811.70663      3749.47105      5.60404936e-06  -350.619921    
2811.70663      3749.47105      9.96556558e-06  -647.785073    
2811.70663      3749.47105      1.77215601e-05  -1188.85468    
2811.70663      3749.47105      3.15138854e-05  -2168.18736    
2811.70663      3749.47105      5.60404936e-05  -3932.31879    
2811.70663      3749.47105      9.96556558e-05  -7098.43505    
3749.47105      5000            0               8.49128282e-05 
3749.47105      5000            1.77215601e-10  -0.00228344174 
3749.47105      5000            3.15138854e-10  -0.00414652296 
3749.47105      5000            5.60404936e-10  -0.00750202803 
3749.47105      5000            9.96556558e-10  -0.0136010794  
3749.47105      5000            1.77215601e-09  -0.0248527952  
3749.47105      5000            3.15138854e-09  -0.0460836732  
3749.47105      5000            5.60404936e-09  -0.0873922618  
3749.47105      5000            9.96556558e-09  -0.170624659   
3749.47105      5000            1.77215601e-08  -0.343349281   
3749.47105      5000            3.15138854e-08  -0.706201521   
3749.47105      5000            5.60404936e-08  -1.46071856    
3749.47105      5000            9.96556558e-08  -2.98846046    
3749.47105      5000            1.77215601e-07  -5.98765207    
3749.47105      5000            3.15138854e-07  -11.7261409    
3749.47105      5000            5.60404936e-07  -22.5175747    
3749.47105      5000            9.96556558e-07  -42.5994971    
3749.47105      5000            1.77215601e-06  -79.7135731    
3749.47105      5000            3.15138854e-06  -147.908501    
3749.47105      5000            5.60404936e-06  -272.499553    
3749.47105      5000            9.96556558e-06  -498.882692    
3749.47105      5000            1.77215601e-05  -908.243812    
3749.47105      5000            3.15138854e-05  -1645.52304    
3749.47105      5000            5.60404936e-05  -2969.10888    
3749.47105      5000            9.96556558e-05  -5339.13223    
5000            6667.60716      0               -2.24460865    
5000            6667.60716      1.77215601e-10  -2.23144223    
5000            6667.60716      3.15138854e-10  -2.22126067    
5000            6667.60716      5.60404936e-10  -2.20329502    
5000            6667.60716      9.96556558e-10  -2.17178163    
5000            6667.60716      1.77215601e-09  -2.11707196    
5000            6667.60716      3.15138854e-09  -2.02375757    
5000            6667.60716      5.60404936e-09  -1.86924274    
5000            6667.60716      9.96556558e-09  -1.62537107    
5000            6667.60716      1.77215601e-08  -1.26827658    
5000            6667.60716      3.15138854e-08  -0.802909052   
5000            6667.60716      5.60404936e-08  -0.307255198   
5000            6667.60716      9.96556558e-08  -0.00396533134 
5000            6667.60716      1.77215601e-07  -0.382359196   
5000            6667.60716      3.15138854e-07  -2.41304388    
5000            6667.60716      5.60404936e-07  -7.91764096    
5000            6667.60716      9.96556558e-07  -20.2114213    
5000            6667.60716      1.77215601e-06  -45.2560007    
5000            6667.60716      3.15138854e-06  -93.7381904    
5000            6667.60716      5.60404936e-06  -184.775325    
5000            6667.60716      9.96556558e-06  -352.487836    
5000            6667.60716      1.77215601e-05  -657.686878    
5000            6667.60716      3.15138854e-05  -1208.69447    
5000            6667.60716      5.60404936e-05  -2198.40659    
5000            6667.60716      9.96556558e-05  -3970.19675    
6667.60716      8891.39705      0               8.96396166e-05 
6667.60716      8891.39705      1.77215601e-10  -0.00488119182 
6667.60716      8891.39705      3.15138854e-10  -0.00874992212 
6667.60716      8891.39705      5.60404936e-10  -0.0156296802  
6667.60716      8891.39705      9.96556558e-10  -0.0278640484  
6667.60716      8891.39705      1.77215601e-09  -0.0496209192  
6667.60716      8891.39705      3.15138854e-09  -0.0883130701  
6667.60716      8891.39705      5.60404936e-09  -0.157125958   
6667.60716      8891.39705      9.96556558e-09  -0.279517911   
6667.60716      8891.39705      1.77215601e-08  -0.497238528   
6667.60716      8891.39705      3.15138854e-08  -0.884636312   
6667.60716      8891.39705      5.60404936e-08  -1.5742488     
6667.60716      8891.39705      9.96556558e-08  -2.80273871    
6667.60716      8891.39705      1.77215601e-07  -4.99376466    
6667.60716      8891.39705      3.15138854e-07  -8.90829808    
6667.60716      8891.39705      5.60404936e-07  -15.9181647    
6667.60716      8891.39705      9.96556558e-07  -28.5025285    
6667.60716      8891.39705      1.77215601e-06  -51.140727     
6667.60716      8891.39705      3.15138854e-06  -91.9013488    
6667.60716      8891.39705      5.60404936e-06  -165.258286    
6667.60716      8891.39705      9.96556558e-06  -297.089014    
6667.60716      8891.39705      1.77215601e-05  -533.564091    
6667.60716      8891.39705      3.15138854e-05  -956.959126    
6667.60716      8891.39705      5.60404936e-05  -1713.76764    
6667.60716      8891.39705      9.96556558e-05  -3064.68752    
8891.39705      11856.8685      0               2.21998425e-05 
8891.39705      11856.8685      1.77215601e-10  -0.00243999756 
8891.39705      11856.8685      3.15138854e-10  -0.00435671171 
8891.39705      11856.8685      5.60404936e-10  -0.00776610806 
8891.39705      11856.8685      9.96556558e-10  -0.0138319448  
8891.39705      11856.8685      1.77215601e-09  -0.0246280859  
8891.39705      11856.8685      3.15138854e-09  -0.0438561811  
8891.39705      11856.8685      5.60404936e-09  -0.0781416896  
8891.39705      11856.8685      9.96556558e-09  -0.139399105   
8891.39705      11856.8685      1.77215601e-08  -0.249218528   
8891.39705      11856.8685      3.15138854e-08  -0.447181459   
8891.39705      11856.8685      5.60404936e-08  -0.807012173   
8891.39705      11856.8685      9.96556558e-08  -1.46847799    
8891.39705      11856.8685      1.77215601e-07  -2.70012839    
8891.39705      11856.8685      3.15138854e-07  -5.01889551    
8891.39705      11856.8685      5.60404936e-07  -9.40823924    
8891.39705      11856.8685      9.96556558e-07  -17.7043195    
8891.39705      11856.8685      1.77215601e-06  -33.2757106    
8891.39705      11856.8685      3.15138854e-06  -62.222478     
8891.39705      11856.8685      5.60404936e-06  -115.494022    
8891.39705      11856.8685      9.96556558e-06  -212.643773    
8891.39705      11856.8685      1.77215601e-05  -388.51237     
8891.39705      11856.8685      3.15138854e-05  -705.133981    
8891.39705      11856.8685      5.60404936e-05  -1272.93427    
8891.39705      11856.8685      9.96556558e-05  -2288.44702    
11856.8685      15811.3883      0               4.4861051e-05  
11856.8685      15811.3883      1.77215601e-10  -0.00161416237 
11856.8685      15811.3883      3.15138854e-10  -0.00290607563 
11856.8685      15811.3883      5.60404936e-10  -0.00520503321 
11856.8685      15811.3883      9.96556558e-10  -0.00929819033 
11856.8685      15811.3883      1.77215601e-09  -0.0165926123  
11856.8685      15811.3883      3.15138854e-09  -0.0296132389  
11856.8685      15811.3883      5.60404936e-09  -0.0529208075  
11856.8685      15811.3883      9.96556558e-09  -0.0948417259  
11856.8685      15811.3883      1.77215601e-08  -0.170827085   
11856.8685      15811.3883      3.15138854e-08  -0.310193552   
11856.8685      15811.3883      5.60404936e-08  -0.569967747   
11856.8685      15811.3883      9.96556558e-08  -1.0631726     
11856.8685      15811.3883      1.77215601e-07  -2.01401315    
11856.8685      15811.3883      3.15138854e-07  -3.85752388    
11856.8685      15811.3883      5.60404936e-07  -7.40772036    
11856.8685      15811.3883      9.96556558e-07  -14.1384303    
11856.8685      15811.3883      1.77215601e-06  -26.6711446    
11856.8685      15811.3883      3.15138854e-06  -49.6498519    
11856.8685      15811.3883      5.60404936e-06  -91.3164001    
11856.8685      15811.3883      9.96556558e-06  -166.330271    
11856.8685      15811.3883      1.77215601e-05  -300.79202     
11856.8685      15811.3883      3.15138854e-05  -541.176493    
11856.8685      15811.3883      5.60404936e-05  -970.220893    
11856.8685      15811.3883      9.96556558e-05  -1735.1947     
15811.3883      21084.8252      0               2.56420662e-09 
15811.3883      21084.8252      1.77215601e-10  -0.00157901227 
15811.3883      21084.8252      3.15138854e-10  -0.00280814994 
15811.3883      21084.8252      5.60404936e-10  -0.00499438169 
15811.3883      21084.8252      9.96556558e-10  -0.00888363291 
15811.3883      21084.8252      1.77215601e-09  -0.0158046023  
15811.3883      21084.8252      3.15138854e-09  -0.0281271035  
15811.3883      21084.8252      5.60404936e-09  -0.0500872301  
15811.3883      21084.8252      9.96556558e-09  -0.0892856397  
15811.3883      21084.8252      1.77215601e-08  -0.159444096   
15811.3883      21084.8252      3.15138854e-08  -0.285570194   
15811.3883      21084.8252      5.60404936e-08  -0.513834992   
15811.3883      21084.8252      9.96556558e-08  -0.930737362   
15811.3883      21084.8252      1.77215601e-07  -1.70010553    
15811.3883      21084.8252      3.15138854e-07  -3.13234287    
15811.3883      21084.8252      5.60404936e-07  -5.80843891    
15811.3883      21084.8252      9.96556558e-07  -10.7962795    
15811.3883      21084.8252      1.77215601e-06  -20.0289548    
15811.3883      21084.8252      3.15138854e-06  -36.9726531    
15811.3883      21084.8252      5.60404936e-06  -67.8088848    
15811.3883      21084.8252      9.96556558e-06  -123.531488    
15811.3883      21084.8252      1.77215601e-05  -223.679429    
15811.3883      21084.8252      3.15138854e-05  -402.99309     
15811.3883      21084.8252      5.60404936e-05  -723.277155    
15811.3883      21084.8252      9.96556558e-05  -1294.51442    
21084.8252      28117.0663      0               2.7985152e-09  
21084.8252      28117.0663      1.77215601e-10  -0.00172311521 
21084.8252      28117.0663      3.15138854e-10  -0.00306418349 
21084.8252      28117.0663      5.60404936e-10  -0.00544897982 
21084.8252      28117.0663      9.96556558e-10  -0.00968982102 
21084.8252      28117.0663      1.77215601e-09  -0.0172312437  
21084.8252      28117.0663      3.15138854e-09  -0.0306420701  
21084.8252      28117.0663      5.60404936e-09  -0.0544904873  
21084.8252      28117.0663      9.96556558e-09  -0.0969003333  
21084.8252      28117.0663      1.77215601e-08  -0.172319088   
21084.8252      28117.0663      3.15138854e-08  -0.306441634   
21084.8252      28117.0663      5.60404936e-08  -0.544970762   
21084.8252      28117.0663      9.96556558e-08  -0.96921023    
21084.8252      28117.0663      1.77215601e-07  -1.72383734    
21084.8252      28117.0663      3.15138854e-07  -3.06641839    
21084.8252      28117.0663      5.60404936e-07  -5.45581495    
21084.8252      28117.0663      9.96556558e-07  -9.71027644    
21084.8252      28117.0663      1.77215601e-06  -17.2904031    
21084.8252      28117.0663      3.15138854e-06  -30.8050174    
21084.8252      28117.0663      5.60404936e-06  -54.9122088    
21084.8252      28117.0663      9.96556558e-06  -97.918127     
21084.8252      28117.0663      1.77215601e-05  -174.612355    
21084.8252      28117.0663      3.15138854e-05  -311.307786    
21084.8252      28117.0663      5.60404936e-05  -554.81414     
21084.8252      28117.0663      9.96556558e-05  -988.413555    
28117.0663      37494.7105      0               2.19796448e-09 
28117.0663      37494.7105      1.77215601e-10  -0.00135330478 
28117.0663      37494.7105      3.15138854e-10  -0.00240655578 
28117.0663      37494.7105      5.60404936e-10  -0.00427953042 
28117.0663      37494.7105      9.96556558e-10  -0.00761020295 
28117.0663      37494.7105      1.77215601e-09  -0.0135330702  
28117.0663      37494.7105      3.15138854e-09  -0.0240655858  
28117.0663      37494.7105      5.60404936e-09  -0.0427953503  
28117.0663      37494.7105      9.96556558e-09  -0.0761021323  
28117.0663      37494.7105      1.77215601e-08  -0.135330984   
28117.0663      37494.7105      3.15138854e-08  -0.240656708   
28117.0663      37494.7105      5.60404936e-08  -0.427956145   
28117.0663      37494.7105      9.96556558e-08  -0.761029625   
28117.0663      37494.7105      1.77215601e-07  -1.35333599    
28117.0663      37494.7105      3.15138854e-07  -2.40664936    
28117.0663      37494.7105      5.60404936e-07  -4.27981962    
28117.0663      37494.7105      9.96556558e-07  -7.61110174    
28117.0663      37494.7105      1.77215601e-06  -13.5358482    
28117.0663      37494.7105      3.15138854e-06  -24.0740526    
28117.0663      37494.7105      5.60404936e-06  -42.8205389    
28117.0663      37494.7105      9.96556558e-06  -76.1743309    
28117.0663      37494.7105      1.77215601e-05  -135.52743     
28117.0663      37494.7105      3.15138854e-05  -241.157608    
28117.0663      37494.7105      5.60404936e-05  -429.14555     
28117.0663      37494.7105      9.96556558e-05  -763.666361    
37494.7105      50000           0               8.87653741e-06 
37494.7105      50000           1.77215601e-10  -0.000975500949
37494.7105      50000           3.15138854e-10  -0.00174162262 
37494.7105      50000           5.60404936e-10  -0.00310400306 
37494.7105      50000           9.96556558e-10  -0.00552670259 
37494.7105      50000           1.77215601e-09  -0.00983495967 
37494.7105      50000           3.15138854e-09  -0.017496309   
37494.7105      50000           5.60404936e-09  -0.0311205325  
37494.7105      50000           9.96556558e-09  -0.0553488524  
37494.7105      50000           1.77215601e-08  -0.0984356074  
37494.7105      50000           3.15138854e-08  -0.175062306   
37494.7105      50000           5.60404936e-08  -0.311346152   
37494.7105      50000           9.96556558e-08  -0.553760112   
37494.7105      50000           1.77215601e-07  -0.985036613   
37494.7105      50000           3.15138854e-07  -1.75257198    
37494.7105      50000           5.60404936e-07  -3.11928878    
37494.7105      50000           9.96556558e-07  -5.55501007    
37494.7105      50000           1.77215601e-06  -9.90108403    
37494.7105      50000           3.15138854e-06  -17.6670124    
37494.7105      50000           5.60404936e-06  -31.5622988    
37494.7105      50000           9.96556558e-06  -56.4419307    
37494.7105      50000           1.77215601e-05  -100.97706     
37494.7105      50000           3.15138854e-05  -180.608831    
37494.7105      50000           5.60404936e-05  -322.791959    
37494.7105      50000           9.96556558e-05  -576.326465    
50000           66676.0716      0               1.26090072e-09 
50000           66676.0716      1.77215601e-10  -0.0007763685  
50000           66676.0716      3.15138854e-10  -0.0013806011  
50000           66676.0716      5.60404936e-10  -0.00245509549 
50000           66676.0716      9.96556558e-10  -0.00436584674 
50000           66676.0716      1.77215601e-09  -0.00776369636 
50000           66676.0716      3.15138854e-09  -0.0138060224  
50000           66676.0716      5.60404936e-09  -0.0245509663  
50000           66676.0716      9.96556558e-09  -0.043658479   
50000           66676.0716      1.77215601e-08  -0.0776369756  
50000           66676.0716      3.15138854e-08  -0.138060237   
50000           66676.0716      5.60404936e-08  -0.245509681   
50000           66676.0716      9.96556558e-08  -0.436584822   
50000           66676.0716      1.77215601e-07  -0.776369832   
50000           66676.0716      3.15138854e-07  -1.38060259    
50000           66676.0716      5.60404936e-07  -2.45509747    
50000           66676.0716      9.96556558e-07  -4.36585028    
50000           66676.0716      1.77215601e-06  -7.76370481    
50000           66676.0716      3.15138854e-06  -13.8060463    
50000           66676.0716      5.60404936e-06  -24.5510392    
50000           66676.0716      9.96556558e-06  -43.6587054    
50000           66676.0716      1.77215601e-05  -77.6376814    
50000           66676.0716      3.15138854e-05  -138.062427    
50000           66676.0716      5.60404936e-05  -245.516393    
50000           66676.0716      9.96556558e-05  -436.60497     
66676.0716      88913.9705      0               9.32850241e-10 
66676.0716      88913.9705      1.77215601e-10  -0.000574370035
66676.0716      88913.9705      3.15138854e-10  -0.00102139116 
66676.0716      88913.9705      5.60404936e-10  -0.00181631966 
66676.0716      88913.9705      9.96556558e-10  -0.0032299248  
66676.0716      88913.9705      1.77215601e-09  -0.00574371019 
66676.0716      88913.9705      3.15138854e-09  -0.0102139245  
66676.0716      88913.9705      5.60404936e-09  -0.0181632194  
66676.0716      88913.9705      9.96556558e-09  -0.0322993019  
66676.0716      88913.9705      1.77215601e-08  -0.0574372543  
66676.0716      88913.9705      3.15138854e-08  -0.102139709   
66676.0716      88913.9705      5.60404936e-08  -0.181633641   
66676.0716      88913.9705      9.96556558e-08  -0.322997572   
66676.0716      88913.9705      1.77215601e-07  -0.574386897   
66676.0716      88913.9705      3.15138854e-07  -1.02144232    
66676.0716      88913.9705      5.60404936e-07  -1.81647861    
66676.0716      88913.9705      9.96556558e-07  -3.23042093    
66676.0716      88913.9705      1.77215601e-06  -5.74525244    
66676.0716      88913.9705      3.15138854e-06  -10.2186676    
66676.0716      88913.9705      5.60404936e-06  -18.1775334    
66676.0716      88913.9705      9.96556558e-06  -32.3412184    
66676.0716      88913.9705      1.77215601e-05  -57.5546903    
66676.0716      88913.9705      3.15138854e-05  -102.449978    
66676.0716      88913.9705      5.60404936e-05  -182.398834    
66676.0716      88913.9705      9.96556558e-05  -324.755503    
88913.9705      118568.685      0               7.01163572e-10 
88913.9705      118568.685      1.77215601e-10  -0.000431706443
88913.9705      118568.685      3.15138854e-10  -0.000767695228
88913.9705      118568.685      5.60404936e-10  -0.00136517717 
88913.9705      118568.685      9.96556558e-10  -0.00242766703 
88913.9705      118568.685      1.77215601e-09  -0.00431707093 
88913.9705      118568.685      3.15138854e-09  -0.00767695919 
88913.9705      118568.685      5.60404936e-09  -0.0136517799  
88913.9705      118568.685      9.96556558e-09  -0.0242766827  
88913.9705      118568.685      1.77215601e-08  -0.0431707348  
88913.9705      118568.685      3.15138854e-08  -0.0767696588  
88913.9705      118568.685      5.60404936e-08  -0.136517997   
88913.9705      118568.685      9.96556558e-08  -0.242767438   
88913.9705      118568.685      1.77215601e-07  -0.431709266   
88913.9705      118568.685      3.15138854e-07  -0.767702633   
88913.9705      118568.685      5.60404936e-07  -1.36519904    
88913.9705      118568.685      9.96556558e-07  -2.42773444    
88913.9705      118568.685      1.77215601e-06  -4.31728135    
88913.9705      118568.685      3.15138854e-06  -7.67761632    
88913.9705      118568.685      5.60404936e-06  -13.6538197    
88913.9705      118568.685      9.96556558e-06  -24.2829356    
88913.9705      118568.685      1.77215601e-05  -43.1895046    
88913.9705      118568.685      3.15138854e-05  -76.8241809    
88913.9705      118568.685      5.60404936e-05  -136.669086    
88913.9705      118568.685      9.96556558e-05  -243.161492    
118568.685      158113.883      0               0.000584857401 
118568.685      158113.883      1.77215601e-10  0.000262119805 
118568.685      158113.883      3.15138854e-10  1.09397801e-05 
118568.685      158113.883      5.60404936e-10  -0.000435728487
118568.685      158113.883      9.96556558e-10  -0.00123002947 
118568.685      158113.883      1.77215601e-09  -0.00264251855 
118568.685      158113.883      3.15138854e-09  -0.00515431881 
118568.685      158113.883      5.60404936e-09  -0.00962100149 
118568.685      158113.883      9.96556558e-09  -0.0175640114  
118568.685      158113.883      1.77215601e-08  -0.0316889023  
118568.685      158113.883      3.15138854e-08  -0.0568069052  
118568.685      158113.883      5.60404936e-08  -0.101473733   
118568.685      158113.883      9.96556558e-08  -0.180903835   
118568.685      158113.883      1.77215601e-07  -0.322152756   
118568.685      158113.883      3.15138854e-07  -0.573332821   
118568.685      158113.883      5.60404936e-07  -1.02000121    
118568.685      158113.883      9.96556558e-07  -1.81430259    
118568.685      158113.883      1.77215601e-06  -3.22679291    
118568.685      158113.883      3.15138854e-06  -5.73859708    
118568.685      158113.883      5.60404936e-06  -10.2052921    
118568.685      158113.883      9.96556558e-06  -18.1483409    
118568.685      158113.883      1.77215601e-05  -32.2733541    
118568.685      158113.883      3.15138854e-05  -57.3917392    
118568.685      158113.883      5.60404936e-05  -102.059752    
118568.685      158113.883      9.96556558e-05  -181.493475    
158113.883      210848.252      0               9.36378123e-05 
158113.883      210848.252      1.77215601e-10  -0.000147895479
158113.883      210848.252      3.15138854e-10  -0.000335875866
158113.883      210848.252      5.60404936e-10  -0.000670157519
158113.883      210848.252      9.96556558e-10  -0.0012646037  
158113.883      210848.252      1.77215601e-09  -0.0023216951  
158113.883      210848.252      3.15138854e-09  -0.00420149897 
158113.883      210848.252      5.60404936e-09  -0.0075443155  
158113.883      210848.252      9.96556558e-09  -0.0134887773  
158113.883      210848.252      1.77215601e-08  -0.0240596913  
158113.883      210848.252      3.15138854e-08  -0.0428577301  
158113.883      210848.252      5.60404936e-08  -0.0762858953  
158113.883      210848.252      9.96556558e-08  -0.135730513   
158113.883      210848.252      1.77215601e-07  -0.241439653   
158113.883      210848.252      3.15138854e-07  -0.429420041   
158113.883      210848.252      5.60404936e-07  -0.763701694   
158113.883      210848.252      9.96556558e-07  -1.35814787    
158113.883      210848.252      1.77215601e-06  -2.41523928    
158113.883      210848.252      3.15138854e-06  -4.29504316    
158113.883      210848.252      5.60404936e-06  -7.63785972    
158113.883      210848.252      9.96556558e-06  -13.5823216    
158113.883      210848.252      1.77215601e-05  -24.1532359    
158113.883      210848.252      3.15138854e-05  -42.9512756    
158113.883      210848.252      5.60404936e-05  -76.3794439    
158113.883      210848.252      9.96556558e-05  -135.824071    
210848.252      281170.663      0               0.000466647173 
210848.252      281170.663      1.77215601e-10  0.000286302846 
210848.252      281170.663      3.15138854e-10  0.00014594457  
210848.252      281170.663      5.60404936e-10  -0.000103651664
210848.252      281170.663      9.96556558e-10  -0.000547503506
210848.252      281170.663      1.77215601e-09  -0.0013367961  
210848.252      281170.663      3.15138854e-09  -0.00274037887 
210848.252      281170.663      5.60404936e-09  -0.0052363412  
210848.252      281170.663      9.96556558e-09  -0.00967485965 
210848.252      281170.663      1.77215601e-08  -0.0175677856  
210848.252      281170.663      3.15138854e-08  -0.0316036135  
210848.252      281170.663      5.60404936e-08  -0.0565632374  
210848.252      281170.663      9.96556558e-08  -0.100948424   
210848.252      281170.663      1.77215601e-07  -0.179877689   
210848.252      281170.663      3.15138854e-07  -0.320235986   
210848.252      281170.663      5.60404936e-07  -0.569832282   
210848.252      281170.663      9.96556558e-07  -1.01368432    
210848.252      281170.663      1.77215601e-06  -1.80297755    
210848.252      281170.663      3.15138854e-06  -3.2065623     
210848.252      281170.663      5.60404936e-06  -5.70253091    
210848.252      281170.663      9.96556558e-06  -10.1410692    
210848.252      281170.663      1.77215601e-05  -18.0340574    
210848.252      281170.663      3.15138854e-05  -32.0700807    
210848.252      281170.663      5.60404936e-05  -57.0303134    
210848.252      281170.663      9.96556558e-05  -101.417376    
281170.663      374947.105      0               3.1451937e-05  
281170.663      374947.105      1.77215601e-10  -0.000102721658
281170.663      374947.105      3.15138854e-10  -0.000207146204
281170.663      374947.105      5.60404936e-10  -0.000392842225
281170.663      374947.105      9.96556558e-10  -0.000723061635
281170.663      374947.105      1.77215601e-09  -0.00131028401 
281170.663      374947.105      3.15138854e-09  -0.00235452948 
281170.663      374947.105      5.60404936e-09  -0.00421148968 
281170.663      374947.105      9.96556558e-09  -0.00751368378 
281170.663      374947.105      1.77215601e-08  -0.0133859076  
281170.663      374947.105      3.15138854e-08  -0.0238283622  
281170.663      374947.105      5.60404936e-08  -0.0423979643  
281170.663      374947.105      9.96556558e-08  -0.0754199053  
281170.663      374947.105      1.77215601e-07  -0.134142143   
281170.663      374947.105      3.15138854e-07  -0.238566689   
281170.663      374947.105      5.60404936e-07  -0.42426271    
281170.663      374947.105      9.96556558e-07  -0.75448212    
281170.663      374947.105      1.77215601e-06  -1.3417045     
281170.663      374947.105      3.15138854e-06  -2.38594996    
281170.663      374947.105      5.60404936e-06  -4.24291017    
281170.663      374947.105      9.96556558e-06  -7.54510428    
281170.663      374947.105      1.77215601e-05  -13.4173281    
281170.663      374947.105      3.15138854e-05  -23.8597828    
281170.663      374947.105      5.60404936e-05  -42.4293852    
281170.663      374947.105      9.96556558e-05  -75.4513273    
374947.105      500000          0               0.000977808992 
374947.105      500000          1.77215601e-10  0.000880277429 
374947.105      500000          3.15138854e-10  0.000804370621 
374947.105      500000          5.60404936e-10  0.000669387108 
374947.105      500000          9.96556558e-10  0.000429348707 
374947.105      500000          1.77215601e-09  2.49336031e-06 
374947.105      500000          3.15138854e-09  -0.000756574714
374947.105      500000          5.60404936e-09  -0.00210640984 
374947.105      500000          9.96556558e-09  -0.00450679385 
374947.105      500000          1.77215601e-08  -0.00877534732 
374947.105      500000          3.15138854e-08  -0.0163660281  
374947.105      500000          5.60404936e-08  -0.0298643793  
374947.105      500000          9.96556558e-08  -0.0538682195  
374947.105      500000          1.77215601e-07  -0.0965537542  
374947.105      500000          3.15138854e-07  -0.172460562   
374947.105      500000          5.60404936e-07  -0.307444075   
374947.105      500000          9.96556558e-07  -0.547482479   
374947.105      500000          1.77215601e-06  -0.974337833   
374947.105      500000          3.15138854e-06  -1.73340593    
374947.105      500000          5.60404936e-06  -3.08324113    
374947.105      500000          9.96556558e-06  -5.48362536    
374947.105      500000          1.77215601e-05  -9.75217952    
374947.105      500000          3.15138854e-05  -17.3428625    
374947.105      500000          5.60404936e-05  -30.8412207    
374947.105      500000          9.96556558e-05  -54.8450827    
