### /nfs/slac/g/ki/ki20/cta/mdwood/fermi/dsph_pipeline/des_dwarfs/v6/p302_6yr_source_psf0123_point_gs_jsigma0.6/results/like_coma_berenices.txt
#[0]emin(MeV) [1]emax(MeV) [2]eflux(MeV/cm^2/s) [3]deltaLogLike
500             666.760716      0               0.00183191301  
500             666.760716      1.77215601e-10  0.000782647967 
500             666.760716      3.15138854e-10  -4.05718019e-05
500             666.760716      5.60404936e-10  -0.00151873387 
500             666.760716      9.96556558e-10  -0.00419227976 
500             666.760716      1.77215601e-09  -0.00908824882 
500             666.760716      3.15138854e-09  -0.0182397146  
500             666.760716      5.60404936e-09  -0.0359050413  
500             666.760716      9.96556558e-09  -0.071632522   
500             666.760716      1.77215601e-08  -0.148348699   
500             666.760716      3.15138854e-08  -0.324137176   
500             666.760716      5.60404936e-08  -0.750213868   
500             666.760716      9.96556558e-08  -1.81934285    
500             666.760716      1.77215601e-07  -4.52541896    
500             666.760716      3.15138854e-07  -11.2884312    
500             666.760716      5.60404936e-07  -27.7629569    
500             666.760716      9.96556558e-07  -66.6391165    
500             666.760716      1.77215601e-06  -155.302214    
500             666.760716      3.15138854e-06  -350.723614    
500             666.760716      5.60404936e-06  -767.580762    
500             666.760716      9.96556558e-06  -1630.02283    
500             666.760716      1.77215601e-05  -3365.12467    
500             666.760716      3.15138854e-05  -6769.78042    
500             666.760716      5.60404936e-05  -13307.4073    
500             666.760716      9.96556558e-05  -25634.4598    
666.760716      889.139705      0               5.75892045e-09 
666.760716      889.139705      1.77215601e-10  -0.00355194214 
666.760716      889.139705      3.15138854e-10  -0.00632678226 
666.760716      889.139705      5.60404936e-10  -0.0112837186  
666.760716      889.139705      9.96556558e-10  -0.0201693879  
666.760716      889.139705      1.77215601e-09  -0.0361930602  
666.760716      889.139705      3.15138854e-09  -0.065382415   
666.760716      889.139705      5.60404936e-09  -0.119439027   
666.760716      889.139705      9.96556558e-09  -0.22211474    
666.760716      889.139705      1.77215601e-08  -0.42413963    
666.760716      889.139705      3.15138854e-08  -0.838865359   
666.760716      889.139705      5.60404936e-08  -1.72603253    
666.760716      889.139705      9.96556558e-08  -3.6801483     
666.760716      889.139705      1.77215601e-07  -8.03343057    
666.760716      889.139705      3.15138854e-07  -17.690023     
666.760716      889.139705      5.60404936e-07  -38.8300194    
666.760716      889.139705      9.96556558e-07  -84.3419539    
666.760716      889.139705      1.77215601e-06  -180.553769    
666.760716      889.139705      3.15138854e-06  -379.996836    
666.760716      889.139705      5.60404936e-06  -784.918616    
666.760716      889.139705      9.96556558e-06  -1589.79692    
666.760716      889.139705      1.77215601e-05  -3157.49419    
666.760716      889.139705      3.15138854e-05  -6155.07724    
666.760716      889.139705      5.60404936e-05  -11795.5593    
666.760716      889.139705      9.96556558e-05  -22267.7382    
889.139705      1185.68685      0               0.00363571066  
889.139705      1185.68685      1.77215601e-10  0.00219038986  
889.139705      1185.68685      3.15138854e-10  0.00105582512  
889.139705      1185.68685      5.60404936e-10  -0.000982681775
889.139705      1185.68685      9.96556558e-10  -0.00467371673 
889.139705      1185.68685      1.77215601e-09  -0.0114450126  
889.139705      1185.68685      3.15138854e-09  -0.0241366401  
889.139705      1185.68685      5.60404936e-09  -0.0487289513  
889.139705      1185.68685      9.96556558e-09  -0.0986777044  
889.139705      1185.68685      1.77215601e-08  -0.206218784   
889.139705      1185.68685      3.15138854e-08  -0.452000469   
889.139705      1185.68685      5.60404936e-08  -1.04036015    
889.139705      1185.68685      9.96556558e-08  -2.47885728    
889.139705      1185.68685      1.77215601e-07  -5.97372331    
889.139705      1185.68685      3.15138854e-07  -14.2401507    
889.139705      1185.68685      5.60404936e-07  -33.0850834    
889.139705      1185.68685      9.96556558e-07  -74.4233547    
889.139705      1185.68685      1.77215601e-06  -161.94513     
889.139705      1185.68685      3.15138854e-06  -341.62516     
889.139705      1185.68685      5.60404936e-06  -700.914277    
889.139705      1185.68685      9.96556558e-06  -1403.2728     
889.139705      1185.68685      1.77215601e-05  -2749.70145    
889.139705      1185.68685      3.15138854e-05  -5288.04132    
889.139705      1185.68685      5.60404936e-05  -10007.2919    
889.139705      1185.68685      9.96556558e-05  -18683.3508    
1185.68685      1581.13883      0               -0.187791995   
1185.68685      1581.13883      1.77215601e-10  -0.184453262   
1185.68685      1581.13883      3.15138854e-10  -0.181879294   
1185.68685      1581.13883      5.60404936e-10  -0.177354738   
1185.68685      1581.13883      9.96556558e-10  -0.169474043   
1185.68685      1581.13883      1.77215601e-09  -0.155975037   
1185.68685      1581.13883      3.15138854e-09  -0.133558546   
1185.68685      1581.13883      5.60404936e-09  -0.0985068926  
1185.68685      1581.13883      9.96556558e-09  -0.0503213658  
1185.68685      1581.13883      1.77215601e-08  -0.00436591204 
1185.68685      1581.13883      3.15138854e-08  -0.0272183592  
1185.68685      1581.13883      5.60404936e-08  -0.32151625    
1185.68685      1581.13883      9.96556558e-08  -1.40847038    
1185.68685      1581.13883      1.77215601e-07  -4.49792859    
1185.68685      1581.13883      3.15138854e-07  -12.2165789    
1185.68685      1581.13883      5.60404936e-07  -29.9909215    
1185.68685      1581.13883      9.96556558e-07  -68.5805327    
1185.68685      1581.13883      1.77215601e-06  -148.655529    
1185.68685      1581.13883      3.15138854e-06  -309.102237    
1185.68685      1581.13883      5.60404936e-06  -622.127706    
1185.68685      1581.13883      9.96556558e-06  -1220.56025    
1185.68685      1581.13883      1.77215601e-05  -2346.71073    
1185.68685      1581.13883      3.15138854e-05  -4439.21072    
1185.68685      1581.13883      5.60404936e-05  -8287.12795    
1185.68685      1581.13883      9.96556558e-05  -15303.9364    
1581.13883      2108.48252      0               8.05831551e-05 
1581.13883      2108.48252      1.77215601e-10  -0.00216265845 
1581.13883      2108.48252      3.15138854e-10  -0.00392119591 
1581.13883      2108.48252      5.60404936e-10  -0.00707565352 
1581.13883      2108.48252      9.96556558e-10  -0.01277096    
1581.13883      2108.48252      1.77215601e-09  -0.023167422   
1581.13883      2108.48252      3.15138854e-09  -0.042489848   
1581.13883      2108.48252      5.60404936e-09  -0.0794101343  
1581.13883      2108.48252      9.96556558e-09  -0.152744708   
1581.13883      2108.48252      1.77215601e-08  -0.305398283   
1581.13883      2108.48252      3.15138854e-08  -0.637928414   
1581.13883      2108.48252      5.60404936e-08  -1.38491956    
1581.13883      2108.48252      9.96556558e-08  -3.0753511     
1581.13883      2108.48252      1.77215601e-07  -6.84544517    
1581.13883      2108.48252      3.15138854e-07  -15.0260311    
1581.13883      2108.48252      5.60404936e-07  -32.2364611    
1581.13883      2108.48252      9.96556558e-07  -67.4046809    
1581.13883      2108.48252      1.77215601e-06  -137.435293    
1581.13883      2108.48252      3.15138854e-06  -273.80155     
1581.13883      2108.48252      5.60404936e-06  -534.368257    
1581.13883      2108.48252      9.96556558e-06  -1024.53274    
1581.13883      2108.48252      1.77215601e-05  -1934.85132    
1581.13883      2108.48252      3.15138854e-05  -3607.87696    
1581.13883      2108.48252      5.60404936e-05  -6657.01248    
1581.13883      2108.48252      9.96556558e-05  -12178.1354    
2108.48252      2811.70663      0               -0.0103613445  
2108.48252      2811.70663      1.77215601e-10  -0.00912779296 
2108.48252      2811.70663      3.15138854e-10  -0.00822522521 
2108.48252      2811.70663      5.60404936e-10  -0.0067423409  
2108.48252      2811.70663      9.96556558e-10  -0.00448197299 
2108.48252      2811.70663      1.77215601e-09  -0.00160234722 
2108.48252      2811.70663      3.15138854e-09  0.000173755533 
2108.48252      2811.70663      5.60404936e-09  -0.00600396578 
2108.48252      2811.70663      9.96556558e-09  -0.0411736399  
2108.48252      2811.70663      1.77215601e-08  -0.160334027   
2108.48252      2811.70663      3.15138854e-08  -0.489994776   
2108.48252      2811.70663      5.60404936e-08  -1.295038      
2108.48252      2811.70663      9.96556558e-08  -3.10222861    
2108.48252      2811.70663      1.77215601e-07  -6.93977394    
2108.48252      2811.70663      3.15138854e-07  -14.7987041    
2108.48252      2811.70663      5.60404936e-07  -30.4928114    
2108.48252      2811.70663      9.96556558e-07  -61.2198554    
2108.48252      2811.70663      1.77215601e-06  -120.362616    
2108.48252      2811.70663      3.15138854e-06  -232.511849    
2108.48252      2811.70663      5.60404936e-06  -442.478765    
2108.48252      2811.70663      9.96556558e-06  -831.403964    
2108.48252      2811.70663      1.77215601e-05  -1545.42457    
2108.48252      2811.70663      3.15138854e-05  -2846.60526    
2108.48252      2811.70663      5.60404936e-05  -5203.43735    
2108.48252      2811.70663      9.96556558e-05  -9451.72444    
2811.70663      3749.47105      0               0.000439156125 
2811.70663      3749.47105      1.77215601e-10  -0.00565187648 
2811.70663      3749.47105      3.15138854e-10  -0.010396072   
2811.70663      3749.47105      5.60404936e-10  -0.0188404921  
2811.70663      3749.47105      9.96556558e-10  -0.0338819636  
2811.70663      3749.47105      1.77215601e-09  -0.0607082091  
2811.70663      3749.47105      3.15138854e-09  -0.108657417   
2811.70663      3749.47105      5.60404936e-09  -0.194681862   
2811.70663      3749.47105      9.96556558e-09  -0.349965108   
2811.70663      3749.47105      1.77215601e-08  -0.632949156   
2811.70663      3749.47105      3.15138854e-08  -1.15562921    
2811.70663      3749.47105      5.60404936e-08  -2.13684615    
2811.70663      3749.47105      9.96556558e-08  -4.00721727    
2811.70663      3749.47105      1.77215601e-07  -7.60495095    
2811.70663      3749.47105      3.15138854e-07  -14.5258801    
2811.70663      3749.47105      5.60404936e-07  -27.7490529    
2811.70663      3749.47105      9.96556558e-07  -52.7810806    
2811.70663      3749.47105      1.77215601e-06  -99.7608204    
2811.70663      3749.47105      3.15138854e-06  -187.278275    
2811.70663      3749.47105      5.60404936e-06  -349.210235    
2811.70663      3749.47105      9.96556558e-06  -646.879124    
2811.70663      3749.47105      1.77215601e-05  -1190.64671    
2811.70663      3749.47105      3.15138854e-05  -2178.25744    
2811.70663      3749.47105      5.60404936e-05  -3962.93381    
2811.70663      3749.47105      9.96556558e-05  -7174.36262    
3749.47105      5000            0               9.22955223e-09 
3749.47105      5000            1.77215601e-10  -0.00568350491 
3749.47105      5000            3.15138854e-10  -0.0101077177  
3749.47105      5000            5.60404936e-10  -0.0179770419  
3749.47105      5000            9.96556558e-10  -0.0319767006  
3749.47105      5000            1.77215601e-09  -0.0568903004  
3749.47105      5000            3.15138854e-09  -0.101251205   
3749.47105      5000            5.60404936e-09  -0.180317715   
3749.47105      5000            9.96556558e-09  -0.3214818     
3749.47105      5000            1.77215601e-08  -0.574239797   
3749.47105      5000            3.15138854e-08  -1.02893224    
3749.47105      5000            5.60404936e-08  -1.85276366    
3749.47105      5000            9.96556558e-08  -3.36030206    
3749.47105      5000            1.77215601e-07  -6.15192608    
3749.47105      5000            3.15138854e-07  -11.3811382    
3749.47105      5000            5.60404936e-07  -21.2549941    
3749.47105      5000            9.96556558e-07  -39.9423516    
3749.47105      5000            1.77215601e-06  -75.1896145    
3749.47105      5000            3.15138854e-06  -141.179227    
3749.47105      5000            5.60404936e-06  -263.604984    
3749.47105      5000            9.96556558e-06  -488.710607    
3749.47105      5000            1.77215601e-05  -899.366044    
3749.47105      5000            3.15138854e-05  -1643.61134    
3749.47105      5000            5.60404936e-05  -2985.36565    
3749.47105      5000            9.96556558e-05  -5394.63438    
5000            6667.60716      0               8.27913027e-09 
5000            6667.60716      1.77215601e-10  -0.00509790951 
5000            6667.60716      3.15138854e-10  -0.00906597104 
5000            6667.60716      5.60404936e-10  -0.0161232805  
5000            6667.60716      9.96556558e-10  -0.0286762664  
5000            6667.60716      1.77215601e-09  -0.051008817   
5000            6667.60716      3.15138854e-09  -0.0907532896  
5000            6667.60716      5.60404936e-09  -0.161527182   
5000            6667.60716      9.96556558e-09  -0.287685731   
5000            6667.60716      1.77215601e-08  -0.512964951   
5000            6667.60716      3.15138854e-08  -0.916403862   
5000            6667.60716      5.60404936e-08  -1.64214711    
5000            6667.60716      9.96556558e-08  -2.95602119    
5000            6667.60716      1.77215601e-07  -5.35330369    
5000            6667.60716      3.15138854e-07  -9.76119214    
5000            6667.60716      5.60404936e-07  -17.9100839    
5000            6667.60716      9.96556558e-07  -33.0029306    
5000            6667.60716      1.77215601e-06  -60.9159483    
5000            6667.60716      3.15138854e-06  -112.342356    
5000            6667.60716      5.60404936e-06  -206.598179    
5000            6667.60716      9.96556558e-06  -378.374848    
5000            6667.60716      1.77215601e-05  -689.737517    
5000            6667.60716      3.15138854e-05  -1251.44766    
5000            6667.60716      5.60404936e-05  -2260.86618    
5000            6667.60716      9.96556558e-05  -4069.37213    
6667.60716      8891.39705      0               5.61635716e-09 
6667.60716      8891.39705      1.77215601e-10  -0.00345916262 
6667.60716      8891.39705      3.15138854e-10  -0.0061528656  
6667.60716      8891.39705      5.60404936e-10  -0.0109462639  
6667.60716      8891.39705      9.96556558e-10  -0.0194804731  
6667.60716      8891.39705      1.77215601e-09  -0.0346887199  
6667.60716      8891.39705      3.15138854e-09  -0.0618332105  
6667.60716      8891.39705      5.60404936e-09  -0.11041257    
6667.60716      8891.39705      9.96556558e-09  -0.197738078   
6667.60716      8891.39705      1.77215601e-08  -0.355792984   
6667.60716      8891.39705      3.15138854e-08  -0.644639141   
6667.60716      8891.39705      5.60404936e-08  -1.17865679    
6667.60716      8891.39705      9.96556558e-08  -2.17654284    
6667.60716      8891.39705      1.77215601e-07  -4.05226306    
6667.60716      8891.39705      3.15138854e-07  -7.57518201    
6667.60716      8891.39705      5.60404936e-07  -14.1532631    
6667.60716      8891.39705      9.96556558e-07  -26.3420534    
6667.60716      8891.39705      1.77215601e-06  -48.7565515    
6667.60716      8891.39705      3.15138854e-06  -89.6872268    
6667.60716      8891.39705      5.60404936e-06  -163.962962    
6667.60716      8891.39705      9.96556558e-06  -298.051493    
6667.60716      8891.39705      1.77215601e-05  -539.156814    
6667.60716      8891.39705      3.15138854e-05  -971.40548     
6667.60716      8891.39705      5.60404936e-05  -1744.61188    
6667.60716      8891.39705      9.96556558e-05  -3125.42878    
8891.39705      11856.8685      0               2.28982858e-05 
8891.39705      11856.8685      1.77215601e-10  -0.00251678043 
8891.39705      11856.8685      3.15138854e-10  -0.00449383364 
8891.39705      11856.8685      5.60404936e-10  -0.00801060956 
8891.39705      11856.8685      9.96556558e-10  -0.0142676496  
8891.39705      11856.8685      1.77215601e-09  -0.0254046008  
8891.39705      11856.8685      3.15138854e-09  -0.0452412683  
8891.39705      11856.8685      5.60404936e-09  -0.0806169194  
8891.39705      11856.8685      9.96556558e-09  -0.143837838   
8891.39705      11856.8685      1.77215601e-08  -0.257226827   
8891.39705      11856.8685      3.15138854e-08  -0.461778497   
8891.39705      11856.8685      5.60404936e-08  -0.834056611   
8891.39705      11856.8685      9.96556558e-08  -1.51978572    
8891.39705      11856.8685      1.77215601e-07  -2.80032525    
8891.39705      11856.8685      3.15138854e-07  -5.21954026    
8891.39705      11856.8685      5.60404936e-07  -9.81269234    
8891.39705      11856.8685      9.96556558e-07  -18.501868     
8891.39705      11856.8685      1.77215601e-06  -34.7769539    
8891.39705      11856.8685      3.15138854e-06  -64.896396     
8891.39705      11856.8685      5.60404936e-06  -120.038779    
8891.39705      11856.8685      9.96556558e-06  -220.155866    
8891.39705      11856.8685      1.77215601e-05  -400.835088    
8891.39705      11856.8685      3.15138854e-05  -725.496649    
8891.39705      11856.8685      5.60404936e-05  -1307.08437    
8891.39705      11856.8685      9.96556558e-05  -2346.65391    
11856.8685      15811.3883      0               2.76349588e-05 
11856.8685      15811.3883      1.77215601e-10  -0.000996135189
11856.8685      15811.3883      3.15138854e-10  -0.00179590504 
11856.8685      15811.3883      5.60404936e-10  -0.00322455766 
11856.8685      15811.3883      9.96556558e-10  -0.00578533166 
11856.8685      15811.3883      1.77215601e-09  -0.0104023603  
11856.8685      15811.3883      3.15138854e-09  -0.0188088269  
11856.8685      15811.3883      5.60404936e-09  -0.0343567894  
11856.8685      15811.3883      9.96556558e-09  -0.0637886713  
11856.8685      15811.3883      1.77215601e-08  -0.121217821   
11856.8685      15811.3883      3.15138854e-08  -0.236945456   
11856.8685      15811.3883      5.60404936e-08  -0.475718631   
11856.8685      15811.3883      9.96556558e-08  -0.970580024   
11856.8685      15811.3883      1.77215601e-07  -1.97917752    
11856.8685      15811.3883      3.15138854e-07  -3.9743354     
11856.8685      15811.3883      5.60404936e-07  -7.79803871    
11856.8685      15811.3883      9.96556558e-07  -14.9383354    
11856.8685      15811.3883      1.77215601e-06  -28.032336     
11856.8685      15811.3883      3.15138854e-06  -51.7724522    
11856.8685      15811.3883      5.60404936e-06  -94.5283869    
11856.8685      15811.3883      9.96556558e-06  -171.239925    
11856.8685      15811.3883      1.77215601e-05  -308.566913    
11856.8685      15811.3883      3.15138854e-05  -554.050496    
11856.8685      15811.3883      5.60404936e-05  -992.403327    
11856.8685      15811.3883      9.96556558e-05  -1774.46717    
15811.3883      21084.8252      0               0.00776368344  
15811.3883      21084.8252      1.77215601e-10  0.00550353552  
15811.3883      21084.8252      3.15138854e-10  0.00374450364  
15811.3883      21084.8252      5.60404936e-10  0.000616442003 
15811.3883      21084.8252      9.96556558e-10  -0.00494616183 
15811.3883      21084.8252      1.77215601e-09  -0.0148381402  
15811.3883      21084.8252      3.15138854e-09  -0.0324292035  
15811.3883      21084.8252      5.60404936e-09  -0.0637121723  
15811.3883      21084.8252      9.96556558e-09  -0.119345639   
15811.3883      21084.8252      1.77215601e-08  -0.218288851   
15811.3883      21084.8252      3.15138854e-08  -0.394273232   
15811.3883      21084.8252      5.60404936e-08  -0.707334243   
15811.3883      21084.8252      9.96556558e-08  -1.26439004    
15811.3883      21084.8252      1.77215601e-07  -2.25604642    
15811.3883      21084.8252      3.15138854e-07  -4.02262839    
15811.3883      21084.8252      5.60404936e-07  -7.17306026    
15811.3883      21084.8252      9.96556558e-07  -12.7993376    
15811.3883      21084.8252      1.77215601e-06  -22.8626435    
15811.3883      21084.8252      3.15138854e-06  -40.883391     
15811.3883      21084.8252      5.60404936e-06  -73.1641675    
15811.3883      21084.8252      9.96556558e-06  -130.951354    
15811.3883      21084.8252      1.77215601e-05  -234.269224    
15811.3883      21084.8252      3.15138854e-05  -418.745707    
15811.3883      21084.8252      5.60404936e-05  -747.770146    
15811.3883      21084.8252      9.96556558e-05  -1334.12282    
21084.8252      28117.0663      0               8.13351039e-06 
21084.8252      28117.0663      1.77215601e-10  -0.000894112572
21084.8252      28117.0663      3.15138854e-10  -0.00159668659 
21084.8252      28117.0663      5.60404936e-10  -0.00284686802 
21084.8252      28117.0663      9.96556558e-10  -0.00507259121 
21084.8252      28117.0663      1.77215601e-09  -0.00903858623 
21084.8252      28117.0663      3.15138854e-09  -0.0161164791  
21084.8252      28117.0663      5.60404936e-09  -0.028781839   
21084.8252      28117.0663      9.96556558e-09  -0.0515486813  
21084.8252      28117.0663      1.77215601e-08  -0.0927792389  
21084.8252      28117.0663      3.15138854e-08  -0.168309703   
21084.8252      28117.0663      5.60404936e-08  -0.308909029   
21084.8252      28117.0663      9.96556558e-08  -0.575636004   
21084.8252      28117.0663      1.77215601e-07  -1.09025976    
21084.8252      28117.0663      3.15138854e-07  -2.09142454    
21084.8252      28117.0663      5.60404936e-07  -4.03198506    
21084.8252      28117.0663      9.96556558e-07  -7.74540125    
21084.8252      28117.0663      1.77215601e-06  -14.7369414    
21084.8252      28117.0663      3.15138854e-06  -27.7008358    
21084.8252      28117.0663      5.60404936e-06  -51.4389771    
21084.8252      28117.0663      9.96556558e-06  -94.4919026    
21084.8252      28117.0663      1.77215601e-05  -172.036507    
21084.8252      28117.0663      3.15138854e-05  -311.04044     
21084.8252      28117.0663      5.60404936e-05  -559.437149    
21084.8252      28117.0663      9.96556558e-05  -1002.45649    
28117.0663      37494.7105      0               1.19877931e-05 
28117.0663      37494.7105      1.77215601e-10  -0.000652958678
28117.0663      37494.7105      3.15138854e-10  -0.00117073273 
28117.0663      37494.7105      5.60404936e-10  -0.00209204097 
28117.0663      37494.7105      9.96556558e-10  -0.00373215616 
28117.0663      37494.7105      1.77215601e-09  -0.0066543239  
28117.0663      37494.7105      3.15138854e-09  -0.0118683139  
28117.0663      37494.7105      5.60404936e-09  -0.0211952123  
28117.0663      37494.7105      9.96556558e-09  -0.0379517851  
28117.0663      37494.7105      1.77215601e-08  -0.0682729339  
28117.0663      37494.7105      3.15138854e-08  -0.123759732   
28117.0663      37494.7105      5.60404936e-08  -0.226949749   
28117.0663      37494.7105      9.96556558e-08  -0.422717331   
28117.0663      37494.7105      1.77215601e-07  -0.801313534   
28117.0663      37494.7105      3.15138854e-07  -1.54178621    
28117.0663      37494.7105      5.60404936e-07  -2.98776904    
28117.0663      37494.7105      9.96556558e-07  -5.77575006    
28117.0663      37494.7105      1.77215601e-06  -11.0575231    
28117.0663      37494.7105      3.15138854e-06  -20.8958997    
28117.0663      37494.7105      5.60404936e-06  -38.9699402    
28117.0663      37494.7105      9.96556558e-06  -71.8285035    
28117.0663      37494.7105      1.77215601e-05  -131.118732    
28117.0663      37494.7105      3.15138854e-05  -237.547972    
28117.0663      37494.7105      5.60404936e-05  -427.930288    
28117.0663      37494.7105      9.96556558e-05  -767.726864    
37494.7105      50000           0               1.70797421e-09 
37494.7105      50000           1.77215601e-10  -0.00105163039 
37494.7105      50000           3.15138854e-10  -0.00187009401 
37494.7105      50000           5.60404936e-10  -0.00332555101 
37494.7105      50000           9.96556558e-10  -0.00591376026 
37494.7105      50000           1.77215601e-09  -0.0105163195  
37494.7105      50000           3.15138854e-09  -0.0187009562  
37494.7105      50000           5.60404936e-09  -0.0332555278  
37494.7105      50000           9.96556558e-09  -0.0591376251  
37494.7105      50000           1.77215601e-08  -0.105163233   
37494.7105      50000           3.15138854e-08  -0.187009648   
37494.7105      50000           5.60404936e-08  -0.332555518   
37494.7105      50000           9.96556558e-08  -0.591376977   
37494.7105      50000           1.77215601e-07  -1.05163459    
37494.7105      50000           3.15138854e-07  -1.87010359    
37494.7105      50000           5.60404936e-07  -3.32557758    
37494.7105      50000           9.96556558e-07  -5.91384034    
37494.7105      50000           1.77215601e-06  -10.5165678    
37494.7105      50000           3.15138854e-06  -18.7017302    
37494.7105      50000           5.60404936e-06  -33.2579323    
37494.7105      50000           9.96556558e-06  -59.1450149    
37494.7105      50000           1.77215601e-05  -105.18552     
37494.7105      50000           3.15138854e-05  -187.074898    
37494.7105      50000           5.60404936e-05  -332.738632    
37494.7105      50000           9.96556558e-05  -591.863687    
50000           66676.0716      0               1.26581767e-09 
50000           66676.0716      1.77215601e-10  -0.000779393689
50000           66676.0716      3.15138854e-10  -0.00138598084 
50000           66676.0716      5.60404936e-10  -0.00246466249 
50000           66676.0716      9.96556558e-10  -0.00438286057 
50000           66676.0716      1.77215601e-09  -0.00779395493 
50000           66676.0716      3.15138854e-09  -0.0138598408  
50000           66676.0716      5.60404936e-09  -0.0246467028  
50000           66676.0716      9.96556558e-09  -0.0438288273  
50000           66676.0716      1.77215601e-08  -0.077940225   
50000           66676.0716      3.15138854e-08  -0.138600518   
50000           66676.0716      5.60404936e-08  -0.246473669   
50000           66676.0716      9.96556558e-08  -0.438309204   
50000           66676.0716      1.77215601e-07  -0.779468162   
50000           66676.0716      3.15138854e-07  -1.38621217    
50000           66676.0716      5.60404936e-07  -2.46538339    
50000           66676.0716      9.96556558e-07  -4.38509452    
50000           66676.0716      1.77215601e-06  -7.80078839    
50000           66676.0716      3.15138854e-06  -13.8802846    
50000           66676.0716      5.60404936e-06  -24.7057854    
50000           66676.0716      9.96556558e-06  -43.9913614    
50000           66676.0716      1.77215601e-05  -78.3600585    
50000           66676.0716      3.15138854e-05  -139.610756    
50000           66676.0716      5.60404936e-05  -248.739907    
50000           66676.0716      9.96556558e-05  -443.087629    
66676.0716      88913.9705      0               9.40787004e-10 
66676.0716      88913.9705      1.77215601e-10  -0.000579259388
66676.0716      88913.9705      3.15138854e-10  -0.00103008587 
66676.0716      88913.9705      5.60404936e-10  -0.00183178151 
66676.0716      88913.9705      9.96556558e-10  -0.00325742099 
66676.0716      88913.9705      1.77215601e-09  -0.0057926083  
66676.0716      88913.9705      3.15138854e-09  -0.0103008859  
66676.0716      88913.9705      5.60404936e-09  -0.018317883   
66676.0716      88913.9705      9.96556558e-09  -0.0325744064  
66676.0716      88913.9705      1.77215601e-08  -0.057926686   
66676.0716      88913.9705      3.15138854e-08  -0.103010747   
66676.0716      88913.9705      5.60404936e-08  -0.183184774   
66676.0716      88913.9705      9.96556558e-08  -0.325762802   
66676.0716      88913.9705      1.77215601e-07  -0.57932588    
66676.0716      88913.9705      3.15138854e-07  -1.03029289    
66676.0716      88913.9705      5.60404936e-07  -1.83242749    
66676.0716      88913.9705      9.96556558e-07  -3.25942541    
66676.0716      88913.9705      1.77215601e-06  -5.79875158    
66676.0716      88913.9705      3.15138854e-06  -10.319321     
66676.0716      88913.9705      5.60404936e-06  -18.3714059    
66676.0716      88913.9705      9.96556558e-06  -32.7225937    
66676.0716      88913.9705      1.77215601e-05  -58.312576     
66676.0716      88913.9705      3.15138854e-05  -103.947953    
66676.0716      88913.9705      5.60404936e-05  -185.30792     
66676.0716      88913.9705      9.96556558e-05  -330.284255    
88913.9705      118568.685      0               5.32111244e-10 
88913.9705      118568.685      1.77215601e-10  -0.000327628953
88913.9705      118568.685      3.15138854e-10  -0.000582624893
88913.9705      118568.685      5.60404936e-10  -0.00103609764 
88913.9705      118568.685      9.96556558e-10  -0.00184255806 
88913.9705      118568.685      1.77215601e-09  -0.00327685701 
88913.9705      118568.685      3.15138854e-09  -0.00582803199 
88913.9705      118568.685      5.60404936e-09  -0.0103665982  
88913.9705      118568.685      9.96556558e-09  -0.0184433123  
88913.9705      118568.685      1.77215601e-08  -0.0328244329  
88913.9705      118568.685      3.15138854e-08  -0.0584558531  
88913.9705      118568.685      5.60404936e-08  -0.104214925   
88913.9705      118568.685      9.96556558e-08  -0.186135608   
88913.9705      118568.685      1.77215601e-07  -0.333450091   
88913.9705      118568.685      3.15138854e-07  -0.600108202   
88913.9705      118568.685      5.60404936e-07  -1.0869167     
88913.9705      118568.685      9.96556558e-07  -1.98345942    
88913.9705      118568.685      1.77215601e-06  -3.64426231    
88913.9705      118568.685      3.15138854e-06  -6.72089294    
88913.9705      118568.685      5.60404936e-06  -12.3875623    
88913.9705      118568.685      9.96556558e-06  -22.734652     
88913.9705      118568.685      1.77215601e-05  -41.4707332    
88913.9705      118568.685      3.15138854e-05  -75.1810252    
88913.9705      118568.685      5.60404936e-05  -135.576106    
88913.9705      118568.685      9.96556558e-05  -243.497434    
118568.685      158113.883      0               0.000510026833 
118568.685      158113.883      1.77215601e-10  0.000184910089 
118568.685      158113.883      3.15138854e-10  -6.81215902e-05
118568.685      158113.883      5.60404936e-10  -0.000518082642
118568.685      158113.883      9.96556558e-10  -0.0013182392  
118568.685      158113.883      1.77215601e-09  -0.00274114138 
118568.685      158113.883      3.15138854e-09  -0.00527145986 
118568.685      158113.883      5.60404936e-09  -0.00977107571 
118568.685      158113.883      9.96556558e-09  -0.0177726581  
118568.685      158113.883      1.77215601e-08  -0.0320017333  
118568.685      158113.883      3.15138854e-08  -0.0573050866  
118568.685      158113.883      5.60404936e-08  -0.102301778   
118568.685      158113.883      9.96556558e-08  -0.182319285   
118568.685      158113.883      1.77215601e-07  -0.32461535    
118568.685      158113.883      3.15138854e-07  -0.577665637   
118568.685      158113.883      5.60404936e-07  -1.02768526    
118568.685      158113.883      9.96556558e-07  -1.82802556    
118568.685      158113.883      1.77215601e-06  -3.25150056    
118568.685      158113.883      3.15138854e-06  -5.7835861     
118568.685      158113.883      5.60404936e-06  -10.288557     
118568.685      158113.883      9.96556558e-06  -18.3059074    
118568.685      158113.883      1.77215601e-05  -32.5794202    
118568.685      158113.883      3.15138854e-05  -58.0005871    
118568.685      158113.883      5.60404936e-05  -103.286903    
118568.685      158113.883      9.96556558e-05  -183.961008    
158113.883      210848.252      0               0.000251204899 
158113.883      210848.252      1.77215601e-10  2.28219806e-05 
158113.883      210848.252      3.15138854e-10  -0.000154923963
158113.883      210848.252      5.60404936e-10  -0.000471006392
158113.883      210848.252      9.96556558e-10  -0.00103309078 
158113.883      210848.252      1.77215601e-09  -0.00203263863 
158113.883      210848.252      3.15138854e-09  -0.0038101291  
158113.883      210848.252      5.60404936e-09  -0.00697105148 
158113.883      210848.252      9.96556558e-09  -0.0125922054  
158113.883      210848.252      1.77215601e-08  -0.0225886639  
158113.883      210848.252      3.15138854e-08  -0.0403666636  
158113.883      210848.252      5.60404936e-08  -0.0719856537  
158113.883      210848.252      9.96556558e-08  -0.128227958   
158113.883      210848.252      1.77215601e-07  -0.228289169   
158113.883      210848.252      3.15138854e-07  -0.406371069   
158113.883      210848.252      5.60404936e-07  -0.723495761   
158113.883      210848.252      9.96556558e-07  -1.28876876    
158113.883      210848.252      1.77215601e-06  -2.297849      
158113.883      210848.252      3.15138854e-06  -4.10282039    
158113.883      210848.252      5.60404936e-06  -7.33888087    
158113.883      210848.252      9.96556558e-06  -13.1516795    
158113.883      210848.252      1.77215601e-05  -23.5994144    
158113.883      210848.252      3.15138854e-05  -42.3592296    
158113.883      210848.252      5.60404936e-05  -75.9742456    
158113.883      210848.252      9.96556558e-05  -136.070382    
210848.252      281170.663      0               2.97795566e-10 
210848.252      281170.663      1.77215601e-10  -0.000183357516
210848.252      281170.663      3.15138854e-10  -0.000326061127
210848.252      281170.663      5.60404936e-10  -0.000579828021
210848.252      281170.663      9.96556558e-10  -0.00103109647 
210848.252      281170.663      1.77215601e-09  -0.00183357785 
210848.252      281170.663      3.15138854e-09  -0.00326061399 
210848.252      281170.663      5.60404936e-09  -0.00579828301 
210848.252      281170.663      9.96556558e-09  -0.0103109677  
210848.252      281170.663      1.77215601e-08  -0.0183357824  
210848.252      281170.663      3.15138854e-08  -0.0326061464  
210848.252      281170.663      5.60404936e-08  -0.057982845   
210848.252      281170.663      9.96556558e-08  -0.103109718   
210848.252      281170.663      1.77215601e-07  -0.183357949   
210848.252      281170.663      3.15138854e-07  -0.326061852   
210848.252      281170.663      5.60404936e-07  -0.579829669   
210848.252      281170.663      9.96556558e-07  -1.03110103    
210848.252      281170.663      1.77215601e-06  -1.83359162    
210848.252      281170.663      3.15138854e-06  -3.26065679    
210848.252      281170.663      5.60404936e-06  -5.79841714    
210848.252      281170.663      9.96556558e-06  -10.311388     
210848.252      281170.663      1.77215601e-05  -18.3370929    
210848.252      281170.663      3.15138854e-05  -32.6101939    
210848.252      281170.663      5.60404936e-05  -57.9951418    
210848.252      281170.663      9.96556558e-05  -103.146108    
281170.663      374947.105      0               1.85095557e-05 
281170.663      374947.105      1.77215601e-10  -0.000118356432
281170.663      374947.105      3.15138854e-10  -0.000224876412
281170.663      374947.105      5.60404936e-10  -0.000414298699
281170.663      374947.105      9.96556558e-10  -0.000751144452
281170.663      374947.105      1.77215601e-09  -0.00135015032 
281170.663      374947.105      3.15138854e-09  -0.00241535012 
281170.663      374947.105      5.60404936e-09  -0.00430957299 
281170.663      374947.105      9.96556558e-09  -0.00767803052 
281170.663      374947.105      1.77215601e-08  -0.0136680892  
281170.663      374947.105      3.15138854e-08  -0.0243200872  
281170.663      374947.105      5.60404936e-08  -0.0432623159  
281170.663      374947.105      9.96556558e-08  -0.0769468912  
281170.663      374947.105      1.77215601e-07  -0.136847478   
281170.663      374947.105      3.15138854e-07  -0.243367458   
281170.663      374947.105      5.60404936e-07  -0.432789745   
281170.663      374947.105      9.96556558e-07  -0.769635499   
281170.663      374947.105      1.77215601e-06  -1.36864137    
281170.663      374947.105      3.15138854e-06  -2.43384117    
281170.663      374947.105      5.60404936e-06  -4.32806405    
281170.663      374947.105      9.96556558e-06  -7.69652159    
281170.663      374947.105      1.77215601e-05  -13.6865803    
281170.663      374947.105      3.15138854e-05  -24.3385785    
281170.663      374947.105      5.60404936e-05  -43.2808078    
281170.663      374947.105      9.96556558e-05  -76.9653848    
374947.105      500000          0               0.000320356938 
374947.105      500000          1.77215601e-10  0.000220825171 
374947.105      500000          3.15138854e-10  0.000143361646 
374947.105      500000          5.60404936e-10  5.6098546e-06  
374947.105      500000          9.96556558e-10  -0.00023935132 
374947.105      500000          1.77215601e-09  -0.000674960733
374947.105      500000          3.15138854e-09  -0.00144959598 
374947.105      500000          5.60404936e-09  -0.0028271139  
374947.105      500000          9.96556558e-09  -0.00527672565 
374947.105      500000          1.77215601e-08  -0.00963281978 
374947.105      500000          3.15138854e-08  -0.0173791723  
374947.105      500000          5.60404936e-08  -0.0311543515  
374947.105      500000          9.96556558e-08  -0.0556504689  
374947.105      500000          1.77215601e-07  -0.0992114103  
374947.105      500000          3.15138854e-07  -0.176674936   
374947.105      500000          5.60404936e-07  -0.314426728   
374947.105      500000          9.96556558e-07  -0.559387904   
374947.105      500000          1.77215601e-06  -0.994997321   
374947.105      500000          3.15138854e-06  -1.76963259    
374947.105      500000          5.60404936e-06  -3.14715054    
374947.105      500000          9.96556558e-06  -5.59676243    
374947.105      500000          1.77215601e-05  -9.95285699    
374947.105      500000          3.15138854e-05  -17.6992108    
374947.105      500000          5.60404936e-05  -31.4743943    
374947.105      500000          9.96556558e-05  -55.9705252    
