### like_ursa_major_II.txt
#[0]emin(MeV) [1]emax(MeV) [2]eflux(MeV/cm^2/s) [3]deltaLogLike
500             666.760716      0               -2.34259067    
500             666.760716      1.76806226e-10  -2.33439743    
500             666.760716      3.14410872e-10  -2.32803242    
500             666.760716      5.59110379e-10  -2.31673873    
500             666.760716      9.94254475e-10  -2.29673459    
500             666.760716      1.76806226e-09  -2.26141146    
500             666.760716      3.14410872e-09  -2.19938355    
500             666.760716      5.59110379e-09  -2.0915482     
500             666.760716      9.94254475e-09  -1.90748293    
500             666.760716      1.76806226e-08  -1.60392099    
500             666.760716      3.14410872e-08  -1.13618168    
500             666.760716      5.59110379e-08  -0.517023337   
500             666.760716      9.94254475e-08  -0.0166662745  
500             666.760716      1.76806226e-07  -0.723932359   
500             666.760716      3.14410872e-07  -5.91454134    
500             666.760716      5.59110379e-07  -24.0382933    
500             666.760716      9.94254475e-07  -74.7505602    
500             666.760716      1.76806226e-06  -200.513872    
500             666.760716      3.14410872e-06  -488.269282    
500             666.760716      5.59110379e-06  -1109.19088    
500             666.760716      9.94254475e-06  -2390.73347    
500             666.760716      1.76806226e-05  -4945.93576    
500             666.760716      3.14410872e-05  -9903.65475    
500             666.760716      5.59110379e-05  -19316.657     
500             666.760716      9.94254475e-05  -36884.3259    
666.760716      889.139705      0               -0.142061104   
666.760716      889.139705      1.76806226e-10  -0.139924532   
666.760716      889.139705      3.14410872e-10  -0.138273423   
666.760716      889.139705      5.59110379e-10  -0.135362644   
666.760716      889.139705      9.94254475e-10  -0.130266482   
666.760716      889.139705      1.76806226e-09  -0.121456247   
666.760716      889.139705      3.14410872e-09  -0.106581726   
666.760716      889.139705      5.59110379e-09  -0.0826099836  
666.760716      889.139705      9.94254475e-09  -0.0476752464  
666.760716      889.139705      1.76806226e-08  -0.00910138386 
666.760716      889.139705      3.14410872e-08  -0.0109847137  
666.760716      889.139705      5.59110379e-08  -0.217959389   
666.760716      889.139705      9.94254475e-08  -1.14499481    
666.760716      889.139705      1.76806226e-07  -4.22779493    
666.760716      889.139705      3.14410872e-07  -13.1078189    
666.760716      889.139705      5.59110379e-07  -36.2971527    
666.760716      889.139705      9.94254475e-07  -92.3825473    
666.760716      889.139705      1.76806226e-06  -219.809879    
666.760716      889.139705      3.14410872e-06  -494.880645    
666.760716      889.139705      5.59110379e-06  -1064.43016    
666.760716      889.139705      9.94254475e-06  -2204.6043     
666.760716      889.139705      1.76806226e-05  -4425.72669    
666.760716      889.139705      3.14410872e-05  -8658.53452    
666.760716      889.139705      5.59110379e-05  -16584.6733    
666.760716      889.139705      9.94254475e-05  -31223.5647    
889.139705      1185.68685      0               0.00114181155  
889.139705      1185.68685      1.76806226e-10  -0.00129820923 
889.139705      1185.68685      3.14410872e-10  -0.00320903501 
889.139705      1185.68685      5.59110379e-10  -0.00663250603 
889.139705      1185.68685      9.94254475e-10  -0.0128007993  
889.139705      1185.68685      1.76806226e-09  -0.0240229082  
889.139705      1185.68685      3.14410872e-09  -0.0447733853  
889.139705      1185.68685      5.59110379e-09  -0.0841520226  
889.139705      1185.68685      9.94254475e-09  -0.161833402   
889.139705      1185.68685      1.76806226e-08  -0.323219405   
889.139705      1185.68685      3.14410872e-08  -0.678884894   
889.139705      1185.68685      5.59110379e-08  -1.50581943    
889.139705      1185.68685      9.94254475e-08  -3.49475499    
889.139705      1185.68685      1.76806226e-07  -8.31065893    
889.139705      1185.68685      3.14410872e-07  -19.763019     
889.139705      1185.68685      5.59110379e-07  -46.0926583    
889.139705      1185.68685      9.94254475e-07  -104.27169     
889.139705      1185.68685      1.76806226e-06  -227.949836    
889.139705      1185.68685      3.14410872e-06  -481.977457    
889.139705      1185.68685      5.59110379e-06  -988.652941    
889.139705      1185.68685      9.94254475e-06  -1974.72806    
889.139705      1185.68685      1.76806226e-05  -3855.12295    
889.139705      1185.68685      3.14410872e-05  -7381.64825    
889.139705      1185.68685      5.59110379e-05  -13907.0805    
889.139705      1185.68685      9.94254475e-05  -25854.162     
1185.68685      1581.13883      0               0.000321335367 
1185.68685      1581.13883      1.76806226e-10  -0.00414606099 
1185.68685      1581.13883      3.14410872e-10  -0.00764129086 
1185.68685      1581.13883      5.59110379e-10  -0.0138963194  
1185.68685      1581.13883      9.94254475e-10  -0.025143887   
1185.68685      1581.13883      1.76806226e-09  -0.0455349958  
1185.68685      1581.13883      3.14410872e-09  -0.0830093057  
1185.68685      1581.13883      5.59110379e-09  -0.153380765   
1185.68685      1581.13883      9.94254475e-09  -0.289770913   
1185.68685      1581.13883      1.76806226e-08  -0.565132221   
1185.68685      1581.13883      3.14410872e-08  -1.1458212     
1185.68685      1581.13883      5.59110379e-08  -2.41332014    
1185.68685      1581.13883      9.94254475e-08  -5.22085954    
1185.68685      1581.13883      1.76806226e-07  -11.3973956    
1185.68685      1581.13883      3.14410872e-07  -24.7051188    
1185.68685      1581.13883      5.59110379e-07  -52.6576196    
1185.68685      1581.13883      9.94254475e-07  -109.953822    
1185.68685      1581.13883      1.76806226e-06  -224.830835    
1185.68685      1581.13883      3.14410872e-06  -450.594943    
1185.68685      1581.13883      5.59110379e-06  -886.351303    
1185.68685      1581.13883      9.94254475e-06  -1714.08381    
1185.68685      1581.13883      1.76806226e-05  -3264.67123    
1185.68685      1581.13883      3.14410872e-05  -6135.01913    
1185.68685      1581.13883      5.59110379e-05  -11395.8004    
1185.68685      1581.13883      9.94254475e-05  -20960.4243    
1581.13883      2108.48252      0               -0.306979261   
1581.13883      2108.48252      1.76806226e-10  -0.30181461    
1581.13883      2108.48252      3.14410872e-10  -0.297832229   
1581.13883      2108.48252      5.59110379e-10  -0.29083028    
1581.13883      2108.48252      9.94254475e-10  -0.278628991   
1581.13883      2108.48252      1.76806226e-09  -0.257709872   
1581.13883      2108.48252      3.14410872e-09  -0.222901685   
1581.13883      2108.48252      5.59110379e-09  -0.168206836   
1581.13883      2108.48252      9.94254475e-09  -0.0919404703  
1581.13883      2108.48252      1.76806226e-08  -0.0145376399  
1581.13883      2108.48252      3.14410872e-08  -0.0275001473  
1581.13883      2108.48252      5.59110379e-08  -0.407859366   
1581.13883      2108.48252      9.94254475e-08  -1.85496174    
1581.13883      2108.48252      1.76806226e-07  -5.94245375    
1581.13883      2108.48252      3.14410872e-07  -15.9461927    
1581.13883      2108.48252      5.59110379e-07  -38.340585     
1581.13883      2108.48252      9.94254475e-07  -85.5078383    
1581.13883      2108.48252      1.76806226e-06  -180.659028    
1581.13883      2108.48252      3.14410872e-06  -366.749175    
1581.13883      2108.48252      5.59110379e-06  -722.515425    
1581.13883      2108.48252      9.94254475e-06  -1391.10588    
1581.13883      2108.48252      1.76806226e-05  -2630.90995    
1581.13883      2108.48252      3.14410872e-05  -4905.71594    
1581.13883      2108.48252      5.59110379e-05  -9044.87464    
1581.13883      2108.48252      9.94254475e-05  -16528.1336    
2108.48252      2811.70663      0               0.000460380237 
2108.48252      2811.70663      1.76806226e-10  -0.00592529161 
2108.48252      2811.70663      3.14410872e-10  -0.0108993723  
2108.48252      2811.70663      5.59110379e-10  -0.019753842   
2108.48252      2811.70663      9.94254475e-10  -0.0355284896  
2108.48252      2811.70663      1.76806226e-09  -0.063671392   
2108.48252      2811.70663      3.14410872e-09  -0.11400396    
2108.48252      2811.70663      5.59110379e-09  -0.204406388   
2108.48252      2811.70663      9.94254475e-09  -0.367952913   
2108.48252      2811.70663      1.76806226e-08  -0.667320418   
2108.48252      2811.70663      3.14410872e-08  -1.2252587     
2108.48252      2811.70663      5.59110379e-08  -2.29139054    
2108.48252      2811.70663      9.94254475e-08  -4.38994818    
2108.48252      2811.70663      1.76806226e-07  -8.63748591    
2108.48252      2811.70663      3.14410872e-07  -17.3875438    
2108.48252      2811.70663      5.59110379e-07  -35.4552486    
2108.48252      2811.70663      9.94254475e-07  -72.3342462    
2108.48252      2811.70663      1.76806226e-06  -146.128188    
2108.48252      2811.70663      3.14410872e-06  -290.495719    
2108.48252      2811.70663      5.59110379e-06  -566.933056    
2108.48252      2811.70663      9.94254475e-06  -1086.55868    
2108.48252      2811.70663      1.76806226e-05  -2048.8303     
2108.48252      2811.70663      3.14410872e-05  -3810.38802    
2108.48252      2811.70663      5.59110379e-05  -7007.50383    
2108.48252      2811.70663      9.94254475e-05  -12773.9393    
2811.70663      3749.47105      0               6.08490336e-05 
2811.70663      3749.47105      1.76806226e-10  -0.00669047923 
2811.70663      3749.47105      3.14410872e-10  -0.0119496195  
2811.70663      3749.47105      5.59110379e-10  -0.0213120247  
2811.70663      3749.47105      9.94254475e-10  -0.0379930975  
2811.70663      3749.47105      1.76806226e-09  -0.0677576317  
2811.70663      3749.47105      3.14410872e-09  -0.121003204   
2811.70663      3749.47105      5.59110379e-09  -0.216669969   
2811.70663      3749.47105      9.94254475e-09  -0.389799887   
2811.70663      3749.47105      1.76806226e-08  -0.706689049   
2811.70663      3749.47105      3.14410872e-08  -1.29627854    
2811.70663      3749.47105      5.59110379e-08  -2.41613433    
2811.70663      3749.47105      9.94254475e-08  -4.58889166    
2811.70663      3749.47105      1.76806226e-07  -8.87243309    
2811.70663      3749.47105      3.14410872e-07  -17.3693564    
2811.70663      3749.47105      5.59110379e-07  -34.1561336    
2811.70663      3749.47105      9.94254475e-07  -66.9467627    
2811.70663      3749.47105      1.76806226e-06  -130.035653    
2811.70663      3749.47105      3.14410872e-06  -249.487749    
2811.70663      3749.47105      5.59110379e-06  -472.3461      
2811.70663      3749.47105      9.94254475e-06  -883.053187    
2811.70663      3749.47105      1.76806226e-05  -1632.7496     
2811.70663      3749.47105      3.14410872e-05  -2991.45275    
2811.70663      3749.47105      5.59110379e-05  -5440.84627    
2811.70663      3749.47105      9.94254475e-05  -9839.20711    
3749.47105      5000            0               7.25005184e-05 
3749.47105      5000            1.76806226e-10  -0.000939909832
3749.47105      5000            3.14410872e-10  -0.00173863053 
3749.47105      5000            5.59110379e-10  -0.00318219661 
3749.47105      5000            9.94254475e-10  -0.00582223452 
3749.47105      5000            1.76806226e-09  -0.0107452532  
3749.47105      5000            3.14410872e-09  -0.0202081569  
3749.47105      5000            5.59110379e-09  -0.0392034114  
3749.47105      5000            9.94254475e-09  -0.0794600601  
3749.47105      5000            1.76806226e-08  -0.169682319   
3749.47105      5000            3.14410872e-08  -0.380706887   
3749.47105      5000            5.59110379e-08  -0.882604133   
3749.47105      5000            9.94254475e-08  -2.06182549    
3749.47105      5000            1.76806226e-07  -4.74089418    
3749.47105      5000            3.14410872e-07  -10.5712381    
3749.47105      5000            5.59110379e-07  -22.7293667    
3749.47105      5000            9.94254475e-07  -47.1521326    
3749.47105      5000            1.76806226e-06  -94.7278171    
3749.47105      5000            3.14410872e-06  -185.189079    
3749.47105      5000            5.59110379e-06  -354.05166     
3749.47105      5000            9.94254475e-06  -664.993426    
3749.47105      5000            1.76806226e-05  -1231.89753    
3749.47105      5000            3.14410872e-05  -2258.03192    
3749.47105      5000            5.59110379e-05  -4105.67816    
3749.47105      5000            9.94254475e-05  -7419.94343    
5000            6667.60716      0               -0.347588345   
5000            6667.60716      1.76806226e-10  -0.34325831    
5000            6667.60716      3.14410872e-10  -0.339914908   
5000            6667.60716      5.59110379e-10  -0.334026388   
5000            6667.60716      9.94254475e-10  -0.323732975   
5000            6667.60716      1.76806226e-09  -0.305979484   
5000            6667.60716      3.14410872e-09  -0.276088086   
5000            6667.60716      5.59110379e-09  -0.227917356   
5000            6667.60716      9.94254475e-09  -0.156442705   
5000            6667.60716      1.76806226e-08  -0.0672508564  
5000            6667.60716      3.14410872e-08  -0.00159515001 
5000            6667.60716      5.59110379e-08  -0.0901223925  
5000            6667.60716      9.94254475e-08  -0.652869719   
5000            6667.60716      1.76806226e-07  -2.37247588    
5000            6667.60716      3.14410872e-07  -6.59046884    
5000            6667.60716      5.59110379e-07  -15.8238025    
5000            6667.60716      9.94254475e-07  -34.6834966    
5000            6667.60716      1.76806226e-06  -71.5150276    
5000            6667.60716      3.14410872e-06  -141.319868    
5000            6667.60716      5.59110379e-06  -270.961228    
5000            6667.60716      9.94254475e-06  -508.447486    
5000            6667.60716      1.76806226e-05  -939.473105    
5000            6667.60716      3.14410872e-05  -1716.8545     
5000            6667.60716      5.59110379e-05  -3112.86673    
5000            6667.60716      9.94254475e-05  -5612.26218    
6667.60716      8891.39705      0               7.33416528e-09 
6667.60716      8891.39705      1.76806226e-10  -0.00451953225 
6667.60716      8891.39705      3.14410872e-10  -0.0080419626  
6667.60716      8891.39705      5.59110379e-10  -0.0143165055  
6667.60716      8891.39705      9.94254475e-10  -0.0255078878  
6667.60716      8891.39705      1.76806226e-09  -0.045513693   
6667.60716      8891.39705      3.14410872e-09  -0.0814115168  
6667.60716      8891.39705      5.59110379e-09  -0.146222033   
6667.60716      8891.39705      9.94254475e-09  -0.264329544   
6667.60716      8891.39705      1.76806226e-08  -0.482314492   
6667.60716      8891.39705      3.14410872e-08  -0.890447978   
6667.60716      8891.39705      5.59110379e-08  -1.66351941    
6667.60716      8891.39705      9.94254475e-08  -3.13338487    
6667.60716      8891.39705      1.76806226e-07  -5.91218365    
6667.60716      8891.39705      3.14410872e-07  -11.104223     
6667.60716      8891.39705      5.59110379e-07  -20.6852692    
6667.60716      8891.39705      9.94254475e-07  -38.1934122    
6667.60716      8891.39705      1.76806226e-06  -69.9793904    
6667.60716      8891.39705      3.14410872e-06  -127.444746    
6667.60716      8891.39705      5.59110379e-06  -231.02219     
6667.60716      8891.39705      9.94254475e-06  -417.242369    
6667.60716      8891.39705      1.76806226e-05  -751.285575    
6667.60716      8891.39705      3.14410872e-05  -1349.28634    
6667.60716      8891.39705      5.59110379e-05  -2417.98255    
6667.60716      8891.39705      9.94254475e-05  -4325.21356    
8891.39705      11856.8685      0               5.30008037e-09 
8891.39705      11856.8685      1.76806226e-10  -0.00326591095 
8891.39705      11856.8685      3.14410872e-10  -0.00581128245 
8891.39705      11856.8685      5.59110379e-10  -0.01034536    
8891.39705      11856.8685      9.94254475e-10  -0.0184323846  
8891.39705      11856.8685      1.76806226e-09  -0.0328888669  
8891.39705      11856.8685      3.14410872e-09  -0.0588301541  
8891.39705      11856.8685      5.59110379e-09  -0.105672387   
8891.39705      11856.8685      9.94254475e-09  -0.191078423   
8891.39705      11856.8685      1.76806226e-08  -0.348922191   
8891.39705      11856.8685      3.14410872e-08  -0.645363974   
8891.39705      11856.8685      5.59110379e-08  -1.21007121    
8891.39705      11856.8685      9.94254475e-08  -2.29269187    
8891.39705      11856.8685      1.76806226e-07  -4.35866609    
8891.39705      11856.8685      3.14410872e-07  -8.25064       
8891.39705      11856.8685      5.59110379e-07  -15.4720498    
8891.39705      11856.8685      9.94254475e-07  -28.7012168    
8891.39705      11856.8685      1.76806226e-06  -52.7255097    
8891.39705      11856.8685      3.14410872e-06  -96.1235067    
8891.39705      11856.8685      5.59110379e-06  -174.26686     
8891.39705      11856.8685      9.94254475e-06  -314.64915     
8891.39705      11856.8685      1.76806226e-05  -566.335761    
8891.39705      11856.8685      3.14410872e-05  -1016.74119    
8891.39705      11856.8685      5.59110379e-05  -1821.45775    
8891.39705      11856.8685      9.94254475e-05  -3257.32549    
11856.8685      15811.3883      0               3.23848326e-09 
11856.8685      15811.3883      1.76806226e-10  -0.00199565117 
11856.8685      15811.3883      3.14410872e-10  -0.00355123757 
11856.8685      15811.3883      5.59110379e-10  -0.00632269535 
11856.8685      15811.3883      9.94254475e-10  -0.0112674443  
11856.8685      15811.3883      1.76806226e-09  -0.0201116999  
11856.8685      15811.3883      3.14410872e-09  -0.0359980967  
11856.8685      15811.3883      5.59110379e-09  -0.0647357639  
11856.8685      15811.3883      9.94254475e-09  -0.117300742   
11856.8685      15811.3883      1.76806226e-08  -0.214999156   
11856.8685      15811.3883      3.14410872e-08  -0.400238199   
11856.8685      15811.3883      5.59110379e-08  -0.758355006   
11856.8685      15811.3883      9.94254475e-08  -1.45891548    
11856.8685      15811.3883      1.76806226e-07  -2.82809559    
11856.8685      15811.3883      3.14410872e-07  -5.4720238     
11856.8685      15811.3883      5.59110379e-07  -10.4941834    
11856.8685      15811.3883      9.94254475e-07  -19.8911595    
11856.8685      15811.3883      1.76806226e-06  -37.2687607    
11856.8685      15811.3883      3.14410872e-06  -69.1148057    
11856.8685      15811.3883      5.59110379e-06  -127.046226    
11856.8685      15811.3883      9.94254475e-06  -231.786356    
11856.8685      15811.3883      1.76806226e-05  -420.229018    
11856.8685      15811.3883      3.14410872e-05  -758.007974    
11856.8685      15811.3883      5.59110379e-05  -1361.87025    
11856.8685      15811.3883      9.94254475e-05  -2439.48769    
15811.3883      21084.8252      0               -0.227338483   
15811.3883      21084.8252      1.76806226e-10  -0.224227761   
15811.3883      21084.8252      3.14410872e-10  -0.221830376   
15811.3883      21084.8252      5.59110379e-10  -0.217617619   
15811.3883      21084.8252      9.94254475e-10  -0.210282933   
15811.3883      21084.8252      1.76806226e-09  -0.197720388   
15811.3883      21084.8252      3.14410872e-09  -0.176820514   
15811.3883      21084.8252      5.59110379e-09  -0.143807304   
15811.3883      21084.8252      9.94254475e-09  -0.0963713861  
15811.3883      21084.8252      1.76806226e-08  -0.0399600317  
15811.3883      21084.8252      3.14410872e-08  -0.000912945368
15811.3883      21084.8252      5.59110379e-08  -0.0473570249  
15811.3883      21084.8252      9.94254475e-08  -0.317801411   
15811.3883      21084.8252      1.76806226e-07  -1.06433632    
15811.3883      21084.8252      3.14410872e-07  -2.73237039    
15811.3883      21084.8252      5.59110379e-07  -6.11640467    
15811.3883      21084.8252      9.94254475e-07  -12.6558979    
15811.3883      21084.8252      1.76806226e-06  -24.9775654    
15811.3883      21084.8252      3.14410872e-06  -47.8615204    
15811.3883      21084.8252      5.59110379e-06  -89.9401201    
15811.3883      21084.8252      9.94254475e-06  -166.694579    
15811.3883      21084.8252      1.76806226e-05  -305.771822    
15811.3883      21084.8252      3.14410872e-05  -556.427943    
15811.3883      21084.8252      5.59110379e-05  -1006.3019     
15811.3883      21084.8252      9.94254475e-05  -1811.2435     
21084.8252      28117.0663      0               3.63570507e-09 
21084.8252      28117.0663      1.76806226e-10  -0.00223858899 
21084.8252      28117.0663      3.14410872e-10  -0.00398084702 
21084.8252      28117.0663      5.59110379e-10  -0.00707908474 
21084.8252      28117.0663      9.94254475e-10  -0.0125886682  
21084.8252      28117.0663      1.76806226e-09  -0.0223864085  
21084.8252      28117.0663      3.14410872e-09  -0.0398100388  
21084.8252      28117.0663      5.59110379e-09  -0.0707957345  
21084.8252      28117.0663      9.94254475e-09  -0.125902051   
21084.8252      28117.0663      1.76806226e-08  -0.223912533   
21084.8252      28117.0663      3.14410872e-08  -0.398253067   
21084.8252      28117.0663      5.59110379e-08  -0.708437539   
21084.8252      28117.0663      9.94254475e-08  -1.26052485    
21084.8252      28117.0663      1.76806226e-07  -2.24380539    
21084.8252      28117.0663      3.14410872e-07  -3.99691844    
21084.8252      28117.0663      5.59110379e-07  -7.12774656    
21084.8252      28117.0663      9.94254475e-07  -12.7319999    
21084.8252      28117.0663      1.76806226e-06  -22.7919308    
21084.8252      28117.0663      3.14410872e-06  -40.8977818    
21084.8252      28117.0663      5.59110379e-06  -73.5344409    
21084.8252      28117.0663      9.94254475e-06  -132.349731    
21084.8252      28117.0663      1.76806226e-05  -238.148587    
21084.8252      28117.0663      3.14410872e-05  -427.96897     
21084.8252      28117.0663      5.59110379e-05  -767.678605    
21084.8252      28117.0663      9.94254475e-05  -1374.41436    
28117.0663      37494.7105      0               2.56932253e-09 
28117.0663      37494.7105      1.76806226e-10  -0.0015819623  
28117.0663      37494.7105      3.14410872e-10  -0.00281320323 
28117.0663      37494.7105      5.59110379e-10  -0.005002759   
28117.0663      37494.7105      9.94254475e-10  -0.00889660758 
28117.0663      37494.7105      1.76806226e-09  -0.0158216111  
28117.0663      37494.7105      3.14410872e-09  -0.0281382627  
28117.0663      37494.7105      5.59110379e-09  -0.0500472054  
28117.0663      37494.7105      9.94254475e-09  -0.0890278497  
28117.0663      37494.7105      1.76806226e-08  -0.158410263   
28117.0663      37494.7105      3.14410872e-08  -0.28199022    
28117.0663      37494.7105      5.59110379e-08  -0.502358927   
28117.0663      37494.7105      9.94254475e-08  -0.896061606   
28117.0663      37494.7105      1.76806226e-07  -1.6014474     
28117.0663      37494.7105      3.14410872e-07  -2.87018644    
28117.0663      37494.7105      5.59110379e-07  -5.16233581    
28117.0663      37494.7105      9.94254475e-07  -9.31917809    
28117.0663      37494.7105      1.76806226e-06  -16.8715042    
28117.0663      37494.7105      3.14410872e-06  -30.5843062    
28117.0663      37494.7105      5.59110379e-06  -55.4201024    
28117.0663      37494.7105      9.94254475e-06  -100.245581    
28117.0663      37494.7105      1.76806226e-05  -180.858043    
28117.0663      37494.7105      3.14410872e-05  -325.363543    
28117.0663      37494.7105      5.59110379e-05  -583.747918    
28117.0663      37494.7105      9.94254475e-05  -1044.9095     
37494.7105      50000           0               -0.196365377   
37494.7105      50000           1.76806226e-10  -0.194952674   
37494.7105      50000           3.14410872e-10  -0.193858652   
37494.7105      50000           5.59110379e-10  -0.191924901   
37494.7105      50000           9.94254475e-10  -0.188522918   
37494.7105      50000           1.76806226e-09  -0.18258775    
37494.7105      50000           3.14410872e-09  -0.172385938   
37494.7105      50000           5.59110379e-09  -0.155308581   
37494.7105      50000           9.94254475e-09  -0.128048029   
37494.7105      50000           1.76806226e-08  -0.0881706547  
37494.7105      50000           3.14410872e-08  -0.0391818763  
37494.7105      50000           5.59110379e-08  -0.0019126641  
37494.7105      50000           9.94254475e-08  -0.0338466844  
37494.7105      50000           1.76806226e-07  -0.256040347   
37494.7105      50000           3.14410872e-07  -0.891153097   
37494.7105      50000           5.59110379e-07  -2.32837075    
37494.7105      50000           9.94254475e-07  -5.24523176    
37494.7105      50000           1.76806226e-06  -10.8329926    
37494.7105      50000           3.14410872e-06  -21.2035999    
37494.7105      50000           5.59110379e-06  -40.1167128    
37494.7105      50000           9.94254475e-06  -74.2720812    
37494.7105      50000           1.76806226e-05  -135.600979    
37494.7105      50000           3.14410872e-05  -245.330555    
37494.7105      50000           5.59110379e-05  -441.207115    
37494.7105      50000           9.94254475e-05  -790.348538    
50000           66676.0716      0               1.73145054e-09 
50000           66676.0716      1.76806226e-10  -0.00106606283 
50000           66676.0716      3.14410872e-10  -0.00189575894 
50000           66676.0716      5.59110379e-10  -0.00337119044 
50000           66676.0716      9.94254475e-10  -0.00599491991 
50000           66676.0716      1.76806226e-09  -0.0106606441  
50000           66676.0716      3.14410872e-09  -0.0189576054  
50000           66676.0716      5.59110379e-09  -0.0337119213  
50000           66676.0716      9.94254475e-09  -0.059949219   
50000           66676.0716      1.76806226e-08  -0.10660647    
50000           66676.0716      3.14410872e-08  -0.189576112   
50000           66676.0716      5.59110379e-08  -0.337119364   
50000           66676.0716      9.94254475e-08  -0.599492632   
50000           66676.0716      1.76806226e-07  -1.06606606    
50000           66676.0716      3.14410872e-07  -1.8957654     
50000           66676.0716      5.59110379e-07  -3.3712071     
50000           66676.0716      9.94254475e-07  -5.99496875    
50000           66676.0716      1.76806226e-06  -10.6607941    
50000           66676.0716      3.14410872e-06  -18.9580724    
50000           66676.0716      5.59110379e-06  -33.7133747    
50000           66676.0716      9.94254475e-06  -59.9537042    
50000           66676.0716      1.76806226e-05  -106.620092    
50000           66676.0716      3.14410872e-05  -189.61642     
50000           66676.0716      5.59110379e-05  -337.234108    
50000           66676.0716      9.94254475e-05  -599.802751    
66676.0716      88913.9705      0               9.39252232e-10 
66676.0716      88913.9705      1.76806226e-10  -0.000578336591
66676.0716      88913.9705      3.14410872e-10  -0.00102846857 
66676.0716      88913.9705      5.59110379e-10  -0.00182898041 
66676.0716      88913.9705      9.94254475e-10  -0.00325267662 
66676.0716      88913.9705      1.76806226e-09  -0.00578491961 
66676.0716      88913.9705      3.14410872e-09  -0.0102895756  
66676.0716      88913.9705      5.59110379e-09  -0.0183052207  
66676.0716      88913.9705      9.94254475e-09  -0.0325753412  
66676.0716      88913.9705      1.76806226e-08  -0.0580019035  
66676.0716      88913.9705      3.14410872e-08  -0.103373763   
66676.0716      88913.9705      5.59110379e-08  -0.184537135   
66676.0716      88913.9705      9.94254475e-08  -0.330306688   
66676.0716      88913.9705      1.76806226e-07  -0.593682664   
66676.0716      88913.9705      3.14410872e-07  -1.0733616     
66676.0716      88913.9705      5.59110379e-07  -1.9546095     
66676.0716      88913.9705      9.94254475e-07  -3.58430693    
66676.0716      88913.9705      1.76806226e-06  -6.6029984     
66676.0716      88913.9705      3.14410872e-06  -12.1733074    
66676.0716      88913.9705      5.59110379e-06  -22.3816297    
66676.0716      88913.9705      9.94254475e-06  -40.9568668    
66676.0716      88913.9705      1.76806226e-05  -74.5549771    
66676.0716      88913.9705      3.14410872e-05  -135.03966     
66676.0716      88913.9705      5.59110379e-05  -243.528182    
66676.0716      88913.9705      9.94254475e-05  -437.5857      
88913.9705      118568.685      0               9.6284225e-10  
88913.9705      118568.685      1.76806226e-10  -0.000592837985
88913.9705      118568.685      3.14410872e-10  -0.00105423234 
88913.9705      118568.685      5.59110379e-10  -0.00187472042 
88913.9705      118568.685      9.94254475e-10  -0.00333377751 
88913.9705      118568.685      1.76806226e-09  -0.00592838879 
88913.9705      118568.685      3.14410872e-09  -0.0105423329  
88913.9705      118568.685      5.59110379e-09  -0.0187472156  
88913.9705      118568.685      9.94254475e-09  -0.0333377924  
88913.9705      118568.685      1.76806226e-08  -0.0592839239  
88913.9705      118568.685      3.14410872e-08  -0.105423424   
88913.9705      118568.685      5.59110379e-08  -0.187472438   
88913.9705      118568.685      9.94254475e-08  -0.333378798   
88913.9705      118568.685      1.76806226e-07  -0.592841981   
88913.9705      118568.685      3.14410872e-07  -1.05424288    
88913.9705      118568.685      5.59110379e-07  -1.87475162    
88913.9705      118568.685      9.94254475e-07  -3.33387371    
88913.9705      118568.685      1.76806226e-06  -5.92868879    
88913.9705      118568.685      3.14410872e-06  -10.5432678    
88913.9705      118568.685      5.59110379e-06  -18.7501069    
88913.9705      118568.685      9.94254475e-06  -33.3466012    
88913.9705      118568.685      1.76806226e-05  -59.3101042    
88913.9705      118568.685      3.14410872e-05  -105.498349    
88913.9705      118568.685      5.59110379e-05  -187.675877    
88913.9705      118568.685      9.94254475e-05  -333.896268    
118568.685      158113.883      0               0.000132029717 
118568.685      158113.883      1.76806226e-10  -0.000311733599
118568.685      158113.883      3.14410872e-10  -0.000657105451
118568.685      158113.883      5.59110379e-10  -0.0012712731  
118568.685      158113.883      9.94254475e-10  -0.0023634348  
118568.685      158113.883      1.76806226e-09  -0.00430560344 
118568.685      158113.883      3.14410872e-09  -0.00775932196 
118568.685      158113.883      5.59110379e-09  -0.0139009985  
118568.685      158113.883      9.94254475e-09  -0.0248226154  
118568.685      158113.883      1.76806226e-08  -0.0442443019  
118568.685      158113.883      3.14410872e-08  -0.0787814871  
118568.685      158113.883      5.59110379e-08  -0.140198252   
118568.685      158113.883      9.94254475e-08  -0.249414422   
118568.685      158113.883      1.76806226e-07  -0.443631287   
118568.685      158113.883      3.14410872e-07  -0.78900314    
118568.685      158113.883      5.59110379e-07  -1.4031708     
118568.685      158113.883      9.94254475e-07  -2.4953325     
118568.685      158113.883      1.76806226e-06  -4.43750117    
118568.685      158113.883      3.14410872e-06  -7.89121978    
118568.685      158113.883      5.59110379e-06  -14.0328966    
118568.685      158113.883      9.94254475e-06  -24.9545144    
118568.685      158113.883      1.76806226e-05  -44.3762038    
118568.685      158113.883      3.14410872e-05  -78.913398     
118568.685      158113.883      5.59110379e-05  -140.330192    
118568.685      158113.883      9.94254475e-05  -249.54645     
158113.883      210848.252      0               0.000472594574 
158113.883      210848.252      1.76806226e-10  0.000140832174 
158113.883      210848.252      3.14410872e-10  -0.000117371672
158113.883      210848.252      5.59110379e-10  -0.000576530254
158113.883      210848.252      9.94254475e-10  -0.00139304251 
158113.883      210848.252      1.76806226e-09  -0.00284502943 
158113.883      210848.252      3.14410872e-09  -0.00542706789 
158113.883      210848.252      5.59110379e-09  -0.0100186537  
158113.883      210848.252      9.94254475e-09  -0.0181837763  
158113.883      210848.252      1.76806226e-08  -0.0327036456  
158113.883      210848.252      3.14410872e-08  -0.0585240305  
158113.883      210848.252      5.59110379e-08  -0.10443989    
158113.883      210848.252      9.94254475e-08  -0.186091118   
158113.883      210848.252      1.76806226e-07  -0.331289822   
158113.883      210848.252      3.14410872e-07  -0.589493701   
158113.883      210848.252      5.59110379e-07  -1.04865239    
158113.883      210848.252      9.94254475e-07  -1.86516498    
158113.883      210848.252      1.76806226e-06  -3.31715298    
158113.883      210848.252      3.14410872e-06  -5.89919482    
158113.883      210848.252      5.59110379e-06  -10.4907913    
158113.883      210848.252      9.94254475e-06  -18.6559476    
158113.883      210848.252      1.76806226e-05  -33.1759229    
158113.883      210848.252      3.14410872e-05  -58.9966392    
158113.883      210848.252      5.59110379e-05  -104.913527    
158113.883      210848.252      9.94254475e-05  -186.567908    
210848.252      281170.663      0               2.01255646e-05 
210848.252      281170.663      1.76806226e-10  -0.000227897967
210848.252      281170.663      3.14410872e-10  -0.000420929574
210848.252      281170.663      5.59110379e-10  -0.000764193708
210848.252      281170.663      9.94254475e-10  -0.00137461325 
210848.252      281170.663      1.76806226e-09  -0.00246010975 
210848.252      281170.663      3.14410872e-09  -0.00439042582 
210848.252      281170.663      5.59110379e-09  -0.00782306716 
210848.252      281170.663      9.94254475e-09  -0.0139272626  
210848.252      281170.663      1.76806226e-08  -0.0247822276  
210848.252      281170.663      3.14410872e-08  -0.0440853883  
210848.252      281170.663      5.59110379e-08  -0.0784118017  
210848.252      281170.663      9.94254475e-08  -0.139453756   
210848.252      281170.663      1.76806226e-07  -0.248003406   
210848.252      281170.663      3.14410872e-07  -0.441035014   
210848.252      281170.663      5.59110379e-07  -0.784299147   
210848.252      281170.663      9.94254475e-07  -1.39471869    
210848.252      281170.663      1.76806226e-06  -2.48021519    
210848.252      281170.663      3.14410872e-06  -4.41053128    
210848.252      281170.663      5.59110379e-06  -7.84317263    
210848.252      281170.663      9.94254475e-06  -13.9473681    
210848.252      281170.663      1.76806226e-05  -24.8023334    
210848.252      281170.663      3.14410872e-05  -44.1054949    
210848.252      281170.663      5.59110379e-05  -78.4319108    
210848.252      281170.663      9.94254475e-05  -139.473873    
281170.663      374947.105      0               2.99507974e-10 
281170.663      374947.105      1.76806226e-10  -0.000184412756
281170.663      374947.105      3.14410872e-10  -0.00032793764 
281170.663      374947.105      5.59110379e-10  -0.000583164987
281170.663      374947.105      9.94254475e-10  -0.00103703052 
281170.663      374947.105      1.76806226e-09  -0.00184413026 
281170.663      374947.105      3.14410872e-09  -0.0032793791  
281170.663      374947.105      5.59110379e-09  -0.00583165256 
281170.663      374947.105      9.94254475e-09  -0.0103703079  
281170.663      374947.105      1.76806226e-08  -0.0184413053  
281170.663      374947.105      3.14410872e-08  -0.0327937937  
281170.663      374947.105      5.59110379e-08  -0.0583165283  
281170.663      374947.105      9.94254475e-08  -0.103703082   
281170.663      374947.105      1.76806226e-07  -0.184413055   
281170.663      374947.105      3.14410872e-07  -0.32793794    
281170.663      374947.105      5.59110379e-07  -0.583165286   
281170.663      374947.105      9.94254475e-07  -1.03703082    
281170.663      374947.105      1.76806226e-06  -1.84413056    
281170.663      374947.105      3.14410872e-06  -3.2793794     
281170.663      374947.105      5.59110379e-06  -5.83165286    
281170.663      374947.105      9.94254475e-06  -10.3703082    
281170.663      374947.105      1.76806226e-05  -18.4413056    
281170.663      374947.105      3.14410872e-05  -32.793794     
281170.663      374947.105      5.59110379e-05  -58.3165287    
281170.663      374947.105      9.94254475e-05  -103.703082    
374947.105      500000          0               5.82584773e-05 
374947.105      500000          1.76806226e-10  -7.6362357e-05 
374947.105      500000          3.14410872e-10  -0.000181134981
374947.105      500000          5.59110379e-10  -0.00036744998 
374947.105      500000          9.94254475e-10  -0.000698770107
374947.105      500000          1.76806226e-09  -0.00128794987 
374947.105      500000          3.14410872e-09  -0.0023356761  
374947.105      500000          5.59110379e-09  -0.00419882609 
374947.105      500000          9.94254475e-09  -0.00751202736 
374947.105      500000          1.76806226e-08  -0.013403825   
374947.105      500000          3.14410872e-08  -0.0238810873  
374947.105      500000          5.59110379e-08  -0.0425125872  
374947.105      500000          9.94254475e-08  -0.0756445999  
374947.105      500000          1.76806226e-07  -0.134562576   
374947.105      500000          3.14410872e-07  -0.2393352     
374947.105      500000          5.59110379e-07  -0.425650199   
374947.105      500000          9.94254475e-07  -0.756970327   
374947.105      500000          1.76806226e-06  -1.34615009    
374947.105      500000          3.14410872e-06  -2.39387634    
374947.105      500000          5.59110379e-06  -4.25702636    
374947.105      500000          9.94254475e-06  -7.57022775    
374947.105      500000          1.76806226e-05  -13.4620257    
374947.105      500000          3.14410872e-05  -23.9392892    
374947.105      500000          5.59110379e-05  -42.5707927    
374947.105      500000          9.94254475e-05  -75.7028166    
