### like_leo_II.txt
#[0]emin(MeV) [1]emax(MeV) [2]eflux(MeV/cm^2/s) [3]deltaLogLike
500             666.760716      0               -0.24167987    
500             666.760716      1.77035768e-10  -0.239188031   
500             666.760716      3.14819061e-10  -0.237258433   
500             666.760716      5.59836254e-10  -0.233848118   
500             666.760716      9.95545283e-10  -0.227850039   
500             666.760716      1.77035768e-09  -0.217392953   
500             666.760716      3.14819061e-09  -0.199454137   
500             666.760716      5.59836254e-09  -0.169605247   
500             666.760716      9.95545283e-09  -0.122873533   
500             666.760716      1.77035768e-08  -0.0591135676  
500             666.760716      3.14819061e-08  -0.00320847451 
500             666.760716      5.59836254e-08  -0.068216801   
500             666.760716      9.95545283e-08  -0.629862887   
500             666.760716      1.77035768e-07  -2.76129593    
500             666.760716      3.14819061e-07  -9.22666836    
500             666.760716      5.59836254e-07  -26.6062262    
500             666.760716      9.95545283e-07  -69.6136373    
500             666.760716      1.77035768e-06  -169.490574    
500             666.760716      3.14819061e-06  -389.745607    
500             666.760716      5.59836254e-06  -854.912554    
500             666.760716      9.95545283e-06  -1802.34344    
500             666.760716      1.77035768e-05  -3674.86416    
500             666.760716      3.14819061e-05  -7285.9249     
500             666.760716      5.59836254e-05  -14113.0502    
500             666.760716      9.95545283e-05  -26817.9328    
666.760716      889.139705      0               0.00876563523  
666.760716      889.139705      1.77035768e-10  0.00868360358  
666.760716      889.139705      3.14819061e-10  0.0086090856   
666.760716      889.139705      5.59836254e-10  0.00845353078  
666.760716      889.139705      9.95545283e-10  0.00810423315  
666.760716      889.139705      1.77035768e-09  0.00725428643  
666.760716      889.139705      3.14819061e-09  0.00502503012  
666.760716      889.139705      5.59836254e-09  -0.00117778799 
666.760716      889.139705      9.95545283e-09  -0.0191180173  
666.760716      889.139705      1.77035768e-08  -0.0719860251  
666.760716      889.139705      3.14819061e-08  -0.227876264   
666.760716      889.139705      5.59836254e-08  -0.680236013   
666.760716      889.139705      9.95545283e-08  -1.95243574    
666.760716      889.139705      1.77035768e-07  -5.3762569     
666.760716      889.139705      3.14819061e-07  -14.120196     
666.760716      889.139705      5.59836254e-07  -35.2423275    
666.760716      889.139705      9.95545283e-07  -83.572593     
666.760716      889.139705      1.77035768e-06  -188.83186     
666.760716      889.139705      3.14819061e-06  -408.538057    
666.760716      889.139705      5.59836254e-06  -851.356141    
666.760716      889.139705      9.95545283e-06  -1719.24566    
666.760716      889.139705      1.77035768e-05  -3383.09968    
666.760716      889.139705      3.14819061e-05  -6517.6274     
666.760716      889.139705      5.59836254e-05  -12340.9837    
666.760716      889.139705      9.95545283e-05  -23040.0474    
889.139705      1185.68685      0               0.00105081507  
889.139705      1185.68685      1.77035768e-10  0.00043495618  
889.139705      1185.68685      3.14819061e-10  -6.63656265e-05
889.139705      1185.68685      5.59836254e-10  -0.00100522568 
889.139705      1185.68685      9.95545283e-10  -0.00282354821 
889.139705      1185.68685      1.77035768e-09  -0.00652179037 
889.139705      1185.68685      3.14819061e-09  -0.0145370065  
889.139705      1185.68685      5.59836254e-09  -0.0331749848  
889.139705      1185.68685      9.95545283e-09  -0.07934004    
889.139705      1185.68685      1.77035768e-08  -0.198556292   
889.139705      1185.68685      3.14819061e-08  -0.510236805   
889.139705      1185.68685      5.59836254e-08  -1.31199725    
889.139705      1185.68685      9.95545283e-08  -3.30050942    
889.139705      1185.68685      1.77035768e-07  -8.01501632    
889.139705      1185.68685      3.14819061e-07  -18.7118376    
889.139705      1185.68685      5.59836254e-07  -42.0630099    
889.139705      1185.68685      9.95545283e-07  -91.3632354    
889.139705      1185.68685      1.77035768e-06  -192.414277    
889.139705      1185.68685      3.14819061e-06  -394.155251    
889.139705      1185.68685      5.59836254e-06  -787.759957    
889.139705      1185.68685      9.95545283e-06  -1540.82136    
889.139705      1185.68685      1.77035768e-05  -2958.31943    
889.139705      1185.68685      3.14819061e-05  -5591.08913    
889.139705      1185.68685      5.59836254e-05  -10428.5886    
889.139705      1185.68685      9.95545283e-05  -19241.4432    
1185.68685      1581.13883      0               0.0025856029   
1185.68685      1581.13883      1.77035768e-10  -0.00204256339 
1185.68685      1581.13883      3.14819061e-10  -0.00565272194 
1185.68685      1581.13883      5.59836254e-10  -0.0120901755  
1185.68685      1581.13883      9.95545283e-10  -0.0235931665  
1185.68685      1581.13883      1.77035768e-09  -0.0442227643  
1185.68685      1581.13883      3.14819061e-09  -0.0814521976  
1185.68685      1581.13883      5.59836254e-09  -0.149343883   
1185.68685      1581.13883      9.95545283e-09  -0.27523144    
1185.68685      1581.13883      1.77035768e-08  -0.514493348   
1185.68685      1581.13883      3.14819061e-08  -0.984317862   
1185.68685      1581.13883      5.59836254e-08  -1.94113015    
1185.68685      1581.13883      9.95545283e-08  -3.95335107    
1185.68685      1581.13883      1.77035768e-07  -8.26944141    
1185.68685      1581.13883      3.14819061e-07  -17.5628337    
1185.68685      1581.13883      5.59836254e-07  -37.3675137    
1185.68685      1581.13883      9.95545283e-07  -78.733195     
1185.68685      1581.13883      1.77035768e-06  -163.011122    
1185.68685      1581.13883      3.14819061e-06  -330.385415    
1185.68685      1581.13883      5.59836254e-06  -655.041642    
1185.68685      1581.13883      9.95545283e-06  -1272.17533    
1185.68685      1581.13883      1.77035768e-05  -2426.15692    
1185.68685      1581.13883      3.14819061e-05  -4556.38819    
1185.68685      1581.13883      5.59836254e-05  -8450.1522     
1185.68685      1581.13883      9.95545283e-05  -15514.4772    
1581.13883      2108.48252      0               0.00110296283  
1581.13883      2108.48252      1.77035768e-10  -0.00361786575 
1581.13883      2108.48252      3.14819061e-10  -0.00732003881 
1581.13883      2108.48252      5.59836254e-10  -0.013963508   
1581.13883      2108.48252      9.95545283e-10  -0.0259640322  
1581.13883      2108.48252      1.77035768e-09  -0.0478777544  
1581.13883      2108.48252      3.14819061e-09  -0.0885726879  
1581.13883      2108.48252      5.59836254e-09  -0.165961659   
1581.13883      2108.48252      9.95545283e-09  -0.317434254   
1581.13883      2108.48252      1.77035768e-08  -0.622209658   
1581.13883      2108.48252      3.14819061e-08  -1.24647266    
1581.13883      2108.48252      5.59836254e-08  -2.52978664    
1581.13883      2108.48252      9.95545283e-08  -5.1492774     
1581.13883      2108.48252      1.77035768e-07  -10.4376677    
1581.13883      2108.48252      3.14819061e-07  -20.9952798    
1581.13883      2108.48252      5.59836254e-07  -41.8315434    
1581.13883      2108.48252      9.95545283e-07  -82.439556     
1581.13883      2108.48252      1.77035768e-06  -160.511069    
1581.13883      2108.48252      3.14819061e-06  -308.534984    
1581.13883      2108.48252      5.59836254e-06  -585.5116      
1581.13883      2108.48252      9.95545283e-06  -1097.82911    
1581.13883      2108.48252      1.77035768e-05  -2036.52485    
1581.13883      2108.48252      3.14819061e-05  -3743.67492    
1581.13883      2108.48252      5.59836254e-05  -6830.47068    
1581.13883      2108.48252      9.95545283e-05  -12387.1377    
2108.48252      2811.70663      0               6.42932728e-05 
2108.48252      2811.70663      1.77035768e-10  -0.00706898758 
2108.48252      2811.70663      3.14819061e-10  -0.0126253908  
2108.48252      2811.70663      5.59836254e-10  -0.0225164023  
2108.48252      2811.70663      9.95545283e-10  -0.0401374363  
2108.48252      2811.70663      1.77035768e-09  -0.0715732383  
2108.48252      2811.70663      3.14819061e-09  -0.127789517   
2108.48252      2811.70663      5.59836254e-09  -0.228732369   
2108.48252      2811.70663      9.95545283e-09  -0.411210488   
2108.48252      2811.70663      1.77035768e-08  -0.74455539    
2108.48252      2811.70663      3.14819061e-08  -1.3626419     
2108.48252      2811.70663      5.59836254e-08  -2.53006097    
2108.48252      2811.70663      9.95545283e-08  -4.77654027    
2108.48252      2811.70663      1.77035768e-07  -9.15922643    
2108.48252      2811.70663      3.14819061e-07  -17.7517976    
2108.48252      2811.70663      5.59836254e-07  -34.5276066    
2108.48252      2811.70663      9.95545283e-07  -66.9341158    
2108.48252      2811.70663      1.77035768e-06  -128.700952    
2108.48252      2811.70663      3.14819061e-06  -244.859863    
2108.48252      2811.70663      5.59836254e-06  -460.710575    
2108.48252      2811.70663      9.95545283e-06  -857.790977    
2108.48252      2811.70663      1.77035768e-05  -1582.26913    
2108.48252      2811.70663      3.14819061e-05  -2895.4021     
2108.48252      2811.70663      5.59836254e-05  -5263.2457     
2108.48252      2811.70663      9.95545283e-05  -9516.19189    
2811.70663      3749.47105      0               1.66346581e-08 
2811.70663      3749.47105      1.77035768e-10  -0.010242521   
2811.70663      3749.47105      3.14819061e-10  -0.0182146082  
2811.70663      3749.47105      5.59836254e-10  -0.0323923531  
2811.70663      3749.47105      9.95545283e-10  -0.0576079638  
2811.70663      3749.47105      1.77035768e-09  -0.102459768   
2811.70663      3749.47105      3.14819061e-09  -0.182254648   
2811.70663      3749.47105      5.59836254e-09  -0.324264344   
2811.70663      3749.47105      9.95545283e-09  -0.577145056   
2811.70663      3749.47105      1.77035768e-08  -1.0279015     
2811.70663      3749.47105      3.14819061e-08  -1.8326509     
2811.70663      3749.47105      5.59836254e-08  -3.2728654     
2811.70663      3749.47105      9.95545283e-08  -5.85884992    
2811.70663      3749.47105      1.77035768e-07  -10.5202995    
2811.70663      3749.47105      3.14819061e-07  -18.9556818    
2811.70663      3749.47105      5.59836254e-07  -34.2706803    
2811.70663      3749.47105      9.95545283e-07  -62.145139     
2811.70663      3749.47105      1.77035768e-06  -112.956523    
2811.70663      3749.47105      3.14819061e-06  -205.595322    
2811.70663      3749.47105      5.59836254e-06  -374.245263    
2811.70663      3749.47105      9.95545283e-06  -680.402587    
2811.70663      3749.47105      1.77035768e-05  -1234.22175    
2811.70663      3749.47105      3.14819061e-05  -2232.46572    
2811.70663      3749.47105      5.59836254e-05  -4025.99291    
2811.70663      3749.47105      9.95545283e-05  -7239.78632    
3749.47105      5000            0               0.000215636029 
3749.47105      5000            1.77035768e-10  -0.00277922687 
3749.47105      5000            3.14819061e-10  -0.00511785056 
3749.47105      5000            5.59836254e-10  -0.00929332598 
3749.47105      5000            9.95545283e-10  -0.0167710814  
3749.47105      5000            1.77035768e-09  -0.0302328788  
3749.47105      5000            3.14819061e-09  -0.0546799041  
3749.47105      5000            5.59836254e-09  -0.0997003926  
3749.47105      5000            9.95545283e-09  -0.1843401     
3749.47105      5000            1.77035768e-08  -0.347824593   
3749.47105      5000            3.14819061e-08  -0.672837546   
3749.47105      5000            5.59836254e-08  -1.33307676    
3749.47105      5000            9.95545283e-08  -2.6819724     
3749.47105      5000            1.77035768e-07  -5.40668623    
3749.47105      5000            3.14819061e-07  -10.7942047    
3749.47105      5000            5.59836254e-07  -21.2095046    
3749.47105      5000            9.95545283e-07  -40.9700767    
3749.47105      5000            1.77035768e-06  -77.9297075    
3749.47105      5000            3.14819061e-06  -146.313327    
3749.47105      5000            5.59836254e-06  -271.762335    
3749.47105      5000            9.95545283e-06  -500.29153     
3749.47105      5000            1.77035768e-05  -914.189478    
3749.47105      5000            3.14819061e-05  -1660.29261    
3749.47105      5000            5.59836254e-05  -3000.31128    
3749.47105      5000            9.95545283e-05  -5400.36572    
5000            6667.60716      0               1.00251327e-08 
5000            6667.60716      1.77035768e-10  -0.00617294894 
5000            6667.60716      3.14819061e-10  -0.010977536   
5000            6667.60716      5.59836254e-10  -0.0195220826  
5000            6667.60716      9.95545283e-10  -0.0347187202  
5000            6667.60716      1.77035768e-09  -0.0617490381  
5000            6667.60716      3.14819061e-09  -0.109836775   
5000            6667.60716      5.59836254e-09  -0.195413681   
5000            6667.60716      9.95545283e-09  -0.347790462   
5000            6667.60716      1.77035768e-08  -0.619362945   
5000            6667.60716      3.14819061e-08  -1.1041032     
5000            6667.60716      5.59836254e-08  -1.97132065    
5000            6667.60716      9.95545283e-08  -3.52764341    
5000            6667.60716      1.77035768e-07  -6.33057564    
5000            6667.60716      3.14819061e-07  -11.3941119    
5000            6667.60716      5.59836254e-07  -20.5560726    
5000            6667.60716      9.95545283e-07  -37.1326489    
5000            6667.60716      1.77035768e-06  -67.0918937    
5000            6667.60716      3.14819061e-06  -121.160844    
5000            6667.60716      5.59836254e-06  -218.589234    
5000            6667.60716      9.95545283e-06  -393.839503    
5000            6667.60716      1.77035768e-05  -708.466275    
5000            6667.60716      3.14819061e-05  -1272.23582    
5000            6667.60716      5.59836254e-05  -2280.6973     
5000            6667.60716      9.95545283e-05  -4082.00121    
6667.60716      8891.39705      0               4.40352001e-05 
6667.60716      8891.39705      1.77035768e-10  -0.00483942373 
6667.60716      8891.39705      3.14819061e-10  -0.00864027272 
6667.60716      8891.39705      5.59836254e-10  -0.0153995757  
6667.60716      8891.39705      9.95545283e-10  -0.027420552   
6667.60716      8891.39705      1.77035768e-09  -0.0488005096  
6667.60716      8891.39705      3.14819061e-09  -0.0868304491  
6667.60716      8891.39705      5.59836254e-09  -0.154490957   
6667.60716      8891.39705      9.95545283e-09  -0.274912149   
6667.60716      8891.39705      1.77035768e-08  -0.489369608   
6667.60716      8891.39705      3.14819061e-08  -0.871691717   
6667.60716      8891.39705      5.59836254e-08  -1.55439201    
6667.60716      8891.39705      9.95545283e-08  -2.77638446    
6667.60716      8891.39705      1.77035768e-07  -4.97032906    
6667.60716      8891.39705      3.14819061e-07  -8.92150245    
6667.60716      8891.39705      5.59836254e-07  -16.0526367    
6667.60716      8891.39705      9.95545283e-07  -28.9286393    
6667.60716      8891.39705      1.77035768e-06  -52.1506311    
6667.60716      8891.39705      3.14819061e-06  -93.9480789    
6667.60716      8891.39705      5.59836254e-06  -169.020339    
6667.60716      8891.39705      9.95545283e-06  -303.602442    
6667.60716      8891.39705      1.77035768e-05  -544.481923    
6667.60716      8891.39705      3.14819061e-05  -975.035936    
6667.60716      8891.39705      5.59836254e-05  -1743.746      
6667.60716      8891.39705      9.95545283e-05  -3114.88906    
8891.39705      11856.8685      0               4.8542006e-09  
8891.39705      11856.8685      1.77035768e-10  -0.00298909253 
8891.39705      11856.8685      3.14819061e-10  -0.00531591812 
8891.39705      11856.8685      5.59836254e-10  -0.00945468458 
8891.39705      11856.8685      9.95545283e-10  -0.0168177874  
8891.39705      11856.8685      1.77035768e-09  -0.0299215827  
8891.39705      11856.8685      3.14819061e-09  -0.0532556363  
8891.39705      11856.8685      5.59836254e-09  -0.09484956    
8891.39705      11856.8685      9.95545283e-09  -0.16912289    
8891.39705      11856.8685      1.77035768e-08  -0.302138316   
8891.39705      11856.8685      3.14819061e-08  -0.541451212   
8891.39705      11856.8685      5.59836254e-08  -0.974875754   
8891.39705      11856.8685      9.95545283e-08  -1.76642349    
8891.39705      11856.8685      1.77035768e-07  -3.2240259     
8891.39705      11856.8685      3.14819061e-07  -5.92272268    
8891.39705      11856.8685      5.59836254e-07  -10.9215318    
8891.39705      11856.8685      9.95545283e-07  -20.1422916    
8891.39705      11856.8685      1.77035768e-06  -37.0396814    
8891.39705      11856.8685      3.14819061e-06  -67.800683     
8891.39705      11856.8685      5.59836254e-06  -123.496059    
8891.39705      11856.8685      9.95545283e-06  -223.917074    
8891.39705      11856.8685      1.77035768e-05  -404.382494    
8891.39705      11856.8685      3.14819061e-05  -727.816231    
8891.39705      11856.8685      5.59836254e-05  -1306.22049    
8891.39705      11856.8685      9.95545283e-05  -2338.88224    
11856.8685      15811.3883      0               4.95504082e-09 
11856.8685      15811.3883      1.77035768e-10  -0.00305087469 
11856.8685      15811.3883      3.14819061e-10  -0.00542531382 
11856.8685      15811.3883      5.59836254e-10  -0.00964773506 
11856.8685      15811.3883      9.95545283e-10  -0.0171563957  
11856.8685      15811.3883      1.77035768e-09  -0.0305089425  
11856.8685      15811.3883      3.14819061e-09  -0.0542536605  
11856.8685      15811.3883      5.59836254e-09  -0.0964789052  
11856.8685      15811.3883      9.95545283e-09  -0.171568774   
11856.8685      15811.3883      1.77035768e-08  -0.305104543   
11856.8685      15811.3883      3.14819061e-08  -0.542584215   
11856.8685      15811.3883      5.59836254e-08  -0.964938961   
11856.8685      15811.3883      9.95545283e-08  -1.71615862    
11856.8685      15811.3883      1.77035768e-07  -3.0525175     
11856.8685      15811.3883      3.14819061e-07  -5.4304055     
11856.8685      15811.3883      5.59836254e-07  -9.66333609    
11856.8685      15811.3883      9.95545283e-07  -17.2032388    
11856.8685      15811.3883      1.77035768e-06  -30.6452652    
11856.8685      15811.3883      3.14819061e-06  -54.6334145    
11856.8685      15811.3883      5.59836254e-06  -97.4800534    
11856.8685      15811.3883      9.95545283e-06  -174.048521    
11856.8685      15811.3883      1.77035768e-05  -310.866827    
11856.8685      15811.3883      3.14819061e-05  -555.195767    
11856.8685      15811.3883      5.59836254e-05  -991.133533    
11856.8685      15811.3883      9.95545283e-05  -1768.25322    
15811.3883      21084.8252      0               3.62535957e-09 
15811.3883      21084.8252      1.77035768e-10  -0.0022321441  
15811.3883      21084.8252      3.14819061e-10  -0.00396938924 
15811.3883      21084.8252      5.59836254e-10  -0.00705871927 
15811.3883      21084.8252      9.95545283e-10  -0.0125524832  
15811.3883      21084.8252      1.77035768e-09  -0.022322158   
15811.3883      21084.8252      3.14819061e-09  -0.0396960877  
15811.3883      21084.8252      5.59836254e-09  -0.0705940558  
15811.3883      21084.8252      9.95545283e-09  -0.125546417   
15811.3883      21084.8252      1.77035768e-08  -0.2232895     
15811.3883      21084.8252      3.14819061e-08  -0.397174112   
15811.3883      21084.8252      5.59836254e-08  -0.706606641   
15811.3883      21084.8252      9.95545283e-08  -1.25752614    
15811.3883      21084.8252      1.77035768e-07  -2.23918076    
15811.3883      21084.8252      3.14819061e-07  -3.99042496    
15811.3883      21084.8252      5.59836254e-07  -7.11946077    
15811.3883      21084.8252      9.95545283e-07  -12.7194141    
15811.3883      21084.8252      1.77035768e-06  -22.7529166    
15811.3883      21084.8252      3.14819061e-06  -40.7319007    
15811.3883      21084.8252      5.59836254e-06  -72.9176749    
15811.3883      21084.8252      9.95545283e-06  -130.45074     
15811.3883      21084.8252      1.77035768e-05  -233.145542    
15811.3883      21084.8252      3.14819061e-05  -416.251993    
15811.3883      21084.8252      5.59836254e-05  -742.487601    
15811.3883      21084.8252      9.95545283e-05  -1323.43379    
21084.8252      28117.0663      0               -0.239515675   
21084.8252      28117.0663      1.77035768e-10  -0.238036819   
21084.8252      28117.0663      3.14819061e-10  -0.236890916   
21084.8252      28117.0663      5.59836254e-10  -0.234864059   
21084.8252      28117.0663      9.95545283e-10  -0.23129387    
21084.8252      28117.0663      1.77035768e-09  -0.225051462   
21084.8252      28117.0663      3.14819061e-09  -0.214278781   
21084.8252      28117.0663      5.59836254e-09  -0.19611488    
21084.8252      28117.0663      9.95545283e-09  -0.1667267     
21084.8252      28117.0663      1.77035768e-08  -0.122584602   
21084.8252      28117.0663      3.14819061e-08  -0.0650295102  
21084.8252      28117.0663      5.59836254e-08  -0.0111623122  
21084.8252      28117.0663      9.95545283e-08  -0.0135668442  
21084.8252      28117.0663      1.77035768e-07  -0.190601679   
21084.8252      28117.0663      3.14819061e-07  -0.774919717   
21084.8252      28117.0663      5.59836254e-07  -2.20350893    
21084.8252      28117.0663      9.95545283e-07  -5.28845721    
21084.8252      28117.0663      1.77035768e-06  -11.5198974    
21084.8252      28117.0663      3.14819061e-06  -23.5827499    
21084.8252      28117.0663      5.59836254e-06  -46.2523504    
21084.8252      28117.0663      9.95545283e-06  -87.9892213    
21084.8252      28117.0663      1.77035768e-05  -163.800092    
21084.8252      28117.0663      3.14819061e-05  -300.352678    
21084.8252      28117.0663      5.59836254e-05  -545.086441    
21084.8252      28117.0663      9.95545283e-05  -982.412156    
28117.0663      37494.7105      0               2.37016252e-05 
28117.0663      37494.7105      1.77035768e-10  -0.00129063182 
28117.0663      37494.7105      3.14819061e-10  -0.00231355275 
28117.0663      37494.7105      5.59836254e-10  -0.00413259685 
28117.0663      37494.7105      9.95545283e-10  -0.00736738097 
28117.0663      37494.7105      1.77035768e-09  -0.0131197798  
28117.0663      37494.7105      3.14819061e-09  -0.0233493067  
28117.0663      37494.7105      5.59836254e-09  -0.0415407516  
28117.0663      37494.7105      9.95545283e-09  -0.0738917634  
28117.0663      37494.7105      1.77035768e-08  -0.131425756   
28117.0663      37494.7105      3.14819061e-08  -0.233752538   
28117.0663      37494.7105      5.59836254e-08  -0.415765957   
28117.0663      37494.7105      9.95545283e-08  -0.739585272   
28117.0663      37494.7105      1.77035768e-07  -1.31588241    
28117.0663      37494.7105      3.14819061e-07  -2.34206766    
28117.0663      37494.7105      5.59836254e-07  -4.17086641    
28117.0663      37494.7105      9.95545283e-07  -7.43375516    
28117.0663      37494.7105      1.77035768e-06  -13.262939     
28117.0663      37494.7105      3.14819061e-06  -23.688168     
28117.0663      37494.7105      5.59836254e-06  -42.340299     
28117.0663      37494.7105      9.95545283e-06  -75.6942515    
28117.0663      37494.7105      1.77035768e-05  -135.271734    
28117.0663      37494.7105      3.14819061e-05  -241.56099     
28117.0663      37494.7105      5.59836254e-05  -431.000055    
28117.0663      37494.7105      9.95545283e-05  -768.409663    
37494.7105      50000           0               -0.0851465008  
37494.7105      50000           1.77035768e-10  -0.0845650749  
37494.7105      50000           3.14819061e-10  -0.0841143905  
37494.7105      50000           5.59836254e-10  -0.0833168857  
37494.7105      50000           9.95545283e-10  -0.0819110902  
37494.7105      50000           1.77035768e-09  -0.0794500313  
37494.7105      50000           3.14819061e-09  -0.0751944966  
37494.7105      50000           5.59836254e-09  -0.0679989949  
37494.7105      50000           9.95545283e-09  -0.0563250179  
37494.7105      50000           1.77035768e-08  -0.038833802   
37494.7105      50000           3.14819061e-08  -0.0167440558  
37494.7105      50000           5.59836254e-08  -0.000334963827
37494.7105      50000           9.95545283e-08  -0.022827197   
37494.7105      50000           1.77035768e-07  -0.163868361   
37494.7105      50000           3.14819061e-07  -0.583538499   
37494.7105      50000           5.59836254e-07  -1.57305663    
37494.7105      50000           9.95545283e-07  -3.64256999    
37494.7105      50000           1.77035768e-06  -7.68348093    
37494.7105      50000           3.14819061e-06  -15.2646939    
37494.7105      50000           5.59836254e-06  -29.1634168    
37494.7105      50000           9.95545283e-06  -54.3097511    
37494.7105      50000           1.77035768e-05  -99.4657836    
37494.7105      50000           3.14819061e-05  -180.210955    
37494.7105      50000           5.59836254e-05  -324.251391    
37494.7105      50000           9.95545283e-05  -580.863685    
50000           66676.0716      0               1.26419764e-09 
50000           66676.0716      1.77035768e-10  -0.000778401541
50000           66676.0716      3.14819061e-10  -0.00138421644 
50000           66676.0716      5.59836254e-10  -0.00246152463 
50000           66676.0716      9.95545283e-10  -0.00437727975 
50000           66676.0716      1.77035768e-09  -0.00778402806 
50000           66676.0716      3.14819061e-09  -0.0138421798  
50000           66676.0716      5.59836254e-09  -0.0246152704  
50000           66676.0716      9.95545283e-09  -0.043772849   
50000           66676.0716      1.77035768e-08  -0.0778404188  
50000           66676.0716      3.14819061e-08  -0.13842221    
50000           66676.0716      5.59836254e-08  -0.246153983   
50000           66676.0716      9.95545283e-08  -0.437732505   
50000           66676.0716      1.77035768e-07  -0.77841684    
50000           66676.0716      3.14819061e-07  -1.38426198    
50000           66676.0716      5.59836254e-07  -2.46166531    
50000           66676.0716      9.95545283e-07  -4.37771852    
50000           66676.0716      1.77035768e-06  -7.78539443    
50000           66676.0716      3.14819061e-06  -13.8463988    
50000           66676.0716      5.59836254e-06  -24.6280917    
50000           66676.0716      9.95545283e-06  -43.810814     
50000           66676.0716      1.77035768e-05  -77.9485644    
50000           66676.0716      3.14819061e-05  -138.714503    
50000           66676.0716      5.59836254e-05  -246.895433    
50000           66676.0716      9.95545283e-05  -439.490092    
66676.0716      88913.9705      0               9.52240953e-10 
66676.0716      88913.9705      1.77035768e-10  -0.000586294597
66676.0716      88913.9705      3.14819061e-10  -0.00104259635 
66676.0716      88913.9705      5.59836254e-10  -0.00185402836 
66676.0716      88913.9705      9.95545283e-10  -0.00329698121 
66676.0716      88913.9705      1.77035768e-09  -0.00586295454 
66676.0716      88913.9705      3.14819061e-09  -0.0104259721  
66676.0716      88913.9705      5.59836254e-09  -0.0185402922  
66676.0716      88913.9705      9.95545283e-09  -0.0329698207  
66676.0716      88913.9705      1.77035768e-08  -0.058629554   
66676.0716      88913.9705      3.14819061e-08  -0.10425973    
66676.0716      88913.9705      5.59836254e-08  -0.185402932   
66676.0716      88913.9705      9.95545283e-08  -0.329698219   
66676.0716      88913.9705      1.77035768e-07  -0.58629556    
66676.0716      88913.9705      3.14819061e-07  -1.04259734    
66676.0716      88913.9705      5.59836254e-07  -1.85402943    
66676.0716      88913.9705      9.95545283e-07  -3.29698253    
66676.0716      88913.9705      1.77035768e-06  -5.86295668    
66676.0716      88913.9705      3.14819061e-06  -10.4259768    
66676.0716      88913.9705      5.59836254e-06  -18.5403051    
66676.0716      88913.9705      9.95545283e-06  -32.9698591    
66676.0716      88913.9705      1.77035768e-05  -58.6296734    
66676.0716      88913.9705      3.14819061e-05  -104.260103    
66676.0716      88913.9705      5.59836254e-05  -185.404103    
66676.0716      88913.9705      9.95545283e-05  -329.701876    
88913.9705      118568.685      0               3.84667584e-06 
88913.9705      118568.685      1.77035768e-10  -0.00042273622 
88913.9705      118568.685      3.14819061e-10  -0.000754736987
88913.9705      118568.685      5.59836254e-10  -0.0013451273  
88913.9705      118568.685      9.95545283e-10  -0.0023950068  
88913.9705      118568.685      1.77035768e-09  -0.0042619877  
88913.9705      118568.685      3.14819061e-09  -0.0075820071  
88913.9705      118568.685      5.59836254e-09  -0.0134859472  
88913.9705      118568.685      9.95545283e-09  -0.0239848594  
88913.9705      118568.685      1.77035768e-08  -0.0426550387  
88913.9705      118568.685      3.14819061e-08  -0.0758564028  
88913.9705      118568.685      5.59836254e-08  -0.1348995     
88913.9705      118568.685      9.95545283e-08  -0.23990028    
88913.9705      118568.685      1.77035768e-07  -0.426638788   
88913.9705      118568.685      3.14819061e-07  -0.758767678   
88913.9705      118568.685      5.59836254e-07  -1.3495584     
88913.9705      118568.685      9.95545283e-07  -2.40067832    
88913.9705      118568.685      1.77035768e-06  -4.27144473    
88913.9705      118568.685      3.14819061e-06  -7.60273655    
88913.9705      118568.685      5.59836254e-06  -13.5389845    
88913.9705      118568.685      9.95545283e-06  -24.125545     
88913.9705      118568.685      1.77035768e-05  -43.0172991    
88913.9705      118568.685      3.14819061e-05  -76.7362553    
88913.9705      118568.685      5.59836254e-05  -136.900068    
88913.9705      118568.685      9.95545283e-05  -244.179162    
118568.685      158113.883      0               0.00105021304  
118568.685      158113.883      1.77035768e-10  0.000723922119 
118568.685      158113.883      3.14819061e-10  0.000469976616 
118568.685      158113.883      5.59836254e-10  1.83905567e-05 
118568.685      158113.883      9.95545283e-10  -0.000784655634
118568.685      158113.883      1.77035768e-09  -0.00221269614 
118568.685      158113.883      3.14819061e-09  -0.00475215117 
118568.685      158113.883      5.59836254e-09  -0.00926801177 
118568.685      158113.883      9.95545283e-09  -0.0172984737  
118568.685      158113.883      1.77035768e-08  -0.0315788788  
118568.685      158113.883      3.14819061e-08  -0.0569734292  
118568.685      158113.883      5.59836254e-08  -0.102132035   
118568.685      158113.883      9.95545283e-08  -0.182436655   
118568.685      158113.883      1.77035768e-07  -0.325240709   
118568.685      158113.883      3.14819061e-07  -0.57918622    
118568.685      158113.883      5.59836254e-07  -1.03077231    
118568.685      158113.883      9.95545283e-07  -1.83381858    
118568.685      158113.883      1.77035768e-06  -3.26185935    
118568.685      158113.883      3.14819061e-06  -5.80131521    
118568.685      158113.883      5.59836254e-06  -10.3171784    
118568.685      158113.883      9.95545283e-06  -18.3476486    
118568.685      158113.883      1.77035768e-05  -32.6280798    
118568.685      158113.883      3.14819061e-05  -58.0227125    
118568.685      158113.883      5.59836254e-05  -103.181577    
118568.685      158113.883      9.95545283e-05  -183.487004    
158113.883      210848.252      0               0.000591477502 
158113.883      210848.252      1.77035768e-10  0.00034759442  
158113.883      210848.252      3.14819061e-10  0.000157785239 
158113.883      210848.252      5.59836254e-10  -0.00017974852 
158113.883      210848.252      9.95545283e-10  -0.000779977854
158113.883      210848.252      1.77035768e-09  -0.00184735332 
158113.883      210848.252      3.14819061e-09  -0.00374544514 
158113.883      210848.252      5.59836254e-09  -0.00712078274 
158113.883      210848.252      9.95545283e-09  -0.0131230761  
158113.883      210848.252      1.77035768e-08  -0.0237968309  
158113.883      210848.252      3.14819061e-08  -0.0427777493  
158113.883      210848.252      5.59836254e-08  -0.0765311262  
158113.883      210848.252      9.95545283e-08  -0.136554063   
158113.883      210848.252      1.77035768e-07  -0.243291619   
158113.883      210848.252      3.14819061e-07  -0.433100832   
158113.883      210848.252      5.59836254e-07  -0.77063469    
158113.883      210848.252      9.95545283e-07  -1.37086434    
158113.883      210848.252      1.77035768e-06  -2.43824079    
158113.883      210848.252      3.14819061e-06  -4.33633573    
158113.883      210848.252      5.59836254e-06  -7.71168318    
158113.883      210848.252      9.95545283e-06  -13.7140076    
158113.883      210848.252      1.77035768e-05  -24.3878601    
158113.883      210848.252      3.14819061e-05  -43.3690846    
158113.883      210848.252      5.59836254e-05  -77.1234137    
158113.883      210848.252      9.95545283e-05  -137.149276    
210848.252      281170.663      0               2.96253688e-10 
210848.252      281170.663      1.77035768e-10  -0.000182405671
210848.252      281170.663      3.14819061e-10  -0.000324368479
210848.252      281170.663      5.59836254e-10  -0.000576818018
210848.252      281170.663      9.95545283e-10  -0.00102574384 
210848.252      281170.663      1.77035768e-09  -0.00182405937 
210848.252      281170.663      3.14819061e-09  -0.00324368746 
210848.252      281170.663      5.59836254e-09  -0.00576818285 
210848.252      281170.663      9.95545283e-09  -0.010257441   
210848.252      281170.663      1.77035768e-08  -0.0182405964  
210848.252      281170.663      3.14819061e-08  -0.0324368772  
210848.252      281170.663      5.59836254e-08  -0.0576818311  
210848.252      281170.663      9.95545283e-08  -0.102574413   
210848.252      281170.663      1.77035768e-07  -0.182405967   
210848.252      281170.663      3.14819061e-07  -0.324368775   
210848.252      281170.663      5.59836254e-07  -0.576818314   
210848.252      281170.663      9.95545283e-07  -1.02574413    
210848.252      281170.663      1.77035768e-06  -1.82405967    
210848.252      281170.663      3.14819061e-06  -3.24368775    
210848.252      281170.663      5.59836254e-06  -5.76818314    
210848.252      281170.663      9.95545283e-06  -10.2574413    
210848.252      281170.663      1.77035768e-05  -18.2405967    
210848.252      281170.663      3.14819061e-05  -32.4368775    
210848.252      281170.663      5.59836254e-05  -57.6818314    
210848.252      281170.663      9.95545283e-05  -102.574413    
281170.663      374947.105      0               2.20424123e-10 
281170.663      374947.105      1.77035768e-10  -0.000135717324
281170.663      374947.105      3.14819061e-10  -0.000241343494
281170.663      374947.105      5.59836254e-10  -0.000429176338
281170.663      374947.105      9.95545283e-10  -0.000763195616
281170.663      374947.105      1.77035768e-09  -0.00135717522 
281170.663      374947.105      3.14819061e-09  -0.00241343692 
281170.663      374947.105      5.59836254e-09  -0.00429176536 
281170.663      374947.105      9.95545283e-09  -0.00763195814 
281170.663      374947.105      1.77035768e-08  -0.0135717542  
281170.663      374947.105      3.14819061e-08  -0.0241343712  
281170.663      374947.105      5.59836254e-08  -0.0429176556  
281170.663      374947.105      9.95545283e-08  -0.0763195834  
281170.663      374947.105      1.77035768e-07  -0.135717544   
281170.663      374947.105      3.14819061e-07  -0.241343714   
281170.663      374947.105      5.59836254e-07  -0.429176558   
281170.663      374947.105      9.95545283e-07  -0.763195836   
281170.663      374947.105      1.77035768e-06  -1.35717544    
281170.663      374947.105      3.14819061e-06  -2.41343714    
281170.663      374947.105      5.59836254e-06  -4.29176558    
281170.663      374947.105      9.95545283e-06  -7.63195836    
281170.663      374947.105      1.77035768e-05  -13.5717544    
281170.663      374947.105      3.14819061e-05  -24.1343714    
281170.663      374947.105      5.59836254e-05  -42.9176558    
281170.663      374947.105      9.95545283e-05  -76.3195836    
374947.105      500000          0               0.000811123957 
374947.105      500000          1.77035768e-10  0.000712041376 
374947.105      500000          3.14819061e-10  0.000634927444 
374947.105      500000          5.59836254e-10  0.000497797326 
374947.105      500000          9.95545283e-10  0.00025394166  
374947.105      500000          1.77035768e-09  -0.00017970185 
374947.105      500000          3.14819061e-09  -0.000950841175
374947.105      500000          5.59836254e-09  -0.00232214236 
374947.105      500000          9.95545283e-09  -0.00476069902 
374947.105      500000          1.77035768e-08  -0.00909713414 
374947.105      500000          3.14819061e-08  -0.0168085274  
374947.105      500000          5.59836254e-08  -0.0305215394  
374947.105      500000          9.95545283e-08  -0.0549071065  
374947.105      500000          1.77035768e-07  -0.098271459   
374947.105      500000          3.14819061e-07  -0.175385396   
374947.105      500000          5.59836254e-07  -0.31251553    
374947.105      500000          9.95545283e-07  -0.556371246   
374947.105      500000          1.77035768e-06  -0.990014911   
374947.105      500000          3.14819061e-06  -1.76115473    
374947.105      500000          5.59836254e-06  -3.13245747    
374947.105      500000          9.95545283e-06  -5.57101905    
374947.105      500000          1.77035768e-05  -9.90746966    
374947.105      500000          3.14819061e-05  -17.6189118    
374947.105      500000          5.59836254e-05  -31.332077     
374947.105      500000          9.95545283e-05  -55.7181225    
