### like_carina.txt
#[0]emin(MeV) [1]emax(MeV) [2]eflux(MeV/cm^2/s) [3]deltaLogLike
500             666.760716      0               0.00258692734  
500             666.760716      1.7697894e-10   -0.0011899477  
500             666.760716      3.14718004e-10  -0.00413579327 
500             666.760716      5.59656547e-10  -0.00938811521 
500             666.760716      9.95225715e-10  -0.0187717441  
500             666.760716      1.7697894e-09   -0.0355957827  
500             666.760716      3.14718004e-09  -0.0659459929  
500             666.760716      5.59656547e-09  -0.121273932   
500             666.760716      9.95225715e-09  -0.223895405   
500             666.760716      1.7697894e-08   -0.419459847   
500             666.760716      3.14718004e-08  -0.806944037   
500             666.760716      5.59656547e-08  -1.61344112    
500             666.760716      9.95225715e-08  -3.38109233    
500             666.760716      1.7697894e-07   -7.41972732    
500             666.760716      3.14718004e-07  -16.8436491    
500             666.760716      5.59656547e-07  -38.8019549    
500             666.760716      9.95225715e-07  -89.0137691    
500             666.760716      1.7697894e-06   -200.58864     
500             666.760716      3.14718004e-06  -440.635142    
500             666.760716      5.59656547e-06  -940.847624    
500             666.760716      9.95225715e-06  -1952.99092    
500             666.760716      1.7697894e-05   -3948.60969    
500             666.760716      3.14718004e-05  -7797.20154    
500             666.760716      5.59656547e-05  -15083.3201    
500             666.760716      9.95225715e-05  -28669.5158    
666.760716      889.139705      0               1.24964572e-08 
666.760716      889.139705      1.7697894e-10   -0.00769706111 
666.760716      889.139705      3.14718004e-10  -0.0136940126  
666.760716      889.139705      5.59656547e-10  -0.024372256   
666.760716      889.139705      9.95225715e-10  -0.0434053078  
666.760716      889.139705      1.7697894e-09   -0.0773905458  
666.760716      889.139705      3.14718004e-09  -0.13826325    
666.760716      889.139705      5.59656547e-09  -0.247881004   
666.760716      889.139705      9.95225715e-09  -0.447063662   
666.760716      889.139705      1.7697894e-08   -0.814297704   
666.760716      889.139705      3.14718004e-08  -1.50643748    
666.760716      889.139705      5.59656547e-08  -2.85069513    
666.760716      889.139705      9.95225715e-08  -5.55484816    
666.760716      889.139705      1.7697894e-07   -11.1777628    
666.760716      889.139705      3.14718004e-07  -23.1372151    
666.760716      889.139705      5.59656547e-07  -48.7601369    
666.760716      889.139705      9.95225715e-07  -103.270093    
666.760716      889.139705      1.7697894e-06   -217.293321    
666.760716      889.139705      3.14718004e-06  -450.68612     
666.760716      889.139705      5.59656547e-06  -917.666826    
666.760716      889.139705      9.95225715e-06  -1832.12852    
666.760716      889.139705      1.7697894e-05   -3588.87397    
666.760716      889.139705      3.14718004e-05  -6908.54994    
666.760716      889.139705      5.59656547e-05  -13095.3292    
666.760716      889.139705      9.95225715e-05  -24494.3372    
889.139705      1185.68685      0               0.00424032792  
889.139705      1185.68685      1.7697894e-10   0.00155746223  
889.139705      1185.68685      3.14718004e-10  -0.000541781665
889.139705      1185.68685      5.59656547e-10  -0.004299018   
889.139705      1185.68685      9.95225715e-10  -0.0110565904  
889.139705      1185.68685      1.7697894e-09   -0.0233123181  
889.139705      1185.68685      3.14718004e-09  -0.0458511219  
889.139705      1185.68685      5.59656547e-09  -0.0882288433  
889.139705      1185.68685      9.95225715e-09  -0.170554011   
889.139705      1185.68685      1.7697894e-08   -0.337498759   
889.139705      1185.68685      3.14718004e-08  -0.692584717   
889.139705      1185.68685      5.59656547e-08  -1.480339      
889.139705      1185.68685      9.95225715e-08  -3.2754656     
889.139705      1185.68685      1.7697894e-07   -7.39989099    
889.139705      1185.68685      3.14718004e-07  -16.8043363    
889.139705      1185.68685      5.59656547e-07  -37.8488665    
889.139705      1185.68685      9.95225715e-07  -83.7255644    
889.139705      1185.68685      1.7697894e-06   -180.768213    
889.139705      1185.68685      3.14718004e-06  -379.821802    
889.139705      1185.68685      5.59656547e-06  -776.581126    
889.139705      1185.68685      9.95225715e-06  -1547.90511    
889.139705      1185.68685      1.7697894e-05   -3016.59539    
889.139705      1185.68685      3.14718004e-05  -5766.86878    
889.139705      1185.68685      5.59656547e-05  -10850.0044    
889.139705      1185.68685      9.95225715e-05  -20150.1956    
1185.68685      1581.13883      0               -0.952872077   
1185.68685      1581.13883      1.7697894e-10   -0.944749349   
1185.68685      1581.13883      3.14718004e-10  -0.938461035   
1185.68685      1581.13883      5.59656547e-10  -0.927350557   
1185.68685      1581.13883      9.95225715e-10  -0.907818541   
1185.68685      1581.13883      1.7697894e-09   -0.873788154   
1185.68685      1581.13883      3.14718004e-09  -0.815440665   
1185.68685      1581.13883      5.59656547e-09  -0.71824877    
1185.68685      1581.13883      9.95225715e-09  -0.564720677   
1185.68685      1581.13883      1.7697894e-08   -0.345923113   
1185.68685      1581.13883      3.14718004e-08  -0.0994205818  
1185.68685      1581.13883      5.59656547e-08  -0.00561288268 
1185.68685      1581.13883      9.95225715e-08  -0.59535067    
1185.68685      1581.13883      1.7697894e-07   -3.15582239    
1185.68685      1581.13883      3.14718004e-07  -10.4940873    
1185.68685      1581.13883      5.59656547e-07  -28.3650969    
1185.68685      1581.13883      9.95225715e-07  -68.1449033    
1185.68685      1581.13883      1.7697894e-06   -151.798498    
1185.68685      1581.13883      3.14718004e-06  -320.946632    
1185.68685      1581.13883      5.59656547e-06  -653.122307    
1185.68685      1581.13883      9.95225715e-06  -1290.66116    
1185.68685      1581.13883      1.7697894e-05   -2491.95072    
1185.68685      1581.13883      3.14718004e-05  -4722.44349    
1185.68685      1581.13883      5.59656547e-05  -8816.56088    
1185.68685      1581.13883      9.95225715e-05  -16265.9055    
1581.13883      2108.48252      0               -0.0324366774  
1581.13883      2108.48252      1.7697894e-10   -0.0308755564  
1581.13883      2108.48252      3.14718004e-10  -0.0296892543  
1581.13883      2108.48252      5.59656547e-10  -0.0276413159  
1581.13883      2108.48252      9.95225715e-10  -0.0241926495  
1581.13883      2108.48252      1.7697894e-09   -0.0186609503  
1581.13883      2108.48252      3.14718004e-09  -0.0106717021  
1581.13883      2108.48252      5.59656547e-09  -0.00202956934 
1581.13883      2108.48252      9.95225715e-09  -0.00286645429 
1581.13883      2108.48252      1.7697894e-08   -0.0491209233  
1581.13883      2108.48252      3.14718004e-08  -0.245992641   
1581.13883      2108.48252      5.59656547e-08  -0.862210589   
1581.13883      2108.48252      9.95225715e-08  -2.51257004    
1581.13883      2108.48252      1.7697894e-07   -6.49404844    
1581.13883      2108.48252      3.14718004e-07  -15.4100997    
1581.13883      2108.48252      5.59656547e-07  -34.3386003    
1581.13883      2108.48252      9.95225715e-07  -72.9809991    
1581.13883      2108.48252      1.7697894e-06   -149.553481    
1581.13883      2108.48252      3.14718004e-06  -297.784185    
1581.13883      2108.48252      5.59656547e-06  -579.430311    
1581.13883      2108.48252      9.95225715e-06  -1106.55179    
1581.13883      2108.48252      1.7697894e-05   -2081.06569    
1581.13883      2108.48252      3.14718004e-05  -3865.04057    
1581.13883      2108.48252      5.59656547e-05  -7105.73734    
1581.13883      2108.48252      9.95225715e-05  -12958.0797    
2108.48252      2811.70663      0               -0.257413864   
2108.48252      2811.70663      1.7697894e-10   -0.25052201    
2108.48252      2811.70663      3.14718004e-10  -0.245247451   
2108.48252      2811.70663      5.59656547e-10  -0.236057475   
2108.48252      2811.70663      9.95225715e-10  -0.220300317   
2108.48252      2811.70663      1.7697894e-09   -0.194052912   
2108.48252      2811.70663      3.14718004e-09  -0.152592119   
2108.48252      2811.70663      5.59656547e-09  -0.0934846982  
2108.48252      2811.70663      9.95225715e-09  -0.0265910543  
2108.48252      2811.70663      1.7697894e-08   0.00144819944  
2108.48252      2811.70663      3.14718004e-08  -0.142240139   
2108.48252      2811.70663      5.59656547e-08  -0.765229018   
2108.48252      2811.70663      9.95225715e-08  -2.50175227    
2108.48252      2811.70663      1.7697894e-07   -6.57738045    
2108.48252      2811.70663      3.14718004e-07  -15.284335     
2108.48252      2811.70663      5.59656547e-07  -32.8553498    
2108.48252      2811.70663      9.95225715e-07  -67.0740808    
2108.48252      2811.70663      1.7697894e-06   -132.211754    
2108.48252      2811.70663      3.14718004e-06  -254.339122    
2108.48252      2811.70663      5.59656547e-06  -480.886466    
2108.48252      2811.70663      9.95225715e-06  -897.735813    
2108.48252      2811.70663      1.7697894e-05   -1659.58755    
2108.48252      2811.70663      3.14718004e-05  -3043.78676    
2108.48252      2811.70663      5.59656547e-05  -5545.85757    
2108.48252      2811.70663      9.95225715e-05  -10049.3706    
2811.70663      3749.47105      0               -0.00356603689 
2811.70663      3749.47105      1.7697894e-10   -0.00290728437 
2811.70663      3749.47105      3.14718004e-10  -0.0024397213  
2811.70663      3749.47105      5.59656547e-10  -0.00170469872 
2811.70663      3749.47105      9.95225715e-10  -0.000697388724
2811.70663      3749.47105      1.7697894e-09   0.000174056468 
2811.70663      3749.47105      3.14718004e-09  -0.00103695143 
2811.70663      3749.47105      5.59656547e-09  -0.0111757429  
2811.70663      3749.47105      9.95225715e-09  -0.0509819337  
2811.70663      3749.47105      1.7697894e-08   -0.176162023   
2811.70663      3749.47105      3.14718004e-08  -0.519391253   
2811.70663      3749.47105      5.59656547e-08  -1.36187393    
2811.70663      3749.47105      9.95225715e-08  -3.24698402    
2811.70663      3749.47105      1.7697894e-07   -7.17333368    
2811.70663      3749.47105      3.14718004e-07  -14.9547874    
2811.70663      3749.47105      5.59656547e-07  -29.9019217    
2811.70663      3749.47105      9.95225715e-07  -58.0776874    
2811.70663      3749.47105      1.7697894e-06   -110.558997    
2811.70663      3749.47105      3.14718004e-06  -207.477065    
2811.70663      3749.47105      5.59656547e-06  -385.229587    
2811.70663      3749.47105      9.95225715e-06  -709.337728    
2811.70663      3749.47105      1.7697894e-05   -1297.31257    
2811.70663      3749.47105      3.14718004e-05  -2359.27733    
2811.70663      3749.47105      5.59656547e-05  -4270.16082    
2811.70663      3749.47105      9.95225715e-05  -7698.08141    
3749.47105      5000            0               -0.197266111   
3749.47105      5000            1.7697894e-10   -0.192583736   
3749.47105      5000            3.14718004e-10  -0.18899102    
3749.47105      5000            5.59656547e-10  -0.182712142   
3749.47105      5000            9.95225715e-10  -0.171888255   
3749.47105      5000            1.7697894e-09   -0.153688215   
3749.47105      5000            3.14718004e-09  -0.124465023   
3749.47105      5000            5.59656547e-09  -0.0815706454  
3749.47105      5000            9.95225715e-09  -0.0299845428  
3749.47105      5000            1.7697894e-08   0.00018582112  
3749.47105      5000            3.14718004e-08  -0.0826726693  
3749.47105      5000            5.59656547e-08  -0.493577986   
3749.47105      5000            9.95225715e-08  -1.66600187    
3749.47105      5000            1.7697894e-07   -4.40465728    
3749.47105      5000            3.14718004e-07  -10.1572316    
3749.47105      5000            5.59656547e-07  -21.5210935    
3749.47105      5000            9.95225715e-07  -43.1870601    
3749.47105      5000            1.7697894e-06   -83.6607112    
3749.47105      5000            3.14718004e-06  -158.335216    
3749.47105      5000            5.59656547e-06  -294.924588    
3749.47105      5000            9.95225715e-06  -543.081283    
3749.47105      5000            1.7697894e-05   -991.48062     
3749.47105      5000            3.14718004e-05  -1798.22679    
3749.47105      5000            5.59656547e-05  -3244.97746    
3749.47105      5000            9.95225715e-05  -5833.2423     
5000            6667.60716      0               9.80783143e-05 
5000            6667.60716      1.7697894e-10   -0.00534160165 
5000            6667.60716      3.14718004e-10  -0.00957648717 
5000            6667.60716      5.59656547e-10  -0.0171100887  
5000            6667.60716      9.95225715e-10  -0.0305157312  
5000            6667.60716      1.7697894e-09   -0.054382327   
5000            6667.60716      3.14718004e-09  -0.0969100773  
5000            6667.60716      5.59656547e-09  -0.172803323   
5000            6667.60716      9.95225715e-09  -0.308576046   
5000            6667.60716      1.7697894e-08   -0.552429168   
5000            6667.60716      3.14718004e-08  -0.992909464   
5000            6667.60716      5.59656547e-08  -1.79435118    
5000            6667.60716      9.95225715e-08  -3.26332688    
5000            6667.60716      1.7697894e-07   -5.96971401    
5000            6667.60716      3.14718004e-07  -10.9625792    
5000            6667.60716      5.59656547e-07  -20.1575935    
5000            6667.60716      9.95225715e-07  -37.0447705    
5000            6667.60716      1.7697894e-06   -67.9813251    
5000            6667.60716      3.14718004e-06  -124.514276    
5000            6667.60716      5.59656547e-06  -227.490312    
5000            6667.60716      9.95225715e-06  -414.298431    
5000            6667.60716      1.7697894e-05   -751.684624    
5000            6667.60716      3.14718004e-05  -1358.53915    
5000            6667.60716      5.59656547e-05  -2446.4975     
5000            6667.60716      9.95225715e-05  -4392.23806    
6667.60716      8891.39705      0               4.90899765e-09 
6667.60716      8891.39705      1.7697894e-10   -0.00302416053 
6667.60716      8891.39705      3.14718004e-10  -0.00538024536 
6667.60716      8891.39705      5.59656547e-10  -0.00957527791 
6667.60716      8891.39705      9.95225715e-10  -0.0170517511  
6667.60716      8891.39705      1.7697894e-09   -0.0303988145  
6667.60716      8891.39705      3.14718004e-09  -0.054294818   
6667.60716      8891.39705      5.59656547e-09  -0.0972840946  
6667.60716      8891.39705      9.95225715e-09  -0.175222883   
6667.60716      8891.39705      1.7697894e-08   -0.318159206   
6667.60716      8891.39705      3.14718004e-08  -0.584292023   
6667.60716      8891.39705      5.59656547e-08  -1.08793399    
6667.60716      8891.39705      9.95225715e-08  -2.05302952    
6667.60716      8891.39705      1.7697894e-07   -3.91004105    
6667.60716      8891.39705      3.14718004e-07  -7.46665996    
6667.60716      8891.39705      5.59656547e-07  -14.2111084    
6667.60716      8891.39705      9.95225715e-07  -26.8563047    
6667.60716      8891.39705      1.7697894e-06   -50.3140297    
6667.60716      8891.39705      3.14718004e-06  -93.4327011    
6667.60716      8891.39705      5.59656547e-06  -172.089459    
6667.60716      8891.39705      9.95225715e-06  -314.681463    
6667.60716      8891.39705      1.7697894e-05   -571.876191    
6667.60716      8891.39705      3.14718004e-05  -1033.93776    
6667.60716      8891.39705      5.59656547e-05  -1861.5392     
6667.60716      8891.39705      9.95225715e-05  -3340.57623    
8891.39705      11856.8685      0               5.89443516e-09 
8891.39705      11856.8685      1.7697894e-10   -0.00362953299 
8891.39705      11856.8685      3.14718004e-10  -0.00645446607 
8891.39705      11856.8685      5.59656547e-10  -0.011478284   
8891.39705      11856.8685      9.95225715e-10  -0.0204129761  
8891.39705      11856.8685      1.7697894e-09   -0.0363043232  
8891.39705      11856.8685      3.14718004e-09  -0.0645729384  
8891.39705      11856.8685      5.59656547e-09  -0.114871883   
8891.39705      11856.8685      9.95225715e-09  -0.204409758   
8891.39705      11856.8685      1.7697894e-08   -0.363920415   
8891.39705      11856.8685      3.14718004e-08  -0.648458686   
8891.39705      11856.8685      5.59656547e-08  -1.1571111     
8891.39705      11856.8685      9.95225715e-08  -2.06940051    
8891.39705      11856.8685      1.7697894e-07   -3.71315092    
8891.39705      11856.8685      3.14718004e-07  -6.69092695    
8891.39705      11856.8685      5.59656547e-07  -12.1119045    
8891.39705      11856.8685      9.95225715e-07  -22.007067     
8891.39705      11856.8685      1.7697894e-06   -40.0628072    
8891.39705      11856.8685      3.14718004e-06  -72.9218385    
8891.39705      11856.8685      5.59656547e-06  -132.503782    
8891.39705      11856.8685      9.95225715e-06  -240.140077    
8891.39705      11856.8685      1.7697894e-05   -433.922498    
8891.39705      11856.8685      3.14718004e-05  -781.761594    
8891.39705      11856.8685      5.59656547e-05  -1404.60796    
8891.39705      11856.8685      9.95225715e-05  -2517.74908    
11856.8685      15811.3883      0               5.07202458e-09 
11856.8685      15811.3883      1.7697894e-10   -0.00312299434 
11856.8685      15811.3883      3.14718004e-10  -0.00555358312 
11856.8685      15811.3883      5.59656547e-10  -0.00987589808 
11856.8685      15811.3883      9.95225715e-10  -0.0175623365  
11856.8685      15811.3883      1.7697894e-09   -0.0312314607  
11856.8685      15811.3883      3.14718004e-09  -0.0555405266  
11856.8685      15811.3883      5.59656547e-09  -0.0987737068  
11856.8685      15811.3883      9.95225715e-09  -0.175669703   
11856.8685      15811.3883      1.7697894e-08   -0.312460312   
11856.8685      15811.3883      3.14718004e-08  -0.555861888   
11856.8685      15811.3883      5.59656547e-08  -0.989158807   
11856.8685      15811.3883      9.95225715e-08  -1.76107406    
11856.8685      15811.3883      1.7697894e-07   -3.13782707    
11856.8685      15811.3883      3.14718004e-07  -5.59739231    
11856.8685      15811.3883      5.59656547e-07  -10.0003216    
11856.8685      15811.3883      9.95225715e-07  -17.8977578    
11856.8685      15811.3883      1.7697894e-06   -32.0818688    
11856.8685      15811.3883      3.14718004e-06  -57.5637533    
11856.8685      15811.3883      5.59656547e-06  -103.311028    
11856.8685      15811.3883      9.95225715e-06  -185.339927    
11856.8685      15811.3883      1.7697894e-05   -332.218154    
11856.8685      15811.3883      3.14718004e-05  -594.8559      
11856.8685      15811.3883      5.59656547e-05  -1063.92762    
11856.8685      15811.3883      9.95225715e-05  -1900.86871    
15811.3883      21084.8252      0               3.83010956e-09 
15811.3883      21084.8252      1.7697894e-10   -0.00235816469 
15811.3883      21084.8252      3.14718004e-10  -0.00419350266 
15811.3883      21084.8252      5.59656547e-10  -0.0074572982  
15811.3883      21084.8252      9.95225715e-10  -0.0132614023  
15811.3883      21084.8252      1.7697894e-09   -0.0235832385  
15811.3883      21084.8252      3.14718004e-09  -0.04193998    
15811.3883      21084.8252      5.59656547e-09  -0.0745885422  
15811.3883      21084.8252      9.95225715e-09  -0.132662992   
15811.3883      21084.8252      1.7697894e-08   -0.235986258   
15811.3883      21084.8252      3.14718004e-08  -0.419881314   
15811.3883      21084.8252      5.59656547e-08  -0.747380718   
15811.3883      21084.8252      9.95225715e-08  -1.33121243    
15811.3883      21084.8252      1.7697894e-07   -2.37360115    
15811.3883      21084.8252      3.14718004e-07  -4.23859358    
15811.3883      21084.8252      5.59656547e-07  -7.58321047    
15811.3883      21084.8252      9.95225715e-07  -13.5927418    
15811.3883      21084.8252      1.7697894e-06   -24.3970345    
15811.3883      21084.8252      3.14718004e-06  -43.8030271    
15811.3883      21084.8252      5.59656547e-06  -78.5914195    
15811.3883      21084.8252      9.95225715e-06  -140.827629    
15811.3883      21084.8252      1.7697894e-05   -251.985135    
15811.3883      21084.8252      3.14718004e-05  -450.288965    
15811.3883      21084.8252      5.59656547e-05  -803.777099    
15811.3883      21084.8252      9.95225715e-05  -1433.5294     
21084.8252      28117.0663      0               1.37017046e-05 
21084.8252      28117.0663      1.7697894e-10   -0.00150579885 
21084.8252      28117.0663      3.14718004e-10  -0.00268843626 
21084.8252      28117.0663      5.59656547e-10  -0.00479158553 
21084.8252      28117.0663      9.95225715e-10  -0.00853185553 
21084.8252      28117.0663      1.7697894e-09   -0.0151839946  
21084.8252      28117.0663      3.14718004e-09  -0.0270161792  
21084.8252      28117.0663      5.59656547e-09  -0.0480660107  
21084.8252      28117.0663      9.95225715e-09  -0.0855265029  
21084.8252      28117.0663      1.7697894e-08   -0.152229534   
21084.8252      28117.0663      3.14718004e-08  -0.271119613   
21084.8252      28117.0663      5.59656547e-08  -0.483381143   
21084.8252      28117.0663      9.95225715e-08  -0.863381577   
21084.8252      28117.0663      1.7697894e-07   -1.54654307    
21084.8252      28117.0663      3.14718004e-07  -2.78191361    
21084.8252      28117.0663      5.59656547e-07  -5.03114832    
21084.8252      28117.0663      9.95225715e-07  -9.1507552     
21084.8252      28117.0663      1.7697894e-06   -16.7160208    
21084.8252      28117.0663      3.14718004e-06  -30.5832061    
21084.8252      28117.0663      5.59656547e-06  -55.8682014    
21084.8252      28117.0663      9.95225715e-06  -101.677186    
21084.8252      28117.0663      1.7697894e-05   -184.196113    
21084.8252      28117.0663      3.14718004e-05  -332.21017     
21084.8252      28117.0663      5.59656547e-05  -596.939258    
21084.8252      28117.0663      9.95225715e-05  -1069.52852    
28117.0663      37494.7105      0               1.26674666e-05 
28117.0663      37494.7105      1.7697894e-10   -0.0013921106  
28117.0663      37494.7105      3.14718004e-10  -0.00248542119 
28117.0663      37494.7105      5.59656547e-10  -0.0044296345  
28117.0663      37494.7105      9.95225715e-10  -0.00788699406 
28117.0663      37494.7105      1.7697894e-09   -0.0140351614  
28117.0663      37494.7105      3.14718004e-09  -0.0249683714  
28117.0663      37494.7105      5.59656547e-09  -0.0444108337  
28117.0663      37494.7105      9.95225715e-09  -0.07898547    
28117.0663      37494.7105      1.7697894e-08   -0.140470432   
28117.0663      37494.7105      3.14718004e-08  -0.249812918   
28117.0663      37494.7105      5.59656547e-08  -0.444270307   
28117.0663      37494.7105      9.95225715e-08  -0.790119862   
28117.0663      37494.7105      1.7697894e-07   -1.40529345    
28117.0663      37494.7105      3.14718004e-07  -2.49972983    
28117.0663      37494.7105      5.59656547e-07  -4.44743216    
28117.0663      37494.7105      9.95225715e-07  -7.91544924    
28117.0663      37494.7105      1.7697894e-06   -14.0954141    
28117.0663      37494.7105      3.14718004e-06  -25.1201314    
28117.0663      37494.7105      5.59656547e-06  -44.8128202    
28117.0663      37494.7105      9.95225715e-06  -80.0285438    
28117.0663      37494.7105      1.7697894e-05   -143.039264    
28117.0663      37494.7105      3.14718004e-05  -255.755167    
28117.0663      37494.7105      5.59656547e-05  -457.199511    
28117.0663      37494.7105      9.95225715e-05  -816.78271     
37494.7105      50000           0               9.75077995e-06 
37494.7105      50000           1.7697894e-10   -0.00107157664 
37494.7105      50000           3.14718004e-10  -0.00191315177 
37494.7105      50000           5.59656547e-10  -0.00340970805 
37494.7105      50000           9.95225715e-10  -0.00607100505 
37494.7105      50000           1.7697894e-09   -0.0108035403  
37494.7105      50000           3.14718004e-09  -0.0192193281  
37494.7105      50000           5.59656547e-09  -0.0341850063  
37494.7105      50000           9.95225715e-09  -0.0607983412  
37494.7105      50000           1.7697894e-08   -0.108124847   
37494.7105      50000           3.14718004e-08  -0.192286367   
37494.7105      50000           5.59656547e-08  -0.341954643   
37494.7105      50000           9.95225715e-08  -0.608124205   
37494.7105      50000           1.7697894e-07   -1.08150303    
37494.7105      50000           3.14718004e-07  -1.9234739     
37494.7105      50000           5.59656547e-07  -3.42125898    
37494.7105      50000           9.95225715e-07  -6.08632118    
37494.7105      50000           1.7697894e-06   -10.8301447    
37494.7105      50000           3.14718004e-06  -19.2786451    
37494.7105      50000           5.59656547e-06  -34.3346061    
37494.7105      50000           9.95225715e-06  -61.1819705    
37494.7105      50000           1.7697894e-05   -109.074077    
37494.7105      50000           3.14718004e-05  -194.51304     
37494.7105      50000           5.59656547e-05  -346.903132    
37494.7105      50000           9.95225715e-05  -618.602768    
50000           66676.0716      0               9.6641772e-05  
50000           66676.0716      1.7697894e-10   -0.000185540051
50000           66676.0716      3.14718004e-10  -0.000405366575
50000           66676.0716      5.59656547e-10  -0.000796733582
50000           66676.0716      9.95225715e-10  -0.0014941268  
50000           66676.0716      1.7697894e-09   -0.00273880574 
50000           66676.0716      3.14718004e-09  -0.00496640663 
50000           66676.0716      5.59656547e-09  -0.00897222846 
50000           66676.0716      9.95225715e-09  -0.0162341668  
50000           66676.0716      1.7697894e-08   -0.0295731451  
50000           66676.0716      3.14718004e-08  -0.0545714498  
50000           66676.0716      5.59656547e-08  -0.102729258   
50000           66676.0716      9.95225715e-08  -0.198497721   
50000           66676.0716      1.7697894e-07   -0.394193417   
50000           66676.0716      3.14718004e-07  -0.798647951   
50000           66676.0716      5.59656547e-07  -1.62624237    
50000           66676.0716      9.95225715e-07  -3.27567286    
50000           66676.0716      1.7697894e-06   -6.46069152    
50000           66676.0716      3.14718004e-06  -12.4414362    
50000           66676.0716      5.59656547e-06  -23.4426165    
50000           66676.0716      9.95225715e-06  -43.4044895    
50000           66676.0716      1.7697894e-05   -79.3219023    
50000           66676.0716      3.14718004e-05  -143.626137    
50000           66676.0716      5.59656547e-05  -258.42037     
50000           66676.0716      9.95225715e-05  -463.012143    
66676.0716      88913.9705      0               -0.627812557   
66676.0716      88913.9705      1.7697894e-10   -0.625987495   
66676.0716      88913.9705      3.14718004e-10  -0.62457121    
66676.0716      88913.9705      5.59656547e-10  -0.622061531   
66676.0716      88913.9705      9.95225715e-10  -0.617626464   
66676.0716      88913.9705      1.7697894e-09   -0.609826569   
66676.0716      88913.9705      3.14718004e-09  -0.596224634   
66676.0716      88913.9705      5.59656547e-09  -0.572851714   
66676.0716      88913.9705      9.95225715e-09  -0.533691428   
66676.0716      88913.9705      1.7697894e-08   -0.470806895   
66676.0716      88913.9705      3.14718004e-08  -0.376596583   
66676.0716      88913.9705      5.59656547e-08  -0.250369728   
66676.0716      88913.9705      9.95225715e-08  -0.110334314   
66676.0716      88913.9705      1.7697894e-07   -0.00904031889 
66676.0716      88913.9705      3.14718004e-07  -0.0506690396  
66676.0716      88913.9705      5.59656547e-07  -0.416562124   
66676.0716      88913.9705      9.95225715e-07  -1.41489769    
66676.0716      88913.9705      1.7697894e-06   -3.57699159    
66676.0716      88913.9705      3.14718004e-06  -7.83375306    
66676.0716      88913.9705      5.59656547e-06  -15.8309606    
66676.0716      88913.9705      9.95225715e-06  -30.4895856    
66676.0716      88913.9705      1.7697894e-05   -57.0019023    
66676.0716      88913.9705      3.14718004e-05  -104.603971    
66676.0716      88913.9705      5.59656547e-05  -189.731725    
66676.0716      88913.9705      9.95225715e-05  -341.641839    
88913.9705      118568.685      0               7.91345286e-06 
88913.9705      118568.685      1.7697894e-10   -0.000430913439
88913.9705      118568.685      3.14718004e-10  -0.000772443815
88913.9705      118568.685      5.59656547e-10  -0.0013797812  
88913.9705      118568.685      9.95225715e-10  -0.00245979979 
88913.9705      118568.685      1.7697894e-09   -0.00438038415 
88913.9705      118568.685      3.14718004e-09  -0.00779574991 
88913.9705      118568.685      5.59656547e-09  -0.0138693198  
88913.9705      118568.685      9.95225715e-09  -0.0246701252  
88913.9705      118568.685      1.7697894e-08   -0.043877926   
88913.9705      118568.685      3.14718004e-08  -0.078037762   
88913.9705      118568.685      5.59656547e-08  -0.138792939   
88913.9705      118568.685      9.95225715e-08  -0.246862256   
88913.9705      118568.685      1.7697894e-07   -0.439132142   
88913.9705      118568.685      3.14718004e-07  -0.781327136   
88913.9705      118568.685      5.59656547e-07  -1.39071101    
88913.9705      118568.685      9.95225715e-07  -2.4769127     
88913.9705      118568.685      1.7697894e-06   -4.41561685    
88913.9705      118568.685      3.14718004e-06  -7.8816951     
88913.9705      118568.685      5.59656547e-06  -14.0885007    
88913.9705      118568.685      9.95225715e-06  -25.2134825    
88913.9705      118568.685      1.7697894e-05   -45.1489063    
88913.9705      118568.685      3.14718004e-05  -80.8269715    
88913.9705      118568.685      5.59656547e-05  -144.572279    
88913.9705      118568.685      9.95225715e-05  -258.291544    
118568.685      158113.883      0               5.31272804e-10 
118568.685      158113.883      1.7697894e-10   -0.000327110647
118568.685      158113.883      3.14718004e-10  -0.000581694793
118568.685      158113.883      5.59656547e-10  -0.00103441708 
118568.685      158113.883      9.95225715e-10  -0.00183948552 
118568.685      158113.883      1.7697894e-09   -0.00327112756 
118568.685      158113.883      3.14718004e-09  -0.00581700427 
118568.685      158113.883      5.59656547e-09  -0.0103443386  
118568.685      158113.883      9.95225715e-09  -0.0183953752  
118568.685      158113.883      1.7697894e-08   -0.0327129088  
118568.685      158113.883      3.14718004e-08  -0.0581751915  
118568.685      158113.883      5.59656547e-08  -0.103459626   
118568.685      158113.883      9.95225715e-08  -0.184004924   
118568.685      158113.883      1.7697894e-07   -0.327289922   
118568.685      158113.883      3.14718004e-07  -0.582255119   
118568.685      158113.883      5.59656547e-07  -1.03615813    
118568.685      158113.883      9.95225715e-07  -1.84483144    
118568.685      158113.883      1.7697894e-06   -3.2872148     
118568.685      158113.883      3.14718004e-06  -5.86390301    
118568.685      158113.883      5.59656547e-06  -10.4748989    
118568.685      158113.883      9.95225715e-06  -18.7375108    
118568.685      158113.883      1.7697894e-05   -33.5487762    
118568.685      158113.883      3.14718004e-05  -60.0764517    
118568.685      158113.883      5.59656547e-05  -107.512715    
118568.685      158113.883      9.95225715e-05  -192.193107    
158113.883      210848.252      0               0.000198365851 
158113.883      210848.252      1.7697894e-10   -6.04811154e-05
158113.883      210848.252      3.14718004e-10  -0.00026193638 
158113.883      210848.252      5.59656547e-10  -0.000620180129
158113.883      210848.252      9.95225715e-10  -0.00125723761 
158113.883      210848.252      1.7697894e-09   -0.00239010382 
158113.883      210848.252      3.14718004e-09  -0.00440465646 
158113.883      210848.252      5.59656547e-09  -0.00798709395 
158113.883      210848.252      9.95225715e-09  -0.0143576688  
158113.883      210848.252      1.7697894e-08   -0.0256863308  
158113.883      210848.252      3.14718004e-08  -0.0458318573  
158113.883      210848.252      5.59656547e-08  -0.0816562322  
158113.883      210848.252      9.95225715e-08  -0.145361981   
158113.883      210848.252      1.7697894e-07   -0.258648601   
158113.883      210848.252      3.14718004e-07  -0.460103867   
158113.883      210848.252      5.59656547e-07  -0.818347618   
158113.883      210848.252      9.95225715e-07  -1.45540511    
158113.883      210848.252      1.7697894e-06   -2.58827134    
158113.883      210848.252      3.14718004e-06  -4.60282407    
158113.883      210848.252      5.59656547e-06  -8.18526182    
158113.883      210848.252      9.95225715e-06  -14.5558375    
158113.883      210848.252      1.7697894e-05   -25.8845022    
158113.883      210848.252      3.14718004e-05  -46.030037     
158113.883      210848.252      5.59656547e-05  -81.8544382    
158113.883      210848.252      9.95225715e-05  -145.560269    
210848.252      281170.663      0               3.14088311e-10 
210848.252      281170.663      1.7697894e-10   -0.000193385293
210848.252      281170.663      3.14718004e-10  -0.000343893328
210848.252      281170.663      5.59656547e-10  -0.000611538669
210848.252      281170.663      9.95225715e-10  -0.00108748687 
210848.252      281170.663      1.7697894e-09   -0.00193385575 
210848.252      281170.663      3.14718004e-09  -0.00343893611 
210848.252      281170.663      5.59656547e-09  -0.00611538952 
210848.252      281170.663      9.95225715e-09  -0.0108748715  
210848.252      281170.663      1.7697894e-08   -0.0193385603  
210848.252      281170.663      3.14718004e-08  -0.0343893639  
210848.252      281170.663      5.59656547e-08  -0.061153898   
210848.252      281170.663      9.95225715e-08  -0.108748718   
210848.252      281170.663      1.7697894e-07   -0.193385606   
210848.252      281170.663      3.14718004e-07  -0.343893642   
210848.252      281170.663      5.59656547e-07  -0.611538983   
210848.252      281170.663      9.95225715e-07  -1.08748718    
210848.252      281170.663      1.7697894e-06   -1.93385607    
210848.252      281170.663      3.14718004e-06  -3.43893642    
210848.252      281170.663      5.59656547e-06  -6.11538984    
210848.252      281170.663      9.95225715e-06  -10.8748718    
210848.252      281170.663      1.7697894e-05   -19.3385607    
210848.252      281170.663      3.14718004e-05  -34.3893643    
210848.252      281170.663      5.59656547e-05  -61.1538985    
210848.252      281170.663      9.95225715e-05  -108.748719    
281170.663      374947.105      0               2.33505659e-10 
281170.663      374947.105      1.7697894e-10   -0.000143770879
281170.663      374947.105      3.14718004e-10  -0.000255664975
281170.663      374947.105      5.59656547e-10  -0.000454643943
281170.663      374947.105      9.95225715e-10  -0.000808484144
281170.663      374947.105      1.7697894e-09   -0.00143771089 
281170.663      374947.105      3.14718004e-09  -0.00255665185 
281170.663      374947.105      5.59656547e-09  -0.00454644153 
281170.663      374947.105      9.95225715e-09  -0.00808484354 
281170.663      374947.105      1.7697894e-08   -0.014377111   
281170.663      374947.105      3.14718004e-08  -0.0255665206  
281170.663      374947.105      5.59656547e-08  -0.0454644174  
281170.663      374947.105      9.95225715e-08  -0.0808484375  
281170.663      374947.105      1.7697894e-07   -0.143771112   
281170.663      374947.105      3.14718004e-07  -0.255665208   
281170.663      374947.105      5.59656547e-07  -0.454644176   
281170.663      374947.105      9.95225715e-07  -0.808484377   
281170.663      374947.105      1.7697894e-06   -1.43771112    
281170.663      374947.105      3.14718004e-06  -2.55665209    
281170.663      374947.105      5.59656547e-06  -4.54644176    
281170.663      374947.105      9.95225715e-06  -8.08484377    
281170.663      374947.105      1.7697894e-05   -14.3771112    
281170.663      374947.105      3.14718004e-05  -25.5665209    
281170.663      374947.105      5.59656547e-05  -45.4644176    
281170.663      374947.105      9.95225715e-05  -80.8484378    
374947.105      500000          0               0.000796869975 
374947.105      500000          1.7697894e-10   0.000692023022 
374947.105      500000          3.14718004e-10  0.000610422798 
374947.105      500000          5.59656547e-10  0.000465314799 
374947.105      500000          9.95225715e-10  0.000207272233 
374947.105      500000          1.7697894e-09   -0.00025159955 
374947.105      500000          3.14718004e-09  -0.00106760179 
374947.105      500000          5.59656547e-09  -0.00251868178 
374947.105      500000          9.95225715e-09  -0.00509910745 
374947.105      500000          1.7697894e-08   -0.00968782528 
374947.105      500000          3.14718004e-08  -0.0178478477  
374947.105      500000          5.59656547e-08  -0.0323586476  
374947.105      500000          9.95225715e-08  -0.0581629044  
374947.105      500000          1.7697894e-07   -0.104050083   
374947.105      500000          3.14718004e-07  -0.185650309   
374947.105      500000          5.59656547e-07  -0.330758313   
374947.105      500000          9.95225715e-07  -0.588800894   
374947.105      500000          1.7697894e-06   -1.04767273    
374947.105      500000          3.14718004e-06  -1.86367512    
374947.105      500000          5.59656547e-06  -3.31475559    
374947.105      500000          9.95225715e-06  -5.89518279    
374947.105      500000          1.7697894e-05   -10.4839054    
374947.105      500000          3.14718004e-05  -18.6439431    
374947.105      500000          5.59656547e-05  -33.154791     
374947.105      500000          9.95225715e-05  -58.9591983    
