### like_sextans.txt
#[0]emin(MeV) [1]emax(MeV) [2]eflux(MeV/cm^2/s) [3]deltaLogLike
500             666.760716      0               0.00275324104  
500             666.760716      1.76905802e-10  -0.00137448927 
500             666.760716      3.14587946e-10  -0.00459111926 
500             666.760716      5.59425267e-10  -0.0103200501  
500             666.760716      9.94814433e-10  -0.0205356895  
500             666.760716      1.76905802e-09  -0.0387903204  
500             666.760716      3.14587946e-09  -0.0715306401  
500             666.760716      5.59425267e-09  -0.130627365   
500             666.760716      9.94814433e-09  -0.238456237   
500             666.760716      1.76905802e-08  -0.438705461   
500             666.760716      3.14587946e-08  -0.820834904   
500             666.760716      5.59425267e-08  -1.57838443    
500             666.760716      9.94814433e-08  -3.15172948    
500             666.760716      1.76905802e-07  -6.57531282    
500             666.760716      3.14587946e-07  -14.2916616    
500             666.760716      5.59425267e-07  -31.9568041    
500             666.760716      9.94814433e-07  -72.217061     
500             666.760716      1.76905802e-06  -162.220884    
500             666.760716      3.14587946e-06  -357.965704    
500             666.760716      5.59425267e-06  -770.854205    
500             666.760716      9.94814433e-06  -1615.8669     
500             666.760716      1.76905802e-05  -3298.01886    
500             666.760716      3.14587946e-05  -6566.5293     
500             666.760716      5.59425267e-05  -12788.4986    
500             666.760716      9.94814433e-05  -24433.6823    
666.760716      889.139705      0               0.00746425159  
666.760716      889.139705      1.76905802e-10  0.00627031551  
666.760716      889.139705      3.14587946e-10  0.00533372775  
666.760716      889.139705      5.59425267e-10  0.00365230103  
666.760716      889.139705      9.94814433e-10  0.000612065272 
666.760716      889.139705      1.76905802e-09  -0.00495231625 
666.760716      889.139705      3.14587946e-09  -0.0153429709  
666.760716      889.139705      5.59425267e-09  -0.0353659101  
666.760716      889.139705      9.94814433e-09  -0.0757417539  
666.760716      889.139705      1.76905802e-08  -0.162009808   
666.760716      889.139705      3.14587946e-08  -0.358127839   
666.760716      889.139705      5.59425267e-08  -0.827953749   
666.760716      889.139705      9.94814433e-08  -1.98849015    
666.760716      889.139705      1.76905802e-07  -4.8701196     
666.760716      889.139705      3.14587946e-07  -11.9151114    
666.760716      889.139705      5.59425267e-07  -28.6570737    
666.760716      889.139705      9.94814433e-07  -67.0925843    
666.760716      889.139705      1.76905802e-06  -152.185791    
666.760716      889.139705      3.14587946e-06  -334.010309    
666.760716      889.139705      5.59425267e-06  -709.83429     
666.760716      889.139705      9.94814433e-06  -1463.67727    
666.760716      889.139705      1.76905802e-05  -2936.81847    
666.760716      889.139705      3.14587946e-05  -5753.3851     
666.760716      889.139705      5.59425267e-05  -11043.7305    
666.760716      889.139705      9.94814433e-05  -20841.1079    
889.139705      1185.68685      0               -0.63339428    
889.139705      1185.68685      1.76905802e-10  -0.628908746   
889.139705      1185.68685      3.14587946e-10  -0.625431224   
889.139705      1185.68685      5.59425267e-10  -0.619276285   
889.139705      1185.68685      9.94814433e-10  -0.608422644   
889.139705      1185.68685      1.76905802e-09  -0.58940943    
889.139705      1185.68685      3.14587946e-09  -0.556497307   
889.139705      1185.68685      5.59425267e-09  -0.50075367    
889.139705      1185.68685      9.94814433e-09  -0.410116394   
889.139705      1185.68685      1.76905802e-08  -0.27419985    
889.139705      1185.68685      3.14587946e-08  -0.104789287   
889.139705      1185.68685      5.59425267e-08  0.000951743888 
889.139705      1185.68685      9.94814433e-08  -0.302618464   
889.139705      1185.68685      1.76905802e-07  -1.98034529    
889.139705      1185.68685      3.14587946e-07  -7.38995528    
889.139705      1185.68685      5.59425267e-07  -21.8132676    
889.139705      1185.68685      9.94814433e-07  -56.375272     
889.139705      1185.68685      1.76905802e-06  -133.456807    
889.139705      1185.68685      3.14587946e-06  -296.573525    
889.139705      1185.68685      5.59425267e-06  -628.246119    
889.139705      1185.68685      9.94814433e-06  -1282.04054    
889.139705      1185.68685      1.76905802e-05  -2539.59749    
889.139705      1185.68685      3.14587946e-05  -4911.89871    
889.139705      1185.68685      5.59425267e-05  -9319.19785    
889.139705      1185.68685      9.94814433e-05  -17410.8494    
1185.68685      1581.13883      0               -0.00230787314 
1185.68685      1581.13883      1.76905802e-10  -0.00191858584 
1185.68685      1581.13883      3.14587946e-10  -0.00163173093 
1185.68685      1581.13883      5.59425267e-10  -0.00115633804 
1185.68685      1581.13883      9.94814433e-10  -0.000420097997
1185.68685      1581.13883      1.76905802e-09  0.000547541649 
1185.68685      1581.13883      3.14587946e-09  0.00120739826  
1185.68685      1581.13883      5.59425267e-09  -0.000869994816
1185.68685      1581.13883      9.94814433e-09  -0.0143037577  
1185.68685      1581.13883      1.76905802e-08  -0.0663313893  
1185.68685      1581.13883      3.14587946e-08  -0.235780724   
1185.68685      1581.13883      5.59425267e-08  -0.73192648    
1185.68685      1581.13883      9.94814433e-08  -2.06340248    
1185.68685      1581.13883      1.76905802e-07  -5.37055208    
1185.68685      1581.13883      3.14587946e-07  -13.0605467    
1185.68685      1581.13883      5.59425267e-07  -30.0321101    
1185.68685      1581.13883      9.94814433e-07  -66.0287982    
1185.68685      1581.13883      1.76905802e-06  -140.039076    
1185.68685      1581.13883      3.14587946e-06  -288.293995    
1185.68685      1581.13883      5.59425267e-06  -578.556       
1185.68685      1581.13883      9.94814433e-06  -1135.4688     
1185.68685      1581.13883      1.76905802e-05  -2185.53682    
1185.68685      1581.13883      3.14587946e-05  -4137.13417    
1185.68685      1581.13883      5.59425267e-05  -7722.97397    
1185.68685      1581.13883      9.94814433e-05  -14253.6718    
1581.13883      2108.48252      0               -0.652204838   
1581.13883      2108.48252      1.76905802e-10  -0.644836447   
1581.13883      2108.48252      3.14587946e-10  -0.639146931   
1581.13883      2108.48252      5.59425267e-10  -0.629126007   
1581.13883      2108.48252      9.94814433e-10  -0.611607024   
1581.13883      2108.48252      1.76905802e-09  -0.581380725   
1581.13883      2108.48252      3.14587946e-09  -0.530432932   
1581.13883      2108.48252      5.59425267e-09  -0.448044832   
1581.13883      2108.48252      9.94814433e-09  -0.32444228    
1581.13883      2108.48252      1.76905802e-08  -0.164185301   
1581.13883      2108.48252      3.14587946e-08  -0.0204749988  
1581.13883      2108.48252      5.59425267e-08  -0.0675605849  
1581.13883      2108.48252      9.94814433e-08  -0.740397141   
1581.13883      2108.48252      1.76905802e-07  -3.00244264    
1581.13883      2108.48252      3.14587946e-07  -8.86635594    
1581.13883      2108.48252      5.59425267e-07  -22.3954248    
1581.13883      2108.48252      9.94814433e-07  -51.5785144    
1581.13883      2108.48252      1.76905802e-06  -111.756041    
1581.13883      2108.48252      3.14587946e-06  -231.788202    
1581.13883      2108.48252      5.59425267e-06  -465.086128    
1581.13883      2108.48252      9.94814433e-06  -909.271576    
1581.13883      2108.48252      1.76905802e-05  -1741.13335    
1581.13883      2108.48252      3.14587946e-05  -3278.72405    
1581.13883      2108.48252      5.59425267e-05  -6091.67661    
1581.13883      2108.48252      9.94814433e-05  -11197.2632    
2108.48252      2811.70663      0               5.28383543e-05 
2108.48252      2811.70663      1.76905802e-10  -0.00581839135 
2108.48252      2811.70663      3.14587946e-10  -0.0104040225  
2108.48252      2811.70663      5.59425267e-10  -0.0185932031  
2108.48252      2811.70663      9.94814433e-10  -0.0332639442  
2108.48252      2811.70663      1.76905802e-09  -0.05968639    
2108.48252      2811.70663      3.14587946e-09  -0.107685507   
2108.48252      2811.70663      5.59425267e-09  -0.196023964   
2108.48252      2811.70663      9.94814433e-09  -0.361490284   
2108.48252      2811.70663      1.76905802e-08  -0.677621425   
2108.48252      2811.70663      3.14587946e-08  -1.2916019     
2108.48252      2811.70663      5.59425267e-08  -2.49250853    
2108.48252      2811.70663      9.94814433e-08  -4.83301685    
2108.48252      2811.70663      1.76905802e-07  -9.35029441    
2108.48252      2811.70663      3.14587946e-07  -17.9792632    
2108.48252      2811.70663      5.59425267e-07  -34.3267054    
2108.48252      2811.70663      9.94814433e-07  -65.0988818    
2108.48252      2811.70663      1.76905802e-06  -122.697507    
2108.48252      2811.70663      3.14587946e-06  -229.892623    
2108.48252      2811.70663      5.59425267e-06  -428.18077     
2108.48252      2811.70663      9.94814433e-06  -792.687559    
2108.48252      2811.70663      1.76905802e-05  -1458.68223    
2108.48252      2811.70663      3.14587946e-05  -2668.6856     
2108.48252      2811.70663      5.59425267e-05  -4856.17769    
2108.48252      2811.70663      9.94814433e-05  -8794.47428    
2811.70663      3749.47105      0               1.39134499e-08 
2811.70663      3749.47105      1.76905802e-10  -0.00856685222 
2811.70663      3749.47105      3.14587946e-10  -0.0152347616  
2811.70663      3749.47105      5.59425267e-10  -0.0270932349  
2811.70663      3749.47105      9.94814433e-10  -0.0481842855  
2811.70663      3749.47105      1.76905802e-09  -0.0857007111  
2811.70663      3749.47105      3.14587946e-09  -0.152448959   
2811.70663      3749.47105      5.59425267e-09  -0.27125156    
2811.70663      3749.47105      9.94814433e-09  -0.4828465     
2811.70663      3749.47105      1.76905802e-08  -0.860150176   
2811.70663      3749.47105      3.14587946e-08  -1.53426256    
2811.70663      3749.47105      5.59425267e-08  -2.74253629    
2811.70663      3749.47105      9.94814433e-08  -4.91886472    
2811.70663      3749.47105      1.76905802e-07  -8.86542502    
2811.70663      3749.47105      3.14587946e-07  -16.0794801    
2811.70663      3749.47105      5.59425267e-07  -29.3648385    
2811.70663      3749.47105      9.94814433e-07  -53.9457226    
2811.70663      3749.47105      1.76905802e-06  -99.454145     
2811.70663      3749.47105      3.14587946e-06  -183.453586    
2811.70663      3749.47105      5.59425267e-06  -337.701712    
2811.70663      3749.47105      9.94814433e-06  -619.303147    
2811.70663      3749.47105      1.76905802e-05  -1130.55911    
2811.70663      3749.47105      3.14587946e-05  -2054.2749     
2811.70663      3749.47105      5.59425267e-05  -3716.57467    
2811.70663      3749.47105      9.94814433e-05  -6698.66272    
3749.47105      5000            0               4.3621334e-05  
3749.47105      5000            1.76905802e-10  -0.00479593662 
3749.47105      5000            3.14587946e-10  -0.0085653986  
3749.47105      5000            5.59425267e-10  -0.015274874   
3749.47105      5000            9.94814433e-10  -0.0272260643  
3749.47105      5000            1.76905802e-09  -0.0485408216  
3749.47105      5000            3.14587946e-09  -0.0866376638  
3749.47105      5000            5.59425267e-09  -0.154976968   
3749.47105      5000            9.94814433e-09  -0.278279293   
3749.47105      5000            1.76905802e-08  -0.502674684   
3749.47105      5000            3.14587946e-08  -0.915692777   
3749.47105      5000            5.59425267e-08  -1.68520891    
3749.47105      5000            9.94814433e-08  -3.13267078    
3749.47105      5000            1.76905802e-07  -5.86586465    
3749.47105      5000            3.14587946e-07  -11.0183997    
3749.47105      5000            5.59425267e-07  -20.6898641    
3749.47105      5000            9.94814433e-07  -38.758278     
3749.47105      5000            1.76905802e-06  -72.3557591    
3749.47105      5000            3.14587946e-06  -134.506851    
3749.47105      5000            5.59425267e-06  -248.817264    
3749.47105      5000            9.94814433e-06  -457.800241    
3749.47105      5000            1.76905802e-05  -837.661533    
3749.47105      5000            3.14587946e-05  -1524.56173    
3749.47105      5000            5.59425267e-05  -2761.30397    
3749.47105      5000            9.94814433e-05  -4980.37037    
5000            6667.60716      0               2.41469784e-05 
5000            6667.60716      1.76905802e-10  -0.00265670467 
5000            6667.60716      3.14587946e-10  -0.00474738554 
5000            6667.60716      5.59425267e-10  -0.00847430017 
5000            6667.60716      9.94814433e-10  -0.0151303667  
5000            6667.60716      1.76905802e-09  -0.0270559254  
5000            6667.60716      3.14587946e-09  -0.0485388031  
5000            6667.60716      5.59425267e-09  -0.0875805975  
5000            6667.60716      9.94814433e-09  -0.159490141   
5000            6667.60716      1.76905802e-08  -0.294380865   
5000            6667.60716      3.14587946e-08  -0.552742857   
5000            6667.60716      5.59425267e-08  -1.05635309    
5000            6667.60716      9.94814433e-08  -2.04538595    
5000            6667.60716      1.76905802e-07  -3.978675      
5000            6667.60716      3.14587946e-07  -7.71153779    
5000            6667.60716      5.59425267e-07  -14.82353      
5000            6667.60716      9.94814433e-07  -28.2273751    
5000            6667.60716      1.76905802e-06  -53.2795728    
5000            6667.60716      3.14587946e-06  -99.7700711    
5000            6667.60716      5.59425267e-06  -185.451773    
5000            6667.60716      9.94814433e-06  -342.27659     
5000            6667.60716      1.76905802e-05  -627.416922    
5000            6667.60716      3.14587946e-05  -1142.80124    
5000            6667.60716      5.59425267e-05  -2069.8514     
5000            6667.60716      9.94814433e-05  -3731.33816    
6667.60716      8891.39705      0               6.91829882e-09 
6667.60716      8891.39705      1.76905802e-10  -0.00425974389 
6667.60716      8891.39705      3.14587946e-10  -0.00757511184 
6667.60716      8891.39705      5.59425267e-10  -0.0134709604  
6667.60716      8891.39705      9.94814433e-10  -0.023956052   
6667.60716      8891.39705      1.76905802e-09  -0.0426034503  
6667.60716      8891.39705      3.14587946e-09  -0.0757699682  
6667.60716      8891.39705      5.59425267e-09  -0.134768936   
6667.60716      8891.39705      9.94814433e-09  -0.239747224   
6667.60716      8891.39705      1.76905802e-08  -0.426620415   
6667.60716      8891.39705      3.14587946e-08  -0.759528421   
6667.60716      8891.39705      5.59425267e-08  -1.35334322    
6667.60716      8891.39705      9.94814433e-08  -2.41467699    
6667.60716      8891.39705      1.76905802e-07  -4.31725247    
6667.60716      8891.39705      3.14587946e-07  -7.7411527     
6667.60716      8891.39705      5.59425267e-07  -13.9293305    
6667.60716      8891.39705      9.94814433e-07  -25.1548556    
6667.60716      8891.39705      1.76905802e-06  -45.5608482    
6667.60716      8891.39705      3.14587946e-06  -82.6563726    
6667.60716      8891.39705      5.59425267e-06  -149.970208    
6667.60716      8891.39705      9.94814433e-06  -271.759991    
6667.60716      8891.39705      1.76905802e-05  -491.377191    
6667.60716      8891.39705      3.14587946e-05  -886.125068    
6667.60716      8891.39705      5.59425267e-05  -1593.65378    
6667.60716      8891.39705      9.94814433e-05  -2858.89207    
8891.39705      11856.8685      0               5.67342795e-09 
8891.39705      11856.8685      1.76905802e-10  -0.00349337599 
8891.39705      11856.8685      3.14587946e-10  -0.00621224529 
8891.39705      11856.8685      5.59425267e-10  -0.011047246   
8891.39705      11856.8685      9.94814433e-10  -0.0196455169  
8891.39705      11856.8685      1.76905802e-09  -0.0349365574  
8891.39705      11856.8685      3.14587946e-09  -0.0621311796  
8891.39705      11856.8685      5.59425267e-09  -0.110499894   
8891.39705      11856.8685      9.94814433e-09  -0.196541527   
8891.39705      11856.8685      1.76905802e-08  -0.349636949   
8891.39705      11856.8685      3.14587946e-08  -0.622160997   
8891.39705      11856.8685      5.59425267e-08  -1.10763598    
8891.39705      11856.8685      9.94814433e-08  -1.9734969     
8891.39705      11856.8685      1.76905802e-07  -3.52060402    
8891.39705      11856.8685      3.14587946e-07  -6.29184165    
8891.39705      11856.8685      5.59425267e-07  -11.2699607    
8891.39705      11856.8685      9.94814433e-07  -20.2341028    
8891.39705      11856.8685      1.76905802e-06  -36.3928362    
8891.39705      11856.8685      3.14587946e-06  -65.5003094    
8891.39705      11856.8685      5.59425267e-06  -117.833034    
8891.39705      11856.8685      9.94814433e-06  -211.713578    
8891.39705      11856.8685      1.76905802e-05  -379.79886     
8891.39705      11856.8685      3.14587946e-05  -680.280063    
8891.39705      11856.8685      5.59425267e-05  -1216.80115    
8891.39705      11856.8685      9.94814433e-05  -2173.86987    
11856.8685      15811.3883      0               0.00891750485  
11856.8685      15811.3883      1.76905802e-10  0.00803253062  
11856.8685      15811.3883      3.14587946e-10  0.00734270528  
11856.8685      15811.3883      5.59425267e-10  0.00611369817  
11856.8685      15811.3883      9.94814433e-10  0.00392091281  
11856.8685      15811.3883      1.76905802e-09  -1.33374135e-06
11856.8685      15811.3883      3.14587946e-09  -0.00704781292 
11856.8685      15811.3883      5.59425267e-09  -0.0198012703  
11856.8685      15811.3883      9.94814433e-09  -0.0431653664  
11856.8685      15811.3883      1.76905802e-08  -0.0867747005  
11856.8685      15811.3883      3.14587946e-08  -0.17031879    
11856.8685      15811.3883      5.59425267e-08  -0.335393623   
11856.8685      15811.3883      9.94814433e-08  -0.670937068   
11856.8685      15811.3883      1.76905802e-07  -1.36374843    
11856.8685      15811.3883      3.14587946e-07  -2.79019024    
11856.8685      15811.3883      5.59425267e-07  -5.67329103    
11856.8685      15811.3883      9.94814433e-07  -11.3511418    
11856.8685      15811.3883      1.76905802e-06  -22.2468325    
11856.8685      15811.3883      3.14587946e-06  -42.7040169    
11856.8685      15811.3883      5.59425267e-06  -80.4751672    
11856.8685      15811.3883      9.94814433e-06  -149.369367    
11856.8685      15811.3883      1.76905802e-05  -273.964758    
11856.8685      15811.3883      3.14587946e-05  -497.995972    
11856.8685      15811.3883      5.59425267e-05  -899.272248    
11856.8685      15811.3883      9.94814433e-05  -1616.20159    
15811.3883      21084.8252      0               3.75177464e-05 
15811.3883      21084.8252      1.76905802e-10  -0.00204296519 
15811.3883      21084.8252      3.14587946e-10  -0.00366216569 
15811.3883      21084.8252      5.59425267e-10  -0.00654156407 
15811.3883      21084.8252      9.94814433e-10  -0.0116619626  
15811.3883      21084.8252      1.76905802e-09  -0.0207675365  
15811.3883      21084.8252      3.14587946e-09  -0.0369600273  
15811.3883      21084.8252      5.59425267e-09  -0.0657555468  
15811.3883      21084.8252      9.94814433e-09  -0.116964383   
15811.3883      21084.8252      1.76905802e-08  -0.208035433   
15811.3883      21084.8252      3.14587946e-08  -0.370008593   
15811.3883      21084.8252      5.59425267e-08  -0.658115455   
15811.3883      21084.8252      9.94814433e-08  -1.17067835    
15811.3883      21084.8252      1.76905802e-07  -2.08286169    
15811.3883      21084.8252      3.14587946e-07  -3.7071021     
15811.3883      21084.8252      5.59425267e-07  -6.60165977    
15811.3883      21084.8252      9.94814433e-07  -11.766185     
15811.3883      21084.8252      1.76905802e-06  -20.9941361    
15811.3883      21084.8252      3.14587946e-06  -37.5047569    
15811.3883      21084.8252      5.59425267e-06  -67.0667317    
15811.3883      21084.8252      9.94814433e-06  -119.984833    
15811.3883      21084.8252      1.76905802e-05  -214.616872    
15811.3883      21084.8252      3.14587946e-05  -383.623326    
15811.3883      21084.8252      5.59425267e-05  -685.089621    
15811.3883      21084.8252      9.94814433e-05  -1222.3162     
21084.8252      28117.0663      0               2.47621301e-09 
21084.8252      28117.0663      1.76905802e-10  -0.00152460732 
21084.8252      28117.0663      3.14587946e-10  -0.00271119015 
21084.8252      28117.0663      5.59425267e-10  -0.00482128848 
21084.8252      28117.0663      9.94814433e-10  -0.00857370408 
21084.8252      28117.0663      1.76905802e-09  -0.0152467724  
21084.8252      28117.0663      3.14587946e-09  -0.0271140628  
21084.8252      28117.0663      5.59425267e-09  -0.0482196629  
21084.8252      28117.0663      9.94814433e-09  -0.0857583799  
21084.8252      28117.0663      1.76905802e-08  -0.152534894   
21084.8252      28117.0663      3.14587946e-08  -0.271351534   
21084.8252      28117.0663      5.59425267e-08  -0.482855491   
21084.8252      28117.0663      9.94814433e-08  -0.859623601   
21084.8252      28117.0663      1.76905802e-07  -1.53156795    
21084.8252      28117.0663      3.14587946e-07  -2.73200466    
21084.8252      28117.0663      5.59425267e-07  -4.88140913    
21084.8252      28117.0663      9.94814433e-07  -8.73898388    
21084.8252      28117.0663      1.76905802e-06  -15.673404     
21084.8252      28117.0663      3.14587946e-06  -28.1401292    
21084.8252      28117.0663      5.59425267e-06  -50.521174     
21084.8252      28117.0663      9.94814433e-06  -90.6137187    
21084.8252      28117.0663      1.76905802e-05  -162.284357    
21084.8252      28117.0663      3.14587946e-05  -290.203916    
21084.8252      28117.0663      5.59425267e-05  -518.280016    
21084.8252      28117.0663      9.94814433e-05  -924.655752    
28117.0663      37494.7105      0               1.11118296e-05 
28117.0663      37494.7105      1.76905802e-10  -0.00122115157 
28117.0663      37494.7105      3.14587946e-10  -0.00218019756 
28117.0663      37494.7105      5.59425267e-10  -0.00388565094 
28117.0663      37494.7105      9.94814433e-10  -0.00691842876 
28117.0663      37494.7105      1.76905802e-09  -0.0123115715  
28117.0663      37494.7105      3.14587946e-09  -0.0219021381  
28117.0663      37494.7105      5.59425267e-09  -0.0389570091  
28117.0663      37494.7105      9.94814433e-09  -0.0692858532  
28117.0663      37494.7105      1.76905802e-08  -0.123220648   
28117.0663      37494.7105      3.14587946e-08  -0.219136945   
28117.0663      37494.7105      5.59425267e-08  -0.389719177   
28117.0663      37494.7105      9.94814433e-08  -0.693113072   
28117.0663      37494.7105      1.76905802e-07  -1.23279146    
28117.0663      37494.7105      3.14587946e-07  -2.19298265    
28117.0663      37494.7105      5.59425267e-07  -3.90196645    
28117.0663      37494.7105      9.94814433e-07  -6.94543186    
28117.0663      37494.7105      1.76905802e-06  -12.3699958    
28117.0663      37494.7105      3.14587946e-06  -22.0489365    
28117.0663      37494.7105      5.59425267e-06  -39.3375985    
28117.0663      37494.7105      9.94814433e-06  -70.2401339    
28117.0663      37494.7105      1.76905802e-05  -125.474133    
28117.0663      37494.7105      3.14587946e-05  -224.12263     
28117.0663      37494.7105      5.59425267e-05  -400.116601    
28117.0663      37494.7105      9.94814433e-05  -713.769594    
37494.7105      50000           0               1.57896807e-09 
37494.7105      50000           1.76905802e-10  -0.000972189418
37494.7105      50000           3.14587946e-10  -0.00172882565 
37494.7105      50000           5.59425267e-10  -0.00307433629 
37494.7105      50000           9.94814433e-10  -0.00546703016 
37494.7105      50000           1.76905802e-09  -0.00972190839 
37494.7105      50000           3.14587946e-09  -0.0172882708  
37494.7105      50000           5.59425267e-09  -0.0307433772  
37494.7105      50000           9.94814433e-09  -0.0546703158  
37494.7105      50000           1.76905802e-08  -0.0972190983  
37494.7105      50000           3.14587946e-08  -0.172882722   
37494.7105      50000           5.59425267e-08  -0.307433788   
37494.7105      50000           9.94814433e-08  -0.546703179   
37494.7105      50000           1.76905802e-07  -0.972191019   
37494.7105      50000           3.14587946e-07  -1.7288273     
37494.7105      50000           5.59425267e-07  -3.0743381     
37494.7105      50000           9.94814433e-07  -5.46703247    
37494.7105      50000           1.76905802e-06  -9.72191231    
37494.7105      50000           3.14587946e-06  -17.2882797    
37494.7105      50000           5.59425267e-06  -30.7434021    
37494.7105      50000           9.94814433e-06  -54.6703911    
37494.7105      50000           1.76905802e-05  -97.2193321    
37494.7105      50000           3.14587946e-05  -172.883453    
37494.7105      50000           5.59425267e-05  -307.43607     
37494.7105      50000           9.94814433e-05  -546.710249    
50000           66676.0716      0               1.18185994e-09 
50000           66676.0716      1.76905802e-10  -0.0007276844  
50000           66676.0716      3.14587946e-10  -0.00129402711 
50000           66676.0716      5.59425267e-10  -0.00230114268 
50000           66676.0716      9.94814433e-10  -0.00409207558 
50000           66676.0716      1.76905802e-09  -0.00727685469 
50000           66676.0716      3.14587946e-09  -0.0129402819  
50000           66676.0716      5.59425267e-09  -0.023011438   
50000           66676.0716      9.94814433e-09  -0.0409207681  
50000           66676.0716      1.76905802e-08  -0.0727685629  
50000           66676.0716      3.14587946e-08  -0.129402846   
50000           66676.0716      5.59425267e-08  -0.230114444   
50000           66676.0716      9.94814433e-08  -0.40920786    
50000           66676.0716      1.76905802e-07  -0.727686171   
50000           66676.0716      3.14587946e-07  -1.29403015    
50000           66676.0716      5.59425267e-07  -2.30114975    
50000           66676.0716      9.94814433e-07  -4.09209535    
50000           66676.0716      1.76905802e-06  -7.2769145     
50000           66676.0716      3.14587946e-06  -12.9404675    
50000           66676.0716      5.59425267e-06  -23.0120176    
50000           66676.0716      9.94814433e-06  -40.9225711    
50000           66676.0716      1.76905802e-05  -72.7741161    
50000           66676.0716      3.14587946e-05  -129.41965     
50000           66676.0716      5.59425267e-05  -230.163881    
50000           66676.0716      9.94814433e-05  -409.347475    
66676.0716      88913.9705      0               8.84085694e-10 
66676.0716      88913.9705      1.76905802e-10  -0.000544337617
66676.0716      88913.9705      3.14587946e-10  -0.000967985064
66676.0716      88913.9705      5.59425267e-10  -0.0017213486  
66676.0716      88913.9705      9.94814433e-10  -0.00306103945 
66676.0716      88913.9705      1.76905802e-09  -0.00544338412 
66676.0716      88913.9705      3.14587946e-09  -0.0096798586  
66676.0716      88913.9705      5.59425267e-09  -0.0172134939  
66676.0716      88913.9705      9.94814433e-09  -0.0306104025  
66676.0716      88913.9705      1.76905802e-08  -0.0544338493  
66676.0716      88913.9705      3.14587946e-08  -0.0967985943  
66676.0716      88913.9705      5.59425267e-08  -0.172134949   
66676.0716      88913.9705      9.94814433e-08  -0.306104037   
66676.0716      88913.9705      1.76905802e-07  -0.544338514   
66676.0716      88913.9705      3.14587946e-07  -0.967985991   
66676.0716      88913.9705      5.59425267e-07  -1.72134962    
66676.0716      88913.9705      9.94814433e-07  -3.06104078    
66676.0716      88913.9705      1.76905802e-06  -5.44338641    
66676.0716      88913.9705      3.14587946e-06  -9.67986393    
66676.0716      88913.9705      5.59425267e-06  -17.2135089    
66676.0716      88913.9705      9.94814433e-06  -30.6104478    
66676.0716      88913.9705      1.76905802e-05  -54.4339901    
66676.0716      88913.9705      3.14587946e-05  -96.7990353    
66676.0716      88913.9705      5.59425267e-05  -172.136328    
66676.0716      88913.9705      9.94814433e-05  -306.108328    
88913.9705      118568.685      0               6.60833166e-10 
88913.9705      118568.685      1.76905802e-10  -0.000406881546
88913.9705      118568.685      3.14587946e-10  -0.00072354959 
88913.9705      118568.685      5.59425267e-10  -0.00128667385 
88913.9705      118568.685      9.94814433e-10  -0.00228806614 
88913.9705      118568.685      1.76905802e-09  -0.00406882141 
88913.9705      118568.685      3.14587946e-09  -0.00723550186 
88913.9705      118568.685      5.59425267e-09  -0.0128667445  
88913.9705      118568.685      9.94814433e-09  -0.0228806674  
88913.9705      118568.685      1.76905802e-08  -0.0406882205  
88913.9705      118568.685      3.14587946e-08  -0.072355026   
88913.9705      118568.685      5.59425267e-08  -0.128667456   
88913.9705      118568.685      9.94814433e-08  -0.228806694   
88913.9705      118568.685      1.76905802e-07  -0.406882255   
88913.9705      118568.685      3.14587946e-07  -0.723550406   
88913.9705      118568.685      5.59425267e-07  -1.286675      
88913.9705      118568.685      9.94814433e-07  -2.28806834    
88913.9705      118568.685      1.76905802e-06  -4.06882697    
88913.9705      118568.685      3.14587946e-06  -7.23551798    
88913.9705      118568.685      5.59425267e-06  -12.8667939    
88913.9705      118568.685      9.94814433e-06  -22.8808215    
88913.9705      118568.685      1.76905802e-05  -40.688702     
88913.9705      118568.685      3.14587946e-05  -72.3565242    
88913.9705      118568.685      5.59425267e-05  -128.672069    
88913.9705      118568.685      9.94814433e-05  -228.820646    
118568.685      158113.883      0               1.36502209e-05 
118568.685      158113.883      1.76905802e-10  -0.000289145717
118568.685      158113.883      3.14587946e-10  -0.000524805561
118568.685      158113.883      5.59425267e-10  -0.000943874609
118568.685      158113.883      9.94814433e-10  -0.00168909647 
118568.685      158113.883      1.76905802e-09  -0.00301430916 
118568.685      158113.883      3.14587946e-09  -0.00537090759 
118568.685      158113.883      5.59425267e-09  -0.00956159808 
118568.685      158113.883      9.94814433e-09  -0.0170138167  
118568.685      158113.883      1.76905802e-08  -0.0302659436  
118568.685      158113.883      3.14587946e-08  -0.0538319279  
118568.685      158113.883      5.59425267e-08  -0.0957388327  
118568.685      158113.883      9.94814433e-08  -0.170261019   
118568.685      158113.883      1.76905802e-07  -0.302782288   
118568.685      158113.883      3.14587946e-07  -0.538442131   
118568.685      158113.883      5.59425267e-07  -0.957511179   
118568.685      158113.883      9.94814433e-07  -1.70273304    
118568.685      158113.883      1.76905802e-06  -3.02794573    
118568.685      158113.883      3.14587946e-06  -5.38454417    
118568.685      158113.883      5.59425267e-06  -9.57523466    
118568.685      158113.883      9.94814433e-06  -17.0274533    
118568.685      158113.883      1.76905802e-05  -30.2795802    
118568.685      158113.883      3.14587946e-05  -53.8455648    
118568.685      158113.883      5.59425267e-05  -95.7524704    
118568.685      158113.883      9.94814433e-05  -170.274659    
158113.883      210848.252      0               0.00046706586  
158113.883      210848.252      1.76905802e-10  0.000240842048 
158113.883      210848.252      3.14587946e-10  6.47767137e-05 
158113.883      210848.252      5.59425267e-10  -0.000248316646
158113.883      210848.252      9.94814433e-10  -0.000805084121
158113.883      210848.252      1.76905802e-09  -0.00179517226 
158113.883      210848.252      3.14587946e-09  -0.00355582561 
158113.883      210848.252      5.59425267e-09  -0.00668675921 
158113.883      210848.252      9.94814433e-09  -0.012254434   
158113.883      210848.252      1.76905802e-08  -0.0221553154  
158113.883      210848.252      3.14587946e-08  -0.039761849   
158113.883      210848.252      5.59425267e-08  -0.0710711855  
158113.883      210848.252      9.94814433e-08  -0.126747935   
158113.883      210848.252      1.76905802e-07  -0.225756754   
158113.883      210848.252      3.14587946e-07  -0.401822106   
158113.883      210848.252      5.59425267e-07  -0.714915521   
158113.883      210848.252      9.94814433e-07  -1.27168317    
158113.883      210848.252      1.76905802e-06  -2.26177185    
158113.883      210848.252      3.14587946e-06  -4.02242694    
158113.883      210848.252      5.59425267e-06  -7.15336601    
158113.883      210848.252      9.94814433e-06  -12.721058     
158113.883      210848.252      1.76905802e-05  -22.6219938    
158113.883      210848.252      3.14587946e-05  -40.2286979    
158113.883      210848.252      5.59425267e-05  -71.5385663    
158113.883      210848.252      9.94814433e-05  -127.216958    
210848.252      281170.663      0               0.000390224062 
210848.252      281170.663      1.76905802e-10  0.000221152801 
210848.252      281170.663      3.14587946e-10  8.95681208e-05 
210848.252      281170.663      5.59425267e-10  -0.000144426207
210848.252      281170.663      9.94814433e-10  -0.000560533503
210848.252      281170.663      1.76905802e-09  -0.00130048854 
210848.252      281170.663      3.14587946e-09  -0.00261633535 
210848.252      281170.663      5.59425267e-09  -0.00495627863 
210848.252      281170.663      9.94814433e-09  -0.00911735159 
210848.252      281170.663      1.76905802e-08  -0.016516902   
210848.252      281170.663      3.14587946e-08  -0.02967537    
210848.252      281170.663      5.59425267e-08  -0.0530748029  
210848.252      281170.663      9.94814433e-08  -0.0946855326  
210848.252      281170.663      1.76905802e-07  -0.168681037   
210848.252      281170.663      3.14587946e-07  -0.300265718   
210848.252      281170.663      5.59425267e-07  -0.534260049   
210848.252      281170.663      9.94814433e-07  -0.950367355   
210848.252      281170.663      1.76905802e-06  -1.69032242    
210848.252      281170.663      3.14587946e-06  -3.00616933    
210848.252      281170.663      5.59425267e-06  -5.34611292    
210848.252      281170.663      9.94814433e-06  -9.50718686    
210848.252      281170.663      1.76905802e-05  -16.9067403    
210848.252      281170.663      3.14587946e-05  -30.0652182    
210848.252      281170.663      5.59425267e-05  -53.4646818    
210848.252      281170.663      9.94814433e-05  -95.0755086    
281170.663      374947.105      0               1.13344501e-06 
281170.663      374947.105      1.76905802e-10  -0.000124561625
281170.663      374947.105      3.14587946e-10  -0.00022238751 
281170.663      374947.105      5.59425267e-10  -0.000396349267
281170.663      374947.105      9.94814433e-10  -0.000705701877
281170.663      374947.105      1.76905802e-09  -0.00125581725 
281170.663      374947.105      3.14587946e-09  -0.0022340761  
281170.663      374947.105      5.59425267e-09  -0.00397369367 
281170.663      374947.105      9.94814433e-09  -0.00706721977 
281170.663      374947.105      1.76905802e-08  -0.0125683735  
281170.663      374947.105      3.14587946e-08  -0.022350962   
281170.663      374947.105      5.59425267e-08  -0.0397471377  
281170.663      374947.105      9.94814433e-08  -0.0706823987  
281170.663      374947.105      1.76905802e-07  -0.125693936   
281170.663      374947.105      3.14587946e-07  -0.223519821   
281170.663      374947.105      5.59425267e-07  -0.397481578   
281170.663      374947.105      9.94814433e-07  -0.706834188   
281170.663      374947.105      1.76905802e-06  -1.25694957    
281170.663      374947.105      3.14587946e-06  -2.23520841    
281170.663      374947.105      5.59425267e-06  -3.97482598    
281170.663      374947.105      9.94814433e-06  -7.06835209    
281170.663      374947.105      1.76905802e-05  -12.5695059    
281170.663      374947.105      3.14587946e-05  -22.3520944    
281170.663      374947.105      5.59425267e-05  -39.7482701    
281170.663      374947.105      9.94814433e-05  -70.6835312    
374947.105      500000          0               4.00507527e-06 
374947.105      500000          1.76905802e-10  -8.48374847e-05
374947.105      500000          3.14587946e-10  -0.000153981825
374947.105      500000          5.59425267e-10  -0.000276939793
374947.105      500000          9.94814433e-10  -0.00049559345 
374947.105      500000          1.76905802e-09  -0.000884420857
374947.105      500000          3.14587946e-09  -0.00157586498 
374947.105      500000          5.59425267e-09  -0.00280544693 
374947.105      500000          9.94814433e-09  -0.00499199069 
374947.105      500000          1.76905802e-08  -0.00888028749 
374947.105      500000          3.14587946e-08  -0.0157948006  
374947.105      500000          5.59425267e-08  -0.0280908473  
374947.105      500000          9.94814433e-08  -0.0499570029  
374947.105      500000          1.76905802e-07  -0.0888422391  
374947.105      500000          3.14587946e-07  -0.157994529   
374947.105      500000          5.59425267e-07  -0.280977561   
374947.105      500000          9.94814433e-07  -0.49971006    
374947.105      500000          1.76905802e-06  -0.888784465   
374947.105      500000          3.14587946e-06  -1.58099694    
374947.105      500000          5.59425267e-06  -2.81294035    
374947.105      500000          9.94814433e-06  -5.00659672    
374947.105      500000          1.76905802e-05  -8.91563667    
374947.105      500000          3.14587946e-05  -15.8878022    
374947.105      500000          5.59425267e-05  -28.3339753    
374947.105      500000          9.94814433e-05  -50.5618257    
