### like_sculptor.txt
#[0]emin(MeV) [1]emax(MeV) [2]eflux(MeV/cm^2/s) [3]deltaLogLike
500             666.760716      0               -0.832752637   
500             666.760716      1.76746683e-10  -0.827909379   
500             666.760716      3.14304988e-10  -0.824151195   
500             666.760716      5.58922088e-10  -0.817492325   
500             666.760716      9.93919641e-10  -0.805727462   
500             666.760716      1.76746683e-09  -0.785047168   
500             666.760716      3.14304988e-09  -0.749028703   
500             666.760716      5.58922088e-09  -0.687343829   
500             666.760716      9.93919641e-09  -0.584983917   
500             666.760716      1.76746683e-08  -0.425359552   
500             666.760716      3.14304988e-08  -0.208328504   
500             666.760716      5.58922088e-08  -0.0145762475  
500             666.760716      9.93919641e-08  -0.194399422   
500             666.760716      1.76746683e-07  -1.84926459    
500             666.760716      3.14304988e-07  -7.92389391    
500             666.760716      5.58922088e-07  -25.4593175    
500             666.760716      9.93919641e-07  -69.9630585    
500             666.760716      1.76746683e-06  -173.640764    
500             666.760716      3.14304988e-06  -400.689458    
500             666.760716      5.58922088e-06  -875.351608    
500             666.760716      9.93919641e-06  -1832.70288    
500             666.760716      1.76746683e-05  -3709.57003    
500             666.760716      3.14304988e-05  -7306.02206    
500             666.760716      5.58922088e-05  -14071.1635    
500             666.760716      9.93919641e-05  -26608.679     
666.760716      889.139705      0               -0.616309059   
666.760716      889.139705      1.76746683e-10  -0.611876078   
666.760716      889.139705      3.14304988e-10  -0.608438894   
666.760716      889.139705      5.58922088e-10  -0.602354491   
666.760716      889.139705      9.93919641e-10  -0.591622594   
666.760716      889.139705      1.76746683e-09  -0.572814717   
666.760716      889.139705      3.14304988e-09  -0.540235241   
666.760716      889.139705      5.58922088e-09  -0.484995358   
666.760716      889.139705      9.93919641e-09  -0.395053968   
666.760716      889.139705      1.76746683e-08  -0.26012203    
666.760716      889.139705      3.14304988e-08  -0.0933386107  
666.760716      889.139705      5.58922088e-08  -0.00131261115 
666.760716      889.139705      9.93919641e-08  -0.375621735   
666.760716      889.139705      1.76746683e-07  -2.35368644    
666.760716      889.139705      3.14304988e-07  -8.81721803    
666.760716      889.139705      5.58922088e-07  -26.3884516    
666.760716      889.139705      9.93919641e-07  -69.2215348    
666.760716      889.139705      1.76746683e-06  -166.008191    
666.760716      889.139705      3.14304988e-06  -372.734929    
666.760716      889.139705      5.58922088e-06  -795.730256    
666.760716      889.139705      9.93919641e-06  -1633.07329    
666.760716      889.139705      1.76746683e-05  -3248.48317    
666.760716      889.139705      3.14304988e-05  -6302.39276    
666.760716      889.139705      5.58922088e-05  -11984.0998    
666.760716      889.139705      9.93919641e-05  -22423.4274    
889.139705      1185.68685      0               0.00202341414  
889.139705      1185.68685      1.76746683e-10  -0.000784312095
889.139705      1185.68685      3.14304988e-10  -0.00298120609 
889.139705      1185.68685      5.58922088e-10  -0.00691312146 
889.139705      1185.68685      9.93919641e-10  -0.0139846039  
889.139705      1185.68685      1.76746683e-09  -0.0268090648  
889.139705      1185.68685      3.14304988e-09  -0.0503931863  
889.139705      1185.68685      5.58922088e-09  -0.0947405798  
889.139705      1185.68685      9.93919641e-09  -0.180933654   
889.139705      1185.68685      1.76746683e-08  -0.35596069    
889.139705      1185.68685      3.14304988e-08  -0.729276209   
889.139705      1185.68685      5.58922088e-08  -1.56083147    
889.139705      1185.68685      9.93919641e-08  -3.4624083     
889.139705      1185.68685      1.76746683e-07  -7.8293994     
889.139705      1185.68685      3.14304988e-07  -17.7106415    
889.139705      1185.68685      5.58922088e-07  -39.4759625    
889.139705      1185.68685      9.93919641e-07  -85.918164     
889.139705      1185.68685      1.76746683e-06  -181.941656    
889.139705      1185.68685      3.14304988e-06  -374.907762    
889.139705      1185.68685      5.58922088e-06  -753.288435    
889.139705      1185.68685      9.93919641e-06  -1479.99924    
889.139705      1185.68685      1.76746683e-05  -2851.57843    
889.139705      1185.68685      3.14304988e-05  -5403.04592    
889.139705      1185.68685      5.58922088e-05  -10093.8921    
889.139705      1185.68685      9.93919641e-05  -18638.4312    
1185.68685      1581.13883      0               -0.0804018927  
1185.68685      1581.13883      1.76746683e-10  -0.0783115699  
1185.68685      1581.13883      3.14304988e-10  -0.0767054596  
1185.68685      1581.13883      5.58922088e-10  -0.0738940339  
1185.68685      1581.13883      9.93919641e-10  -0.069035071   
1185.68685      1581.13883      1.76746683e-09  -0.0608345949  
1185.68685      1581.13883      3.14304988e-09  -0.0476200203  
1185.68685      1581.13883      5.58922088e-09  -0.0283200528  
1185.68685      1581.13883      9.93919641e-09  -0.00661313592 
1185.68685      1581.13883      1.76746683e-08  -0.00459354053 
1185.68685      1581.13883      3.14304988e-08  -0.101492345   
1185.68685      1581.13883      5.58922088e-08  -0.529382809   
1185.68685      1581.13883      9.93919641e-08  -1.8797621     
1185.68685      1581.13883      1.76746683e-07  -5.5024738     
1185.68685      1581.13883      3.14304988e-07  -14.2376778    
1185.68685      1581.13883      5.58922088e-07  -33.7646923    
1185.68685      1581.13883      9.93919641e-07  -75.1028307    
1185.68685      1581.13883      1.76746683e-06  -159.183397    
1185.68685      1581.13883      3.14304988e-06  -325.080435    
1185.68685      1581.13883      5.58922088e-06  -644.720564    
1185.68685      1581.13883      9.93919641e-06  -1249.07744    
1185.68685      1581.13883      1.76746683e-05  -2374.71197    
1185.68685      1581.13883      3.14304988e-05  -4446.43364    
1185.68685      1581.13883      5.58922088e-05  -8224.22325    
1185.68685      1581.13883      9.93919641e-05  -15064.4992    
1581.13883      2108.48252      0               -0.0101612176  
1581.13883      2108.48252      1.76746683e-10  -0.009165969   
1581.13883      2108.48252      3.14304988e-10  -0.00841243377 
1581.13883      2108.48252      5.58922088e-10  -0.00711771445 
1581.13883      2108.48252      9.93919641e-10  -0.00495746474 
1581.13883      2108.48252      1.76746683e-09  -0.00155954674 
1581.13883      2108.48252      3.14304988e-09  0.00311176871  
1581.13883      2108.48252      5.58922088e-09  0.00725105244  
1581.13883      2108.48252      9.93919641e-09  0.00229099558  
1581.13883      2108.48252      1.76746683e-08  -0.0413880999  
1581.13883      2108.48252      3.14304988e-08  -0.211497356   
1581.13883      2108.48252      5.58922088e-08  -0.738779696   
1581.13883      2108.48252      9.93919641e-08  -2.16993784    
1581.13883      2108.48252      1.76746683e-07  -5.69056745    
1581.13883      2108.48252      3.14304988e-07  -13.7085439    
1581.13883      2108.48252      5.58922088e-07  -30.9130716    
1581.13883      2108.48252      9.93919641e-07  -66.2151633    
1581.13883      2108.48252      1.76746683e-06  -136.29365     
1581.13883      2108.48252      3.14304988e-06  -272.002785    
1581.13883      2108.48252      5.58922088e-06  -529.815456    
1581.13883      2108.48252      9.93919641e-06  -1012.11478    
1581.13883      2108.48252      1.76746683e-05  -1903.13217    
1581.13883      2108.48252      3.14304988e-05  -3532.72491    
1581.13883      2108.48252      5.58922088e-05  -6489.78091    
1581.13883      2108.48252      9.93919641e-05  -11824.0149    
2108.48252      2811.70663      0               -0.738738373   
2108.48252      2811.70663      1.76746683e-10  -0.7304012     
2108.48252      2811.70663      3.14304988e-10  -0.723969194   
2108.48252      2811.70663      5.58922088e-10  -0.712652129   
2108.48252      2811.70663      9.93919641e-10  -0.692901991   
2108.48252      2811.70663      1.76746683e-09  -0.65892637    
2108.48252      2811.70663      3.14304988e-09  -0.601926462   
2108.48252      2811.70663      5.58922088e-09  -0.510371567   
2108.48252      2811.70663      9.93919641e-09  -0.37407157    
2108.48252      2811.70663      1.76746683e-08  -0.197698502   
2108.48252      2811.70663      3.14304988e-08  -0.0328384029  
2108.48252      2811.70663      5.58922088e-08  -0.0428161821  
2108.48252      2811.70663      9.93919641e-08  -0.629541996   
2108.48252      2811.70663      1.76746683e-07  -2.68559076    
2108.48252      2811.70663      3.14304988e-07  -8.08155534    
2108.48252      2811.70663      5.58922088e-07  -20.551903     
2108.48252      2811.70663      9.93919641e-07  -47.2442073    
2108.48252      2811.70663      1.76746683e-06  -101.433067    
2108.48252      2811.70663      3.14304988e-06  -207.340445    
2108.48252      2811.70663      5.58922088e-06  -408.740797    
2108.48252      2811.70663      9.93919641e-06  -784.309755    
2108.48252      2811.70663      1.76746683e-05  -1474.96794    
2108.48252      2811.70663      3.14304988e-05  -2732.551      
2108.48252      2811.70663      5.58922088e-05  -5006.37238    
2108.48252      2811.70663      9.93919641e-05  -9097.1164     
2811.70663      3749.47105      0               -1.96917527    
2811.70663      3749.47105      1.76746683e-10  -1.93321435    
2811.70663      3749.47105      3.14304988e-10  -1.90583666    
2811.70663      3749.47105      5.58922088e-10  -1.85841463    
2811.70663      3749.47105      9.93919641e-10  -1.77784276    
2811.70663      3749.47105      1.76746683e-09  -1.64527728    
2811.70663      3749.47105      3.14304988e-09  -1.43811447    
2811.70663      3749.47105      5.58922088e-09  -1.13887931    
2811.70663      3749.47105      9.93919641e-09  -0.754069187   
2811.70663      3749.47105      1.76746683e-08  -0.34069902    
2811.70663      3749.47105      3.14304988e-08  -0.0371155697  
2811.70663      3749.47105      5.58922088e-08  -0.109213177   
2811.70663      3749.47105      9.93919641e-08  -1.04484947    
2811.70663      3749.47105      1.76746683e-07  -3.74433478    
2811.70663      3749.47105      3.14304988e-07  -9.87572635    
2811.70663      3749.47105      5.58922088e-07  -22.5126448    
2811.70663      3749.47105      9.93919641e-07  -47.2693068    
2811.70663      3749.47105      1.76746683e-06  -94.331144     
2811.70663      3749.47105      3.14304988e-06  -182.105623    
2811.70663      3749.47105      5.58922088e-06  -343.764017    
2811.70663      3749.47105      9.93919641e-06  -638.889048    
2811.70663      3749.47105      1.76746683e-05  -1174.14742    
2811.70663      3749.47105      3.14304988e-05  -2139.97746    
2811.70663      3749.47105      5.58922088e-05  -3875.77232    
2811.70663      3749.47105      9.93919641e-05  -6985.80717    
3749.47105      5000            0               3.5807579e-05  
3749.47105      5000            1.76746683e-10  -0.00393913347 
3749.47105      5000            3.14304988e-10  -0.00703832904 
3749.47105      5000            5.58922088e-10  -0.0125615761  
3749.47105      5000            9.93919641e-10  -0.0224211802  
3749.47105      5000            1.76746683e-09  -0.0400722018  
3749.47105      5000            3.14304988e-09  -0.0718257149  
3749.47105      5000            5.58922088e-09  -0.129405325   
3749.47105      5000            9.93919641e-09  -0.235103258   
3749.47105      5000            1.76746683e-08  -0.432470175   
3749.47105      5000            3.14304988e-08  -0.808524125   
3749.47105      5000            5.58922088e-08  -1.53828086    
3749.47105      5000            9.93919641e-08  -2.96848031    
3749.47105      5000            1.76746683e-07  -5.76624305    
3749.47105      5000            3.14304988e-07  -11.1798852    
3749.47105      5000            5.58922088e-07  -21.5082136    
3749.47105      5000            9.93919641e-07  -40.9572386    
3749.47105      5000            1.76746683e-06  -77.185072     
3749.47105      5000            3.14304988e-06  -144.046753    
3749.47105      5000            5.58922088e-06  -266.463426    
3749.47105      5000            9.93919641e-06  -489.09424     
3749.47105      5000            1.76746683e-05  -891.786419    
3749.47105      5000            3.14304988e-05  -1617.04376    
3749.47105      5000            5.58922088e-05  -2918.80887    
3749.47105      5000            9.93919641e-05  -5249.13056    
5000            6667.60716      0               8.4162366e-09  
5000            6667.60716      1.76746683e-10  -0.00518221674 
5000            6667.60716      3.14304988e-10  -0.00921597048 
5000            6667.60716      5.58922088e-10  -0.0163902663  
5000            6667.60716      9.93919641e-10  -0.0291518143  
5000            6667.60716      1.76746683e-09  -0.0518569061  
5000            6667.60716      3.14304988e-09  -0.0922690623  
5000            6667.60716      5.58922088e-09  -0.164246469   
5000            6667.60716      9.93919641e-09  -0.292594958   
5000            6667.60716      1.76746683e-08  -0.52191818    
5000            6667.60716      3.14304988e-08  -0.932982159   
5000            6667.60716      5.58922088e-08  -1.67346332    
5000            6667.60716      9.93919641e-08  -3.01641615    
5000            6667.60716      1.76746683e-07  -5.4711975     
5000            6667.60716      3.14304988e-07  -9.98928594    
5000            6667.60716      5.58922088e-07  -18.3342367    
5000            6667.60716      9.93919641e-07  -33.7342147    
5000            6667.60716      1.76746683e-06  -62.0345959    
5000            6667.60716      3.14304988e-06  -113.746796    
5000            6667.60716      5.58922088e-06  -207.695056    
5000            6667.60716      9.93919641e-06  -377.504198    
5000            6667.60716      1.76746683e-05  -683.137888    
5000            6667.60716      3.14304988e-05  -1231.41196    
5000            6667.60716      5.58922088e-05  -2212.46591    
5000            6667.60716      9.93919641e-05  -3964.63561    
6667.60716      8891.39705      0               5.48619973e-05 
6667.60716      8891.39705      1.76746683e-10  -0.00197607534 
6667.60716      8891.39705      3.14304988e-10  -0.00356053293 
6667.60716      8891.39705      5.58922088e-10  -0.00638636541 
6667.60716      8891.39705      9.93919641e-10  -0.0114373199  
6667.60716      8891.39705      1.76746683e-09  -0.0205000707  
6667.60716      8891.39705      3.14304988e-09  -0.0368662773  
6667.60716      8891.39705      5.58922088e-09  -0.0667328118  
6667.60716      8891.39705      9.93919641e-09  -0.12211067    
6667.60716      8891.39705      1.76746683e-08  -0.227042633   
6667.60716      8891.39705      3.14304988e-08  -0.430848963   
6667.60716      8891.39705      5.58922088e-08  -0.835060317   
6667.60716      8891.39705      9.93919641e-08  -1.64410551    
6667.60716      8891.39705      1.76746683e-07  -3.25471854    
6667.60716      8891.39705      3.14304988e-07  -6.41189229    
6667.60716      8891.39705      5.58922088e-07  -12.4862888    
6667.60716      8891.39705      9.93919641e-07  -23.9686543    
6667.60716      8891.39705      1.76746683e-06  -45.3441211    
6667.60716      8891.39705      3.14304988e-06  -84.6420685    
6667.60716      8891.39705      5.58922088e-06  -156.197252    
6667.60716      8891.39705      9.93919641e-06  -285.568796    
6667.60716      8891.39705      1.76746683e-05  -518.292737    
6667.60716      8891.39705      3.14304988e-05  -935.456373    
6667.60716      8891.39705      5.58922088e-05  -1681.41193    
6667.60716      8891.39705      9.93919641e-05  -3013.06526    
8891.39705      11856.8685      0               -0.117534663   
8891.39705      11856.8685      1.76746683e-10  -0.115739388   
8891.39705      11856.8685      3.14304988e-10  -0.11435488    
8891.39705      11856.8685      5.58922088e-10  -0.111920116   
8891.39705      11856.8685      9.93919641e-10  -0.107675701   
8891.39705      11856.8685      1.76746683e-09  -0.100392197   
8891.39705      11856.8685      3.14304988e-09  -0.0882466435  
8891.39705      11856.8685      5.58922088e-09  -0.0690479299  
8891.39705      11856.8685      9.93919641e-09  -0.0417525079  
8891.39705      11856.8685      1.76746683e-08  -0.0115136231  
8891.39705      11856.8685      3.14304988e-08  -0.00232454247 
8891.39705      11856.8685      5.58922088e-08  -0.0824007529  
8891.39705      11856.8685      9.93919641e-08  -0.407065822   
8891.39705      11856.8685      1.76746683e-07  -1.28597669    
8891.39705      11856.8685      3.14304988e-07  -3.29249959    
8891.39705      11856.8685      5.58922088e-07  -7.45576055    
8891.39705      11856.8685      9.93919641e-07  -15.6130123    
8891.39705      11856.8685      1.76746683e-06  -31.0576598    
8891.39705      11856.8685      3.14304988e-06  -59.713448     
8891.39705      11856.8685      5.58922088e-06  -112.237335    
8891.39705      11856.8685      9.93919641e-06  -207.763981    
8891.39705      11856.8685      1.76746683e-05  -380.549663    
8891.39705      11856.8685      3.14304988e-05  -691.740217    
8891.39705      11856.8685      5.58922088e-05  -1250.23513    
8891.39705      11856.8685      9.93919641e-05  -2249.75913    
11856.8685      15811.3883      0               0.00548085803  
11856.8685      15811.3883      1.76746683e-10  0.00480278208  
11856.8685      15811.3883      3.14304988e-10  0.00427216172  
11856.8685      15811.3883      5.58922088e-10  0.00332235264  
11856.8685      15811.3883      9.93919641e-10  0.00161378542  
11856.8685      15811.3883      1.76746683e-09  -0.0014856472  
11856.8685      15811.3883      3.14304988e-09  -0.00718690081 
11856.8685      15811.3883      5.58922088e-09  -0.0179049795  
11856.8685      15811.3883      9.93919641e-09  -0.0386937232  
11856.8685      15811.3883      1.76746683e-08  -0.080612951   
11856.8685      15811.3883      3.14304988e-08  -0.168450881   
11856.8685      15811.3883      5.58922088e-08  -0.357132982   
11856.8685      15811.3883      9.93919641e-08  -0.762713016   
11856.8685      15811.3883      1.76746683e-07  -1.61467811    
11856.8685      15811.3883      3.14304988e-07  -3.34138394    
11856.8685      15811.3883      5.58922088e-07  -6.71801749    
11856.8685      15811.3883      9.93919641e-07  -13.1364921    
11856.8685      15811.3883      1.76746683e-06  -25.0974897    
11856.8685      15811.3883      3.14304988e-06  -47.0935462    
11856.8685      15811.3883      5.58922088e-06  -87.1808623    
11856.8685      15811.3883      9.93919641e-06  -159.767162    
11856.8685      15811.3883      1.76746683e-05  -290.555172    
11856.8685      15811.3883      3.14304988e-05  -525.332483    
11856.8685      15811.3883      5.58922088e-05  -945.626483    
11856.8685      15811.3883      9.93919641e-05  -1696.56272    
15811.3883      21084.8252      0               5.24820222e-05 
15811.3883      21084.8252      1.76746683e-10  -0.00140307084 
15811.3883      21084.8252      3.14304988e-10  -0.00253638294 
15811.3883      21084.8252      5.58922088e-10  -0.00455277598 
15811.3883      21084.8252      9.93919641e-10  -0.00814179004 
15811.3883      21084.8252      1.76746683e-09  -0.0145344598  
15811.3883      21084.8252      3.14304988e-09  -0.0259350352  
15811.3883      21084.8252      5.58922088e-09  -0.0463101388  
15811.3883      21084.8252      9.93919641e-09  -0.0828563628  
15811.3883      21084.8252      1.76746683e-08  -0.148794876   
15811.3883      21084.8252      3.14304988e-08  -0.268835334   
15811.3883      21084.8252      5.58922088e-08  -0.490055456   
15811.3883      21084.8252      9.93919641e-08  -0.903417463   
15811.3883      21084.8252      1.76746683e-07  -1.684513      
15811.3883      21084.8252      3.14304988e-07  -3.1656541     
15811.3883      21084.8252      5.58922088e-07  -5.95728163    
15811.3883      21084.8252      9.93919641e-07  -11.1538106    
15811.3883      21084.8252      1.76746683e-06  -20.695904     
15811.3883      21084.8252      3.14304988e-06  -38.020336     
15811.3883      21084.8252      5.58922088e-06  -69.2244294    
15811.3883      21084.8252      9.93919641e-06  -125.143601    
15811.3883      21084.8252      1.76746683e-05  -225.051157    
15811.3883      21084.8252      3.14304988e-05  -403.242997    
15811.3883      21084.8252      5.58922088e-05  -720.751561    
15811.3883      21084.8252      9.93919641e-05  -1286.17796    
21084.8252      28117.0663      0               2.32751063e-09 
21084.8252      28117.0663      1.76746683e-10  -0.00143317302 
21084.8252      28117.0663      3.14304988e-10  -0.00254864305 
21084.8252      28117.0663      5.58922088e-10  -0.0045323883  
21084.8252      28117.0663      9.93919641e-10  -0.00806044562 
21084.8252      28117.0663      1.76746683e-09  -0.0143355928  
21084.8252      28117.0663      3.14304988e-09  -0.0254985796  
21084.8252      28117.0663      5.58922088e-09  -0.0453621438  
21084.8252      28117.0663      9.93919641e-09  -0.0807247725  
21084.8252      28117.0663      1.76746683e-08  -0.143732867   
21084.8252      28117.0663      3.14304988e-08  -0.256158625   
21084.8252      28117.0663      5.58922088e-08  -0.457227498   
21084.8252      28117.0663      9.93919641e-08  -0.818116697   
21084.8252      28117.0663      1.76746683e-07  -1.46906016    
21084.8252      28117.0663      3.14304988e-07  -2.64988077    
21084.8252      28117.0663      5.58922088e-07  -4.80216316    
21084.8252      28117.0663      9.93919641e-07  -8.73192263    
21084.8252      28117.0663      1.76746683e-06  -15.8911941    
21084.8252      28117.0663      3.14304988e-06  -28.869575     
21084.8252      28117.0663      5.58922088e-06  -52.2674394    
21084.8252      28117.0663      9.93919641e-06  -94.2580162    
21084.8252      28117.0663      1.76746683e-05  -169.377919    
21084.8252      28117.0663      3.14304988e-05  -303.499131    
21084.8252      28117.0663      5.58922088e-05  -542.671609    
21084.8252      28117.0663      9.93919641e-05  -968.835934    
28117.0663      37494.7105      0               1.77936954e-09 
28117.0663      37494.7105      1.76746683e-10  -0.00109556867 
28117.0663      37494.7105      3.14304988e-10  -0.00194825225 
28117.0663      37494.7105      5.58922088e-10  -0.00346461307 
28117.0663      37494.7105      9.93919641e-10  -0.00616128795 
28117.0663      37494.7105      1.76746683e-09  -0.0109572401  
28117.0663      37494.7105      3.14304988e-09  -0.0194873957  
28117.0663      37494.7105      5.58922088e-09  -0.0346614801  
28117.0663      37494.7105      9.93919641e-09  -0.0616612376  
28117.0663      37494.7105      1.76746683e-08  -0.109724472   
28117.0663      37494.7105      3.14304988e-08  -0.195350292   
28117.0663      37494.7105      5.58922088e-08  -0.348096354   
28117.0663      37494.7105      9.93919641e-08  -0.621164965   
28117.0663      37494.7105      1.76746683e-07  -1.11095517    
28117.0663      37494.7105      3.14304988e-07  -1.99349323    
28117.0663      37494.7105      5.58922088e-07  -3.59219469    
28117.0663      37494.7105      9.93919641e-07  -6.50168321    
28117.0663      37494.7105      1.76746683e-06  -11.8081184    
28117.0663      37494.7105      3.14304988e-06  -21.4748202    
28117.0663      37494.7105      5.58922088e-06  -39.0181151    
28117.0663      37494.7105      9.93919641e-06  -70.7014094    
28117.0663      37494.7105      1.76746683e-05  -127.656846    
28117.0663      37494.7105      3.14304988e-05  -229.665182    
28117.0663      37494.7105      5.58922088e-05  -411.891424    
28117.0663      37494.7105      9.93919641e-05  -736.8759      
37494.7105      50000           0               1.62748393e-09 
37494.7105      50000           1.76746683e-10  -0.00100205145 
37494.7105      50000           3.14304988e-10  -0.00178192873 
37494.7105      50000           5.58922088e-10  -0.00316876847 
37494.7105      50000           9.93919641e-10  -0.00563495707 
37494.7105      50000           1.76746683e-09  -0.0100205296  
37494.7105      50000           3.14304988e-09  -0.0178193036  
37494.7105      50000           5.58922088e-09  -0.0316877044  
37494.7105      50000           9.93919641e-09  -0.0563496014  
37494.7105      50000           1.76746683e-08  -0.100205362   
37494.7105      50000           3.14304988e-08  -0.178193211   
37494.7105      50000           5.58922088e-08  -0.316877566   
37494.7105      50000           9.93919641e-08  -0.56349763    
37494.7105      50000           1.76746683e-07  -1.00205869    
37494.7105      50000           3.14304988e-07  -1.78194809    
37494.7105      50000           5.58922088e-07  -3.16882601    
37494.7105      50000           9.93919641e-07  -5.63513454    
37494.7105      50000           1.76746683e-06  -10.0210821    
37494.7105      50000           3.14304988e-06  -17.8210182    
37494.7105      50000           5.58922088e-06  -31.6929687    
37494.7105      50000           9.93919641e-06  -56.3654507    
37494.7105      50000           1.76746683e-05  -100.251611    
37494.7105      50000           3.14304988e-05  -178.322151    
37494.7105      50000           5.58922088e-05  -317.216156    
37494.7105      50000           9.93919641e-05  -564.32715     
50000           66676.0716      0               1.2151844e-09  
50000           66676.0716      1.76746683e-10  -0.000748194198
50000           66676.0716      3.14304988e-10  -0.0013304993  
50000           66676.0716      5.58922088e-10  -0.00236600053 
50000           66676.0716      9.93919641e-10  -0.00420741117 
50000           66676.0716      1.76746683e-09  -0.00748195423 
50000           66676.0716      3.14304988e-09  -0.0133050081  
50000           66676.0716      5.58922088e-09  -0.0236600293  
50000           66676.0716      9.93919641e-09  -0.042074164   
50000           66676.0716      1.76746683e-08  -0.0748196841  
50000           66676.0716      3.14304988e-08  -0.133050506   
50000           66676.0716      5.58922088e-08  -0.236601611   
50000           66676.0716      9.93919641e-08  -0.420745781   
50000           66676.0716      1.76746683e-07  -0.74820989    
50000           66676.0716      3.14304988e-07  -1.33054617    
50000           66676.0716      5.58922088e-07  -2.36614542    
50000           66676.0716      9.93919641e-07  -4.20786286    
50000           66676.0716      1.76746683e-06  -7.48335877    
50000           66676.0716      3.14304988e-06  -13.3093331    
50000           66676.0716      5.58922088e-06  -23.6731119    
50000           66676.0716      9.93919641e-06  -42.1126154    
50000           66676.0716      1.76746683e-05  -74.9279892    
50000           66676.0716      3.14304988e-05  -133.338681    
50000           66676.0716      5.58922088e-05  -237.318399    
50000           66676.0716      9.93919641e-05  -422.408302    
66676.0716      88913.9705      0               9.13004783e-10 
66676.0716      88913.9705      1.76746683e-10  -0.000562139427
66676.0716      88913.9705      3.14304988e-10  -0.00099964168 
66676.0716      88913.9705      5.58922088e-10  -0.00177764293 
66676.0716      88913.9705      9.93919641e-10  -0.00316114653 
66676.0716      88913.9705      1.76746683e-09  -0.0056214025  
66676.0716      88913.9705      3.14304988e-09  -0.00999642505 
66676.0716      88913.9705      5.58922088e-09  -0.0177764376  
66676.0716      88913.9705      9.93919641e-09  -0.0316114739  
66676.0716      88913.9705      1.76746683e-08  -0.0562140343  
66676.0716      88913.9705      3.14304988e-08  -0.0999642622  
66676.0716      88913.9705      5.58922088e-08  -0.177764395   
66676.0716      88913.9705      9.93919641e-08  -0.316114782   
66676.0716      88913.9705      1.76746683e-07  -0.562140461   
66676.0716      88913.9705      3.14304988e-07  -0.999642977   
66676.0716      88913.9705      5.58922088e-07  -1.77764506    
66676.0716      88913.9705      9.93919641e-07  -3.16115129    
66676.0716      88913.9705      1.76746683e-06  -5.62141557    
66676.0716      88913.9705      3.14304988e-06  -9.99646433    
66676.0716      88913.9705      5.58922088e-06  -17.7765594    
66676.0716      88913.9705      9.93919641e-06  -31.6118543    
66676.0716      88913.9705      1.76746683e-05  -56.2152208    
66676.0716      88913.9705      3.14304988e-05  -99.9679337    
66676.0716      88913.9705      5.58922088e-05  -177.775591    
66676.0716      88913.9705      9.93919641e-05  -316.148117    
88913.9705      118568.685      0               0.000810747537 
88913.9705      118568.685      1.76746683e-10  0.000449604404 
88913.9705      118568.685      3.14304988e-10  0.000168531707 
88913.9705      118568.685      5.58922088e-10  -0.000331299341
88913.9705      118568.685      9.93919641e-10  -0.00122015523 
88913.9705      118568.685      1.76746683e-09  -0.00280084191 
88913.9705      118568.685      3.14304988e-09  -0.00561191058 
88913.9705      118568.685      5.58922088e-09  -0.0106113009  
88913.9705      118568.685      9.93919641e-09  -0.01950327    
88913.9705      118568.685      1.76746683e-08  -0.0353208963  
88913.9705      118568.685      3.14304988e-08  -0.0634654704  
88913.9705      118568.685      5.58922088e-08  -0.113565771   
88913.9705      118568.685      9.93919641e-08  -0.202817703   
88913.9705      118568.685      1.76746683e-07  -0.362021649   
88913.9705      118568.685      3.14304988e-07  -0.646595201   
88913.9705      118568.685      5.58922088e-07  -1.156866      
88913.9705      118568.685      9.93919641e-07  -2.07570474    
88913.9705      118568.685      1.76746683e-06  -3.73793966    
88913.9705      118568.685      3.14304988e-06  -6.75566095    
88913.9705      118568.685      5.58922088e-06  -12.2383347    
88913.9705      118568.685      9.93919641e-06  -22.1751825    
88913.9705      118568.685      1.76746683e-05  -40.1064519    
88913.9705      118568.685      3.14304988e-05  -72.3172229    
88913.9705      118568.685      5.58922088e-05  -129.967625    
88913.9705      118568.685      9.93919641e-05  -232.88788     
118568.685      158113.883      0               0.000806160599 
118568.685      158113.883      1.76746683e-10  0.00052847094  
118568.685      158113.883      3.14304988e-10  0.000312349977 
118568.685      158113.883      5.58922088e-10  -7.19752544e-05
118568.685      158113.883      9.93919641e-10  -0.000755418503
118568.685      158113.883      1.76746683e-09  -0.00197078927 
118568.685      158113.883      3.14304988e-09  -0.00413211409 
118568.685      158113.883      5.58922088e-09  -0.00797573048 
118568.685      158113.883      9.93919641e-09  -0.0148113134  
118568.685      158113.883      1.76746683e-08  -0.0269686544  
118568.685      158113.883      3.14304988e-08  -0.0485933651  
118568.685      158113.883      5.58922088e-08  -0.0870656259  
118568.685      158113.883      9.93919641e-08  -0.155534765   
118568.685      158113.883      1.76746683e-07  -0.277461863   
118568.685      158113.883      3.14304988e-07  -0.494802265   
118568.685      158113.883      5.58922088e-07  -0.882848642   
118568.685      158113.883      9.93919641e-07  -1.57737053    
118568.685      158113.883      1.76746683e-06  -2.82448119    
118568.685      158113.883      3.14304988e-06  -5.07184432    
118568.685      158113.883      5.58922088e-06  -9.13261838    
118568.685      158113.883      9.93919641e-06  -16.473988     
118568.685      158113.883      1.76746683e-05  -29.7211642    
118568.685      158113.883      3.14304988e-05  -53.5457488    
118568.685      158113.883      5.58922088e-05  -96.2473053    
118568.685      158113.883      9.93919641e-05  -172.575477    
158113.883      210848.252      0               4.58533695e-05 
158113.883      210848.252      1.76746683e-10  -0.000185321721
158113.883      210848.252      3.14304988e-10  -0.000365240538
158113.883      210848.252      5.58922088e-10  -0.000685186471
158113.883      210848.252      9.93919641e-10  -0.00125413976 
158113.883      210848.252      1.76746683e-09  -0.00226589774 
158113.883      210848.252      3.14304988e-09  -0.00406508632 
158113.883      210848.252      5.58922088e-09  -0.00726454699 
158113.883      210848.252      9.93919641e-09  -0.0129540841  
158113.883      210848.252      1.76746683e-08  -0.0230716773  
158113.883      210848.252      3.14304988e-08  -0.0410636055  
158113.883      210848.252      5.58922088e-08  -0.073058346   
158113.883      210848.252      9.93919641e-08  -0.12995414    
158113.883      210848.252      1.76746683e-07  -0.231131408   
158113.883      210848.252      3.14304988e-07  -0.411054912   
158113.883      210848.252      5.58922088e-07  -0.731015635   
158113.883      210848.252      9.93919641e-07  -1.30001552    
158113.883      210848.252      1.76746683e-06  -2.31191986    
158113.883      210848.252      3.14304988e-06  -4.11156589    
158113.883      210848.252      5.58922088e-06  -7.31244377    
158113.883      210848.252      9.93919641e-06  -13.0063068    
158113.883      210848.252      1.76746683e-05  -23.1367886    
158113.883      210848.252      3.14304988e-05  -41.1657049    
158113.883      210848.252      5.58922088e-05  -73.2610933    
158113.883      210848.252      9.93919641e-05  -130.412906    
210848.252      281170.663      0               0.000269287956 
210848.252      281170.663      1.76746683e-10  9.46187374e-05 
210848.252      281170.663      3.14304988e-10  -4.13227192e-05
210848.252      281170.663      5.58922088e-10  -0.000283064612
210848.252      281170.663      9.93919641e-10  -0.000712949244
210848.252      281170.663      1.76746683e-09  -0.00147740423 
210848.252      281170.663      3.14304988e-09  -0.0028368188  
210848.252      281170.663      5.58922088e-09  -0.00525423773 
210848.252      281170.663      9.93919641e-09  -0.00955308404 
210848.252      281170.663      1.76746683e-08  -0.0171976339  
210848.252      281170.663      3.14304988e-08  -0.0307917796  
210848.252      281170.663      5.58922088e-08  -0.0549659689  
210848.252      281170.663      9.93919641e-08  -0.0979544321  
210848.252      281170.663      1.76746683e-07  -0.174399931   
210848.252      281170.663      3.14304988e-07  -0.310341388   
210848.252      281170.663      5.58922088e-07  -0.552083283   
210848.252      281170.663      9.93919641e-07  -0.98196792    
210848.252      281170.663      1.76746683e-06  -1.74642293    
210848.252      281170.663      3.14304988e-06  -3.10583755    
210848.252      281170.663      5.58922088e-06  -5.52325666    
210848.252      281170.663      9.93919641e-06  -9.82210355    
210848.252      281170.663      1.76746683e-05  -17.4666552    
210848.252      281170.663      3.14304988e-05  -31.0608066    
210848.252      281170.663      5.58922088e-05  -55.235014     
210848.252      281170.663      9.93919641e-05  -98.2235338    
281170.663      374947.105      0               1.16712931e-06 
281170.663      374947.105      1.76746683e-10  -0.000128263411
281170.663      374947.105      3.14304988e-10  -0.000228996536
281170.663      374947.105      5.58922088e-10  -0.000408128178
281170.663      374947.105      9.93919641e-10  -0.000726674289
281170.663      374947.105      1.76746683e-09  -0.00129313828 
281170.663      374947.105      3.14304988e-09  -0.00230046955 
281170.663      374947.105      5.58922088e-09  -0.00409178603 
281170.663      374947.105      9.93919641e-09  -0.00727724735 
281170.663      374947.105      1.76746683e-08  -0.0129418879  
281170.663      374947.105      3.14304988e-08  -0.0230152027  
281170.663      374947.105      5.58922088e-08  -0.040928374   
281170.663      374947.105      9.93919641e-08  -0.0727830076  
281170.663      374947.105      1.76746683e-07  -0.129429478   
281170.663      374947.105      3.14304988e-07  -0.23016283    
281170.663      374947.105      5.58922088e-07  -0.409295189   
281170.663      374947.105      9.93919641e-07  -0.727843568   
281170.663      374947.105      1.76746683e-06  -1.29431472    
281170.663      374947.105      3.14304988e-06  -2.30166855    
281170.663      374947.105      5.58922088e-06  -4.09305605    
281170.663      374947.105      9.93919641e-06  -7.27873992    
281170.663      374947.105      1.76746683e-05  -12.9440734    
281170.663      374947.105      3.14304988e-05  -23.0195204    
281170.663      374947.105      5.58922088e-05  -40.9391279    
281170.663      374947.105      9.93919641e-05  -72.8125955    
374947.105      500000          0               1.54032342e-10 
374947.105      500000          1.76746683e-10  -9.48391192e-05
374947.105      500000          3.14304988e-10  -0.000168650573
374947.105      500000          5.58922088e-10  -0.000299907961
374947.105      500000          9.93919641e-10  -0.000533320272
374947.105      500000          1.76746683e-09  -0.000948392578
374947.105      500000          3.14304988e-09  -0.00168650711 
374947.105      500000          5.58922088e-09  -0.002999081   
374947.105      500000          9.93919641e-09  -0.00533320411 
374947.105      500000          1.76746683e-08  -0.00948392717 
374947.105      500000          3.14304988e-08  -0.0168650725  
374947.105      500000          5.58922088e-08  -0.0299908114  
374947.105      500000          9.93919641e-08  -0.0533320424  
374947.105      500000          1.76746683e-07  -0.0948392731  
374947.105      500000          3.14304988e-07  -0.168650727   
374947.105      500000          5.58922088e-07  -0.299908115   
374947.105      500000          9.93919641e-07  -0.533320426   
374947.105      500000          1.76746683e-06  -0.948392732   
374947.105      500000          3.14304988e-06  -1.68650727    
374947.105      500000          5.58922088e-06  -2.99908115    
374947.105      500000          9.93919641e-06  -5.33320426    
374947.105      500000          1.76746683e-05  -9.48392732    
374947.105      500000          3.14304988e-05  -16.8650727    
374947.105      500000          5.58922088e-05  -29.9908115    
374947.105      500000          9.93919641e-05  -53.3320426    
