### like_ursa_minor.txt
#[0]emin(MeV) [1]emax(MeV) [2]eflux(MeV/cm^2/s) [3]deltaLogLike
500             666.760716      0               -0.307627827   
500             666.760716      1.76834672e-10  -0.304272549   
500             666.760716      3.14461456e-10  -0.301674833   
500             666.760716      5.59200333e-10  -0.297084797   
500             666.760716      9.94414438e-10  -0.28901532    
500             666.760716      1.76834672e-09  -0.274958327   
500             666.760716      3.14461456e-09  -0.250881635   
500             666.760716      5.59200333e-09  -0.210948281   
500             666.760716      9.94414438e-09  -0.14888829    
500             666.760716      1.76834672e-08  -0.0659850317  
500             666.760716      3.14461456e-08  -0.00099635018 
500             666.760716      5.59200333e-08  -0.124830799   
500             666.760716      9.94414438e-08  -1.00731534    
500             666.760716      1.76834672e-07  -4.29413853    
500             666.760716      3.14461456e-07  -14.2626045    
500             666.760716      5.59200333e-07  -41.1017073    
500             666.760716      9.94414438e-07  -107.389353    
500             666.760716      1.76834672e-06  -260.34458     
500             666.760716      3.14461456e-06  -594.414819    
500             666.760716      5.59200333e-06  -1292.26338    
500             666.760716      9.94414438e-06  -2698.42501    
500             666.760716      1.76834672e-05  -5450.88958    
500             666.760716      3.14461456e-05  -10715.1327    
500             666.760716      5.59200333e-05  -20599.0772    
500             666.760716      9.94414438e-05  -38888.3621    
666.760716      889.139705      0               -0.0362198832  
666.760716      889.139705      1.76834672e-10  -0.0347531949  
666.760716      889.139705      3.14461456e-10  -0.0336332817  
666.760716      889.139705      5.59200333e-10  -0.0316883162  
666.760716      889.139705      9.94414438e-10  -0.0283763367  
666.760716      889.139705      1.76834672e-09  -0.0229478667  
666.760716      889.139705      3.14461456e-09  -0.0147373915  
666.760716      889.139705      5.59200333e-09  -0.00461527716 
666.760716      889.139705      9.94414438e-09  -0.000326555761
666.760716      889.139705      1.76834672e-08  -0.0337347509  
666.760716      889.139705      3.14461456e-08  -0.211599584   
666.760716      889.139705      5.59200333e-08  -0.852072721   
666.760716      889.139705      9.94414438e-08  -2.81698612    
666.760716      889.139705      1.76834672e-07  -8.2448126     
666.760716      889.139705      3.14461456e-07  -22.0436285    
666.760716      889.139705      5.59200333e-07  -54.78411      
666.760716      889.139705      9.94414438e-07  -128.153963    
666.760716      889.139705      1.76834672e-06  -285.055708    
666.760716      889.139705      3.14461456e-06  -608.028218    
666.760716      889.139705      5.59200333e-06  -1252.51614    
666.760716      889.139705      9.94414438e-06  -2506.60465    
666.760716      889.139705      1.76834672e-05  -4897.77854    
666.760716      889.139705      3.14461456e-05  -9382.89787    
666.760716      889.139705      5.59200333e-05  -17685.3759    
666.760716      889.139705      9.94414438e-05  -32893.3317    
889.139705      1185.68685      0               0.00098889834  
889.139705      1185.68685      1.76834672e-10  -0.00105048402 
889.139705      1185.68685      3.14461456e-10  -0.00265973774 
889.139705      1185.68685      5.59200333e-10  -0.00556896372 
889.139705      1185.68685      9.94414438e-10  -0.0108920063  
889.139705      1185.68685      1.76834672e-09  -0.0208273781  
889.139705      1185.68685      3.14461456e-09  -0.0399599147  
889.139705      1185.68685      5.59200333e-09  -0.0785058184  
889.139705      1185.68685      9.94414438e-09  -0.160779681   
889.139705      1185.68685      1.76834672e-08  -0.347598174   
889.139705      1185.68685      3.14461456e-08  -0.794249072   
889.139705      1185.68685      5.59200333e-08  -1.89209263    
889.139705      1185.68685      9.94414438e-08  -4.586961      
889.139705      1185.68685      1.76834672e-07  -11.0359775    
889.139705      1185.68685      3.14461456e-07  -25.880538     
889.139705      1185.68685      5.59200333e-07  -58.6475745    
889.139705      1185.68685      9.94414438e-07  -128.23955     
889.139705      1185.68685      1.76834672e-06  -271.221938    
889.139705      1185.68685      3.14461456e-06  -556.848372    
889.139705      1185.68685      5.59200333e-06  -1113.95472    
889.139705      1185.68685      9.94414438e-06  -2178.82564    
889.139705      1185.68685      1.76834672e-05  -4180.2566     
889.139705      1185.68685      3.14461456e-05  -7890.76791    
889.139705      1185.68685      5.59200333e-05  -14695.4692    
889.139705      1185.68685      9.94414438e-05  -27069.9065    
1185.68685      1581.13883      0               0.000746555304 
1185.68685      1581.13883      1.76834672e-10  0.000864137204 
1185.68685      1581.13883      3.14461456e-10  0.000918895579 
1185.68685      1581.13883      5.59200333e-10  0.000937345432 
1185.68685      1581.13883      9.94414438e-10  0.000723045368 
1185.68685      1581.13883      1.76834672e-09  -0.000425910732
1185.68685      1581.13883      3.14461456e-09  -0.00482454643 
1185.68685      1581.13883      5.59200333e-09  -0.019717721   
1185.68685      1581.13883      9.94414438e-09  -0.0667085206  
1185.68685      1581.13883      1.76834672e-08  -0.206742174   
1185.68685      1581.13883      3.14461456e-08  -0.600732716   
1185.68685      1581.13883      5.59200333e-08  -1.64375549    
1185.68685      1581.13883      9.94414438e-08  -4.2415092     
1185.68685      1581.13883      1.76834672e-07  -10.3577501    
1185.68685      1581.13883      3.14461456e-07  -24.072668     
1185.68685      1581.13883      5.59200333e-07  -53.577221     
1185.68685      1581.13883      9.94414438e-07  -114.841393    
1185.68685      1581.13883      1.76834672e-06  -238.257953    
1185.68685      1581.13883      3.14461456e-06  -480.574175    
1185.68685      1581.13883      5.59200333e-06  -946.174009    
1185.68685      1581.13883      9.94414438e-06  -1824.84334    
1185.68685      1581.13883      1.76834672e-05  -3458.71641    
1185.68685      1581.13883      3.14461456e-05  -6461.12766    
1185.68685      1581.13883      5.59200333e-05  -11927.9233    
1185.68685      1581.13883      9.94414438e-05  -21813.4266    
1581.13883      2108.48252      0               0.000129536711 
1581.13883      2108.48252      1.76834672e-10  -0.0142390705  
1581.13883      2108.48252      3.14461456e-10  -0.0254266621  
1581.13883      2108.48252      5.59200333e-10  -0.0453316854  
1581.13883      2108.48252      9.94414438e-10  -0.0807610433  
1581.13883      2108.48252      1.76834672e-09  -0.143867111   
1581.13883      2108.48252      3.14461456e-09  -0.256409399   
1581.13883      2108.48252      5.59200333e-09  -0.457543496   
1581.13883      2108.48252      9.94414438e-09  -0.818299991   
1581.13883      2108.48252      1.76834672e-08  -1.46912806    
1581.13883      2108.48252      3.14461456e-08  -2.65366807    
1581.13883      2108.48252      5.59200333e-08  -4.83586475    
1581.13883      2108.48252      9.94414438e-08  -8.91419001    
1581.13883      2108.48252      1.76834672e-07  -16.6440349    
1581.13883      2108.48252      3.14461456e-07  -31.4526105    
1581.13883      2108.48252      5.59200333e-07  -59.9810832    
1581.13883      2108.48252      9.94414438e-07  -114.945708    
1581.13883      2108.48252      1.76834672e-06  -220.326386    
1581.13883      2108.48252      3.14461456e-06  -420.615172    
1581.13883      2108.48252      5.59200333e-06  -797.203173    
1581.13883      2108.48252      9.94414438e-06  -1497.44628    
1581.13883      2108.48252      1.76834672e-05  -2786.31964    
1581.13883      2108.48252      3.14461456e-05  -5138.26489    
1581.13883      2108.48252      5.59200333e-05  -9400.50842    
1581.13883      2108.48252      9.94414438e-05  -17083.4944    
2108.48252      2811.70663      0               1.80853021e-08 
2108.48252      2811.70663      1.76834672e-10  -0.0111381952  
2108.48252      2811.70663      3.14461456e-10  -0.0198119567  
2108.48252      2811.70663      5.59200333e-10  -0.0352473736  
2108.48252      2811.70663      9.94414438e-10  -0.0627306772  
2108.48252      2811.70663      1.76834672e-09  -0.111713167   
2108.48252      2811.70663      3.14461456e-09  -0.199160584   
2108.48252      2811.70663      5.59200333e-09  -0.355732158   
2108.48252      2811.70663      9.94414438e-09  -0.637429923   
2108.48252      2811.70663      1.76834672e-08  -1.14818578    
2108.48252      2811.70663      3.14461456e-08  -2.08492287    
2108.48252      2811.70663      5.59200333e-08  -3.82897045    
2108.48252      2811.70663      9.94414438e-08  -7.1300543     
2108.48252      2811.70663      1.76834672e-07  -13.4644143    
2108.48252      2811.70663      3.14461456e-07  -25.703866     
2108.48252      2811.70663      5.59200333e-07  -49.3351642    
2108.48252      2811.70663      9.94414438e-07  -94.6676277    
2108.48252      2811.70663      1.76834672e-06  -180.807322    
2108.48252      2811.70663      3.14461456e-06  -342.738725    
2108.48252      2811.70663      5.59200333e-06  -643.860425    
2108.48252      2811.70663      9.94414438e-06  -1198.18417    
2108.48252      2811.70663      1.76834672e-05  -2209.77228    
2108.48252      2811.70663      3.14461456e-05  -4042.92009    
2108.48252      2811.70663      5.59200333e-05  -7347.04931    
2108.48252      2811.70663      9.94414438e-05  -13278.8888    
2811.70663      3749.47105      0               0.000185954351 
2811.70663      3749.47105      1.76834672e-10  -0.0032767442  
2811.70663      3749.47105      3.14461456e-10  -0.00600833105 
2811.70663      3749.47105      5.59200333e-10  -0.010943977   
2811.70663      3749.47105      9.94414438e-10  -0.0199630173  
2811.70663      3749.47105      1.76834672e-09  -0.0367402965  
2811.70663      3749.47105      3.14461456e-09  -0.0687733433  
2811.70663      3749.47105      5.59200333e-09  -0.132009761   
2811.70663      3749.47105      9.94414438e-09  -0.261242913   
2811.70663      3749.47105      1.76834672e-08  -0.53204665    
2811.70663      3749.47105      3.14461456e-08  -1.10308542    
2811.70663      3749.47105      5.59200333e-08  -2.29268042    
2811.70663      3749.47105      9.94414438e-08  -4.71880375    
2811.70663      3749.47105      1.76834672e-07  -9.56654784    
2811.70663      3749.47105      3.14461456e-07  -19.0990857    
2811.70663      3749.47105      5.59200333e-07  -37.5984803    
2811.70663      3749.47105      9.94414438e-07  -73.0510709    
2811.70663      3749.47105      1.76834672e-06  -140.150789    
2811.70663      3749.47105      3.14461456e-06  -265.650405    
2811.70663      3749.47105      5.59200333e-06  -497.856914    
2811.70663      3749.47105      9.94414438e-06  -923.438031    
2811.70663      3749.47105      1.76834672e-05  -1697.22744    
2811.70663      3749.47105      3.14461456e-05  -3095.23444    
2811.70663      3749.47105      5.59200333e-05  -5609.02298    
2811.70663      3749.47105      9.94414438e-05  -10113.6853    
3749.47105      5000            0               1.0641088e-08  
3749.47105      5000            1.76834672e-10  -0.0065544796  
3749.47105      5000            3.14461456e-10  -0.0116591681  
3749.47105      5000            5.59200333e-10  -0.0207442047  
3749.47105      5000            9.94414438e-10  -0.036923504   
3749.47105      5000            1.76834672e-09  -0.0657689505  
3749.47105      5000            3.14461456e-09  -0.117296475   
3749.47105      5000            5.59200333e-09  -0.209649377   
3749.47105      5000            9.94414438e-09  -0.376099212   
3749.47105      5000            1.76834672e-08  -0.67877708    
3749.47105      5000            3.14461456e-08  -1.23646067    
3749.47105      5000            5.59200333e-08  -2.28174619    
3749.47105      5000            9.94414438e-08  -4.27704542    
3749.47105      5000            1.76834672e-07  -8.13884398    
3749.47105      5000            3.14461456e-07  -15.6449855    
3749.47105      5000            5.59200333e-07  -30.1451817    
3749.47105      5000            9.94414438e-07  -57.8017995    
3749.47105      5000            1.76834672e-06  -109.800379    
3749.47105      5000            3.14461456e-06  -206.323588    
3749.47105      5000            5.59200333e-06  -383.664949    
3749.47105      5000            9.94414438e-06  -706.88537     
3749.47105      5000            1.76834672e-05  -1292.28717    
3749.47105      5000            3.14461456e-05  -2347.34655    
3749.47105      5000            5.59200333e-05  -4241.70101    
3749.47105      5000            9.94414438e-05  -7633.33768    
5000            6667.60716      0               2.83832442e-05 
5000            6667.60716      1.76834672e-10  -0.00312442373 
5000            6667.60716      3.14461456e-10  -0.00558544074 
5000            6667.60716      5.59200333e-10  -0.00997743316 
5000            6667.60716      9.94414438e-10  -0.0178367094  
5000            6667.60716      1.76834672e-09  -0.0319662758  
5000            6667.60716      3.14461456e-09  -0.0575692041  
5000            6667.60716      5.59200333e-09  -0.104556848   
5000            6667.60716      9.94414438e-09  -0.192472093   
5000            6667.60716      1.76834672e-08  -0.361333726   
5000            6667.60716      3.14461456e-08  -0.695488773   
5000            6667.60716      5.59200333e-08  -1.37370023    
5000            6667.60716      9.94414438e-08  -2.7661108     
5000            6667.60716      1.76834672e-07  -5.60762798    
5000            6667.60716      3.14461456e-07  -11.2973987    
5000            6667.60716      5.59200333e-07  -22.4215055    
5000            6667.60716      9.94414438e-07  -43.6820634    
5000            6667.60716      1.76834672e-06  -83.5603169    
5000            6667.60716      3.14461456e-06  -157.290088    
5000            6667.60716      5.59200333e-06  -292.164818    
5000            6667.60716      9.94414438e-06  -537.011161    
5000            6667.60716      1.76834672e-05  -979.081226    
5000            6667.60716      3.14461456e-05  -1774.0932     
5000            6667.60716      5.59200333e-05  -3199.57204    
5000            6667.60716      9.94414438e-05  -5749.59761    
6667.60716      8891.39705      0               3.85193744e-09 
6667.60716      8891.39705      1.76834672e-10  -0.00237685051 
6667.60716      8891.39705      3.14461456e-10  -0.00423353349 
6667.60716      8891.39705      5.59200333e-10  -0.00754991037 
6667.60716      8891.39705      9.94414438e-10  -0.013493379   
6667.60716      8891.39705      1.76834672e-09  -0.0242059441  
6667.60716      8891.39705      3.14461456e-09  -0.0436978665  
6667.60716      8891.39705      5.59200333e-09  -0.0796965201  
6667.60716      8891.39705      9.94414438e-09  -0.147628504   
6667.60716      8891.39705      1.76834672e-08  -0.279344883   
6667.60716      8891.39705      3.14461456e-08  -0.541817007   
6667.60716      8891.39705      5.59200333e-08  -1.07479243    
6667.60716      8891.39705      9.94414438e-08  -2.16122516    
6667.60716      8891.39705      1.76834672e-07  -4.35349428    
6667.60716      8891.39705      3.14461456e-07  -8.6990532     
6667.60716      8891.39705      5.59200333e-07  -17.1438539    
6667.60716      8891.39705      9.94414438e-07  -33.2479933    
6667.60716      8891.39705      1.76834672e-06  -63.4570065    
6667.60716      8891.39705      3.14461456e-06  -119.371313    
6667.60716      8891.39705      5.59200333e-06  -221.79576     
6667.60716      8891.39705      9.94414438e-06  -407.948745    
6667.60716      8891.39705      1.76834672e-05  -744.27347     
6667.60716      8891.39705      3.14461456e-05  -1349.18324    
6667.60716      8891.39705      5.59200333e-05  -2433.45153    
6667.60716      8891.39705      9.94414438e-05  -4371.99541    
8891.39705      11856.8685      0               -0.00362543425 
8891.39705      11856.8685      1.76834672e-10  -0.00305990876 
8891.39705      11856.8685      3.14461456e-10  -0.002630405   
8891.39705      11856.8685      5.59200333e-10  -0.00188945159 
8891.39705      11856.8685      9.94414438e-10  -0.00064324381 
8891.39705      11856.8685      1.76834672e-09  0.00135121197  
8891.39705      11856.8685      3.14461456e-09  0.00421952152  
8891.39705      11856.8685      5.59200333e-09  0.00729250052  
8891.39705      11856.8685      9.94414438e-09  0.00692744119  
8891.39705      11856.8685      1.76834672e-08  -0.0095015809  
8891.39705      11856.8685      3.14461456e-08  -0.0779094826  
8891.39705      11856.8685      5.59200333e-08  -0.286875527   
8891.39705      11856.8685      9.94414438e-08  -0.831565387   
8891.39705      11856.8685      1.76834672e-07  -2.10944191    
8891.39705      11856.8685      3.14461456e-07  -4.89221449    
8891.39705      11856.8685      5.59200333e-07  -10.6318673    
8891.39705      11856.8685      9.94414438e-07  -21.9977121    
8891.39705      11856.8685      1.76834672e-06  -43.8291637    
8891.39705      11856.8685      3.14461456e-06  -84.8466754    
8891.39705      11856.8685      5.59200333e-06  -160.714012    
8891.39705      11856.8685      9.94414438e-06  -299.477201    
8891.39705      11856.8685      1.76834672e-05  -551.198031    
8891.39705      11856.8685      3.14461456e-05  -1005.04301    
8891.39705      11856.8685      5.59200333e-05  -1819.65879    
8891.39705      11856.8685      9.94414438e-05  -3277.20982    
11856.8685      15811.3883      0               5.87442628e-09 
11856.8685      15811.3883      1.76834672e-10  -0.00361711763 
11856.8685      15811.3883      3.14461456e-10  -0.00643250684 
11856.8685      15811.3883      5.59200333e-10  -0.0114396094  
11856.8685      15811.3883      9.94414438e-10  -0.0203453853  
11856.8685      15811.3883      1.76834672e-09  -0.0361878558  
11856.8685      15811.3883      3.14461456e-09  -0.0643775338  
11856.8685      15811.3883      5.59200333e-09  -0.114560968   
11856.8685      15811.3883      9.94414438e-09  -0.203970022   
11856.8685      15811.3883      1.76834672e-08  -0.363482878   
11856.8685      15811.3883      3.14461456e-08  -0.648699676   
11856.8685      15811.3883      5.59200333e-08  -1.16041339    
11856.8685      15811.3883      9.94414438e-08  -2.0827647     
11856.8685      15811.3883      1.76834672e-07  -3.75418203    
11856.8685      15811.3883      3.14461456e-07  -6.79693638    
11856.8685      15811.3883      5.59200333e-07  -12.3480376    
11856.8685      15811.3883      9.94414438e-07  -22.4657401    
11856.8685      15811.3883      1.76834672e-06  -40.8482584    
11856.8685      15811.3883      3.14461456e-06  -74.1126188    
11856.8685      15811.3883      5.59200333e-06  -134.072824    
11856.8685      15811.3883      9.94414438e-06  -241.795202    
11856.8685      15811.3883      1.76834672e-05  -434.814412    
11856.8685      15811.3883      3.14461456e-05  -779.969108    
11856.8685      15811.3883      5.59200333e-05  -1396.22356    
11856.8685      15811.3883      9.94414438e-05  -2495.24319    
15811.3883      21084.8252      0               5.05531261e-09 
15811.3883      21084.8252      1.76834672e-10  -0.00311262751 
15811.3883      21084.8252      3.14461456e-10  -0.00553513773 
15811.3883      21084.8252      5.59200333e-10  -0.00984306457 
15811.3883      21084.8252      9.94414438e-10  -0.0175038469  
15811.3883      21084.8252      1.76834672e-09  -0.0311271259  
15811.3883      21084.8252      3.14461456e-09  -0.0553539684  
15811.3883      21084.8252      5.59200333e-09  -0.0984387342  
15811.3883      21084.8252      9.94414438e-09  -0.175063909   
15811.3883      21084.8252      1.76834672e-08  -0.311351396   
15811.3883      21084.8252      3.14461456e-08  -0.553791793   
15811.3883      21084.8252      5.59200333e-08  -0.985177796   
15811.3883      21084.8252      9.94414438e-08  -1.75310198    
15811.3883      21084.8252      1.76834672e-07  -3.12110501    
15811.3883      21084.8252      3.14461456e-07  -5.56089464    
15811.3883      21084.8252      5.59200333e-07  -9.91933709    
15811.3883      21084.8252      9.94414438e-07  -17.7212027    
15811.3883      21084.8252      1.76834672e-06  -31.7151789    
15811.3883      21084.8252      3.14461456e-06  -56.8482943    
15811.3883      21084.8252      5.59200333e-06  -101.989831    
15811.3883      21084.8252      9.94414438e-06  -182.977795    
15811.3883      21084.8252      1.76834672e-05  -328.021851    
15811.3883      21084.8252      3.14461456e-05  -587.311315    
15811.3883      21084.8252      5.59200333e-05  -1050.11088    
15811.3883      21084.8252      9.94414438e-05  -1875.1739     
21084.8252      28117.0663      0               -0.874225018   
21084.8252      28117.0663      1.76834672e-10  -0.865693117   
21084.8252      28117.0663      3.14461456e-10  -0.859127603   
21084.8252      28117.0663      5.59200333e-10  -0.84761032    
21084.8252      28117.0663      9.94414438e-10  -0.82761377    
21084.8252      28117.0663      1.76834672e-09  -0.793505393   
21084.8252      28117.0663      3.14461456e-09  -0.737035187   
21084.8252      28117.0663      5.59200333e-09  -0.647967489   
21084.8252      28117.0663      9.94414438e-09  -0.517712451   
21084.8252      28117.0663      1.76834672e-08  -0.347740584   
21084.8252      28117.0663      3.14461456e-08  -0.162093991   
21084.8252      28117.0663      5.59200333e-08  -0.021154194   
21084.8252      28117.0663      9.94414438e-08  -0.0386048831  
21084.8252      28117.0663      1.76834672e-07  -0.414044008   
21084.8252      28117.0663      3.14461456e-07  -1.50159839    
21084.8252      28117.0663      5.59200333e-07  -3.94075533    
21084.8252      28117.0663      9.94414438e-07  -8.88960494    
21084.8252      28117.0663      1.76834672e-06  -18.4354572    
21084.8252      28117.0663      3.14461456e-06  -36.3232996    
21084.8252      28117.0663      5.59200333e-06  -69.2492039    
21084.8252      28117.0663      9.94414438e-06  -129.150873    
21084.8252      28117.0663      1.76834672e-05  -237.268863    
21084.8252      28117.0663      3.14461456e-05  -431.366504    
21084.8252      28117.0663      5.59200333e-05  -778.579229    
21084.8252      28117.0663      9.94414438e-05  -1398.27758    
28117.0663      37494.7105      0               -0.00108256072 
28117.0663      37494.7105      1.76834672e-10  -0.000790595738
28117.0663      37494.7105      3.14461456e-10  -0.000566718961
28117.0663      37494.7105      5.59200333e-10  -0.000175821288
28117.0663      37494.7105      9.94414438e-10  0.000496632926 
28117.0663      37494.7105      1.76834672e-09  0.00162160327  
28117.0663      37494.7105      3.14461456e-09  0.00340275889  
28117.0663      37494.7105      5.59200333e-09  0.0059015455   
28117.0663      37494.7105      9.94414438e-09  0.00836101868  
28117.0663      37494.7105      1.76834672e-08  0.0071011582   
28117.0663      37494.7105      3.14461456e-08  -0.0100660211  
28117.0663      37494.7105      5.59200333e-08  -0.0763592761  
28117.0663      37494.7105      9.94414438e-08  -0.269322459   
28117.0663      37494.7105      1.76834672e-07  -0.747620275   
28117.0663      37494.7105      3.14461456e-07  -1.80650593    
28117.0663      37494.7105      5.59200333e-07  -3.96971085    
28117.0663      37494.7105      9.94414438e-07  -8.15569416    
28117.0663      37494.7105      1.76834672e-06  -15.9813715    
28117.0663      37494.7105      3.14461456e-06  -30.3086432    
28117.0663      37494.7105      5.59200333e-06  -56.219459     
28117.0663      37494.7105      9.94414438e-06  -102.751678    
28117.0663      37494.7105      1.76834672e-05  -185.987653    
28117.0663      37494.7105      3.14461456e-05  -334.546062    
28117.0663      37494.7105      5.59200333e-05  -599.342506    
28117.0663      37494.7105      9.94414438e-05  -1070.94051    
37494.7105      50000           0               2.29385932e-09 
37494.7105      50000           1.76834672e-10  -0.00141241037 
37494.7105      50000           3.14461456e-10  -0.00251166257 
37494.7105      50000           5.59200333e-10  -0.00446644123 
37494.7105      50000           9.94414438e-10  -0.00794258738 
37494.7105      50000           1.76834672e-09  -0.0141241575  
37494.7105      50000           3.14461456e-09  -0.0251167513  
37494.7105      50000           5.59200333e-09  -0.0446647649  
37494.7105      50000           9.94414438e-09  -0.0794269436  
37494.7105      50000           1.76834672e-08  -0.141244911   
37494.7105      50000           3.14461456e-08  -0.251178005   
37494.7105      50000           5.59200333e-08  -0.446680703   
37494.7105      50000           9.94414438e-08  -0.794373481   
37494.7105      50000           1.76834672e-07  -1.41277567    
37494.7105      50000           3.14461456e-07  -2.51279934    
37494.7105      50000           5.59200333e-07  -4.46995822    
37494.7105      50000           9.94414438e-07  -7.95332055    
37494.7105      50000           1.76834672e-06  -14.1561614    
37494.7105      50000           3.14461456e-06  -25.2088559    
37494.7105      50000           5.59200333e-06  -44.9171134    
37494.7105      50000           9.94414438e-06  -80.0774448    
37494.7105      50000           1.76834672e-05  -142.813306    
37494.7105      50000           3.14461456e-05  -254.720139    
37494.7105      50000           5.59200333e-05  -454.228784    
37494.7105      50000           9.94414438e-05  -809.70313     
50000           66676.0716      0               -0.289789912   
50000           66676.0716      1.76834672e-10  -0.288292842   
50000           66676.0716      3.14461456e-10  -0.287132286   
50000           66676.0716      5.59200333e-10  -0.285078345   
50000           66676.0716      9.94414438e-10  -0.281456777   
50000           66676.0716      1.76834672e-09  -0.275113019   
50000           66676.0716      3.14461456e-09  -0.264129517   
50000           66676.0716      5.59200333e-09  -0.245499099   
50000           66676.0716      9.94414438e-09  -0.215017136   
50000           66676.0716      1.76834672e-08  -0.168211477   
50000           66676.0716      3.14461456e-08  -0.104118982   
50000           66676.0716      5.59200333e-08  -0.0345174927  
50000           66676.0716      9.94414438e-08  -0.000209735236
50000           66676.0716      1.76834672e-07  -0.0934904154  
50000           66676.0716      3.14461456e-07  -0.487962002   
50000           66676.0716      5.59200333e-07  -1.48722211    
50000           66676.0716      9.94414438e-07  -3.61647215    
50000           66676.0716      1.76834672e-06  -7.7935294     
50000           66676.0716      3.14461456e-06  -15.6382952    
50000           66676.0716      5.59200333e-06  -30.0255058    
50000           66676.0716      9.94414438e-06  -56.0693156    
50000           66676.0716      1.76834672e-05  -102.875506    
50000           66676.0716      3.14461456e-05  -186.655642    
50000           66676.0716      5.59200333e-05  -336.257296    
50000           66676.0716      9.94414438e-05  -602.989853    
66676.0716      88913.9705      0               -0.0582806011  
66676.0716      88913.9705      1.76834672e-10  -0.0579695142  
66676.0716      88913.9705      3.14461456e-10  -0.057728126   
66676.0716      88913.9705      5.59200333e-10  -0.0573004332  
66676.0716      88913.9705      9.94414438e-10  -0.0565448026  
66676.0716      88913.9705      1.76834672e-09  -0.0552165746  
66676.0716      88913.9705      3.14461456e-09  -0.0529031361  
66676.0716      88913.9705      5.59200333e-09  -0.048940021   
66676.0716      88913.9705      9.94414438e-09  -0.0423552802  
66676.0716      88913.9705      1.76834672e-08  -0.0320346034  
66676.0716      88913.9705      3.14461456e-08  -0.0176981945  
66676.0716      88913.9705      5.59200333e-08  -0.00315529699 
66676.0716      88913.9705      9.94414438e-08  -0.0046380886  
66676.0716      88913.9705      1.76834672e-07  -0.0678766071  
66676.0716      88913.9705      3.14461456e-07  -0.29679823    
66676.0716      88913.9705      5.59200333e-07  -0.897269835   
66676.0716      88913.9705      9.94414438e-07  -2.24832045    
66676.0716      88913.9705      1.76834672e-06  -5.0303544     
66676.0716      88913.9705      3.14461456e-06  -10.4580702    
66676.0716      88913.9705      5.59200333e-06  -20.6932952    
66676.0716      88913.9705      9.94414438e-06  -39.5739122    
66676.0716      88913.9705      1.76834672e-05  -73.9111778    
66676.0716      88913.9705      3.14461456e-05  -135.805536    
66676.0716      88913.9705      5.59200333e-05  -246.774014    
66676.0716      88913.9705      9.94414438e-05  -445.09269     
88913.9705      118568.685      0               6.02096205e-05 
88913.9705      118568.685      1.76834672e-10  -0.000546893001
88913.9705      118568.685      3.14461456e-10  -0.00101938847 
88913.9705      118568.685      5.59200333e-10  -0.00185961744 
88913.9705      118568.685      9.94414438e-10  -0.00335377931 
88913.9705      118568.685      1.76834672e-09  -0.00601081659 
88913.9705      118568.685      3.14461456e-09  -0.0107357713  
88913.9705      118568.685      5.59200333e-09  -0.0191380609  
88913.9705      118568.685      9.94414438e-09  -0.0340796796  
88913.9705      118568.685      1.76834672e-08  -0.0606500525  
88913.9705      118568.685      3.14461456e-08  -0.1078996     
88913.9705      118568.685      5.59200333e-08  -0.191922496   
88913.9705      118568.685      9.94414438e-08  -0.341338683   
88913.9705      118568.685      1.76834672e-07  -0.607042412   
88913.9705      118568.685      3.14461456e-07  -1.07953788    
88913.9705      118568.685      5.59200333e-07  -1.91976685    
88913.9705      118568.685      9.94414438e-07  -3.41392874    
88913.9705      118568.685      1.76834672e-06  -6.07096608    
88913.9705      118568.685      3.14461456e-06  -10.7959209    
88913.9705      118568.685      5.59200333e-06  -19.1982111    
88913.9705      118568.685      9.94414438e-06  -34.1398313    
88913.9705      118568.685      1.76834672e-05  -60.7102092    
88913.9705      118568.685      3.14461456e-05  -107.959772    
88913.9705      118568.685      5.59200333e-05  -191.982718    
88913.9705      118568.685      9.94414438e-05  -341.39906     
118568.685      158113.883      0               4.89456075e-05 
118568.685      158113.883      1.76834672e-10  -0.000403453744
118568.685      158113.883      3.14461456e-10  -0.000755546844
118568.685      158113.883      5.59200333e-10  -0.00138166675 
118568.685      158113.883      9.94414438e-10  -0.0024950829  
118568.685      158113.883      1.76834672e-09  -0.0044750479  
118568.685      158113.883      3.14461456e-09  -0.00799597891 
118568.685      158113.883      5.59200333e-09  -0.014257178   
118568.685      158113.883      9.94414438e-09  -0.0253913395  
118568.685      158113.883      1.76834672e-08  -0.0451909895  
118568.685      158113.883      3.14461456e-08  -0.0804002995  
118568.685      158113.883      5.59200333e-08  -0.143012291   
118568.685      158113.883      9.94414438e-08  -0.254353905   
118568.685      158113.883      1.76834672e-07  -0.452350406   
118568.685      158113.883      3.14461456e-07  -0.804443506   
118568.685      158113.883      5.59200333e-07  -1.43056342    
118568.685      158113.883      9.94414438e-07  -2.54397956    
118568.685      158113.883      1.76834672e-06  -4.52394458    
118568.685      158113.883      3.14461456e-06  -8.0448756     
118568.685      158113.883      5.59200333e-06  -14.3060748    
118568.685      158113.883      9.94414438e-06  -25.4402364    
118568.685      158113.883      1.76834672e-05  -45.2398872    
118568.685      158113.883      3.14461456e-05  -80.4491993    
118568.685      158113.883      5.59200333e-05  -143.061197    
118568.685      158113.883      9.94414438e-05  -254.402833    
158113.883      210848.252      0               0.000408690396 
158113.883      210848.252      1.76834672e-10  7.04035854e-05 
158113.883      210848.252      3.14461456e-10  -0.000192878074
158113.883      210848.252      5.59200333e-10  -0.000661066429
158113.883      210848.252      9.94414438e-10  -0.00149363614 
158113.883      210848.252      1.76834672e-09  -0.00297417771 
158113.883      210848.252      3.14461456e-09  -0.00560699431 
158113.883      210848.252      5.59200333e-09  -0.0102888779  
158113.883      210848.252      9.94414438e-09  -0.018614575   
158113.883      210848.252      1.76834672e-08  -0.0334199908  
158113.883      210848.252      3.14461456e-08  -0.0597481571  
158113.883      210848.252      5.59200333e-08  -0.106566993   
158113.883      210848.252      9.94414438e-08  -0.189823967   
158113.883      210848.252      1.76834672e-07  -0.337878133   
158113.883      210848.252      3.14461456e-07  -0.601159818   
158113.883      210848.252      5.59200333e-07  -1.06934826    
158113.883      210848.252      9.94414438e-07  -1.90191823    
158113.883      210848.252      1.76834672e-06  -3.38246062    
158113.883      210848.252      3.14461456e-06  -6.01527982    
158113.883      210848.252      5.59200333e-06  -10.6971716    
158113.883      210848.252      9.94414438e-06  -19.0228945    
158113.883      210848.252      1.76834672e-05  -33.8283916    
158113.883      210848.252      3.14461456e-05  -60.1568123    
158113.883      210848.252      5.59200333e-05  -106.97644     
158113.883      210848.252      9.94414438e-05  -190.235845    
210848.252      281170.663      0               8.89202146e-05 
210848.252      281170.663      1.76834672e-10  -0.000163968765
210848.252      281170.663      3.14461456e-10  -0.000360787052
210848.252      281170.663      5.59200333e-10  -0.000710784958
210848.252      281170.663      9.94414438e-10  -0.00133317903 
210848.252      281170.663      1.76834672e-09  -0.00243996959 
210848.252      281170.663      3.14461456e-09  -0.00440815245 
210848.252      281170.663      5.59200333e-09  -0.00790813151 
210848.252      281170.663      9.94414438e-09  -0.0141320722  
210848.252      281170.663      1.76834672e-08  -0.0251999778  
210848.252      281170.663      3.14461456e-08  -0.0448818064  
210848.252      281170.663      5.59200333e-08  -0.079881597   
210848.252      281170.663      9.94414438e-08  -0.142121004   
210848.252      281170.663      1.76834672e-07  -0.25280006    
210848.252      281170.663      3.14461456e-07  -0.449618346   
210848.252      281170.663      5.59200333e-07  -0.799616253   
210848.252      281170.663      9.94414438e-07  -1.42201032    
210848.252      281170.663      1.76834672e-06  -2.52880089    
210848.252      281170.663      3.14461456e-06  -4.49698377    
210848.252      281170.663      5.59200333e-06  -7.9969629     
210848.252      281170.663      9.94414438e-06  -14.2209038    
210848.252      281170.663      1.76834672e-05  -25.2888101    
210848.252      281170.663      3.14461456e-05  -44.9706409    
210848.252      281170.663      5.59200333e-05  -79.9704383    
210848.252      281170.663      9.94414438e-05  -142.209867    
281170.663      374947.105      0               3.05428571e-10 
281170.663      374947.105      1.76834672e-10  -0.000188055296
281170.663      374947.105      3.14461456e-10  -0.000334415098
281170.663      374947.105      5.59200333e-10  -0.000594683721
281170.663      374947.105      9.94414438e-10  -0.00105751405 
281170.663      374947.105      1.76834672e-09  -0.00188055571 
281170.663      374947.105      3.14461456e-09  -0.00334415373 
281170.663      374947.105      5.59200333e-09  -0.00594683996 
281170.663      374947.105      9.94414438e-09  -0.0105751433  
281170.663      374947.105      1.76834672e-08  -0.0188055598  
281170.663      374947.105      3.14461456e-08  -0.03344154    
281170.663      374947.105      5.59200333e-08  -0.0594684023  
281170.663      374947.105      9.94414438e-08  -0.105751436   
281170.663      374947.105      1.76834672e-07  -0.188055601   
281170.663      374947.105      3.14461456e-07  -0.334415403   
281170.663      374947.105      5.59200333e-07  -0.594684026   
281170.663      374947.105      9.94414438e-07  -1.05751436    
281170.663      374947.105      1.76834672e-06  -1.88055601    
281170.663      374947.105      3.14461456e-06  -3.34415403    
281170.663      374947.105      5.59200333e-06  -5.94684026    
281170.663      374947.105      9.94414438e-06  -10.5751436    
281170.663      374947.105      1.76834672e-05  -18.8055601    
281170.663      374947.105      3.14461456e-05  -33.4415403    
281170.663      374947.105      5.59200333e-05  -59.4684026    
281170.663      374947.105      9.94414438e-05  -105.751436    
374947.105      500000          0               2.22967866e-10 
374947.105      500000          1.76834672e-10  -0.000137283198
374947.105      500000          3.14461456e-10  -0.000244128057
374947.105      500000          5.59200333e-10  -0.000434128071
374947.105      500000          9.94414438e-10  -0.000772001184
374947.105      500000          1.76834672e-09  -0.00137283398 
374947.105      500000          3.14461456e-09  -0.00244128258 
374947.105      500000          5.59200333e-09  -0.00434128272 
374947.105      500000          9.94414438e-09  -0.00772001385 
374947.105      500000          1.76834672e-08  -0.0137283418  
374947.105      500000          3.14461456e-08  -0.0244128278  
374947.105      500000          5.59200333e-08  -0.0434128292  
374947.105      500000          9.94414438e-08  -0.0772001405  
374947.105      500000          1.76834672e-07  -0.13728342    
374947.105      500000          3.14461456e-07  -0.24412828    
374947.105      500000          5.59200333e-07  -0.434128294   
374947.105      500000          9.94414438e-07  -0.772001407   
374947.105      500000          1.76834672e-06  -1.37283421    
374947.105      500000          3.14461456e-06  -2.4412828     
374947.105      500000          5.59200333e-06  -4.34128294    
374947.105      500000          9.94414438e-06  -7.72001407    
374947.105      500000          1.76834672e-05  -13.7283421    
374947.105      500000          3.14461456e-05  -24.412828     
374947.105      500000          5.59200333e-05  -43.4128294    
374947.105      500000          9.94414438e-05  -77.2001407    
