### like_hercules.txt
#[0]emin(MeV) [1]emax(MeV) [2]eflux(MeV/cm^2/s) [3]deltaLogLike
500             666.760716      0               0.00166165217  
500             666.760716      1.77009963e-10  -0.00234644732 
500             666.760716      3.14773172e-10  -0.00546940023 
500             666.760716      5.59754651e-10  -0.0110305154  
500             666.760716      9.95400171e-10  -0.0209438492  
500             666.760716      1.77009963e-09  -0.0386486892  
500             666.760716      3.14773172e-09  -0.0703731127  
500             666.760716      5.59754651e-09  -0.127544593   
500             666.760716      9.95400171e-09  -0.23158618    
500             666.760716      1.77009963e-08  -0.42401277    
500             666.760716      3.14773172e-08  -0.789109584   
500             666.760716      5.59754651e-08  -1.50802227    
500             666.760716      9.95400171e-08  -2.99286234    
500             666.760716      1.77009963e-07  -6.22113982    
500             666.760716      3.14773172e-07  -13.5457281    
500             666.760716      5.59754651e-07  -30.5493091    
500             666.760716      9.95400171e-07  -70.0151814    
500             666.760716      1.77009963e-06  -159.934948    
500             666.760716      3.14773172e-06  -358.973366    
500             666.760716      5.59754651e-06  -785.489935    
500             666.760716      9.95400171e-06  -1670.90798    
500             666.760716      1.77009963e-05  -3456.38027    
500             666.760716      3.14773172e-05  -6965.9856     
500             666.760716      5.59754651e-05  -13714.9989    
500             666.760716      9.95400171e-05  -26456.7634    
666.760716      889.139705      0               1.38782016e-05 
666.760716      889.139705      1.77009963e-10  -0.00152842107 
666.760716      889.139705      3.14773172e-10  -0.0027333058  
666.760716      889.139705      5.59754651e-10  -0.00488574781 
666.760716      889.139705      9.95400171e-10  -0.00874441264 
666.760716      889.139705      1.77009963e-09  -0.0157041102  
666.760716      889.139705      3.14773172e-09  -0.0283889906  
666.760716      889.139705      5.59754651e-09  -0.051916349   
666.760716      889.139705      9.95400171e-09  -0.0967904765  
666.760716      889.139705      1.77009963e-08  -0.186016464   
666.760716      889.139705      3.14773172e-08  -0.373575937   
666.760716      889.139705      5.59754651e-08  -0.79375442    
666.760716      889.139705      9.95400171e-08  -1.79217485    
666.760716      889.139705      1.77009963e-07  -4.26100229    
666.760716      889.139705      3.14773172e-07  -10.4423426    
666.760716      889.139705      5.59754651e-07  -25.7045416    
666.760716      889.139705      9.95400171e-07  -62.1787608    
666.760716      889.139705      1.77009963e-06  -145.806298    
666.760716      889.139705      3.14773172e-06  -329.575578    
666.760716      889.139705      5.59754651e-06  -717.880769    
666.760716      889.139705      9.95400171e-06  -1510.62611    
666.760716      889.139705      1.77009963e-05  -3082.29237    
666.760716      889.139705      3.14773172e-05  -6123.03912    
666.760716      889.139705      5.59754651e-05  -11889.9135    
666.760716      889.139705      9.95400171e-05  -22653.3008    
889.139705      1185.68685      0               0.00539182177  
889.139705      1185.68685      1.77009963e-10  0.00576262164  
889.139705      1185.68685      3.14773172e-10  0.00604200798  
889.139705      1185.68685      5.59754651e-10  0.00651898228  
889.139705      1185.68685      9.95400171e-10  0.00730457716  
889.139705      1185.68685      1.77009963e-09  0.00850463896  
889.139705      1185.68685      3.14773172e-09  0.0100214772   
889.139705      1185.68685      5.59754651e-09  0.0107976692   
889.139705      1185.68685      9.95400171e-09  0.00626706747  
889.139705      1185.68685      1.77009963e-08  -0.0196270654  
889.139705      1185.68685      3.14773172e-08  -0.117867694   
889.139705      1185.68685      5.59754651e-08  -0.438427125   
889.139705      1185.68685      9.95400171e-08  -1.39142405    
889.139705      1185.68685      1.77009963e-07  -4.01845674    
889.139705      1185.68685      3.14773172e-07  -10.7844142    
889.139705      1185.68685      5.59754651e-07  -27.1740298    
889.139705      1185.68685      9.95400171e-07  -64.7949056    
889.139705      1185.68685      1.77009963e-06  -147.24425     
889.139705      1185.68685      3.14773172e-06  -320.948373    
889.139705      1185.68685      5.59754651e-06  -674.876253    
889.139705      1185.68685      9.95400171e-06  -1376.11031    
889.139705      1185.68685      1.77009963e-05  -2733.7156     
889.139705      1185.68685      3.14773172e-05  -5312.77939    
889.139705      1185.68685      5.59754651e-05  -10137.0847    
889.139705      1185.68685      9.95400171e-05  -19048.729     
1185.68685      1581.13883      0               -0.94090354    
1185.68685      1581.13883      1.77009963e-10  -0.935049251   
1185.68685      1581.13883      3.14773172e-10  -0.930509759   
1185.68685      1581.13883      5.59754651e-10  -0.922473431   
1185.68685      1581.13883      9.95400171e-10  -0.908296362   
1185.68685      1581.13883      1.77009963e-09  -0.883442166   
1185.68685      1581.13883      3.14773172e-09  -0.840354701   
1185.68685      1581.13883      5.59754651e-09  -0.767150345   
1185.68685      1581.13883      9.95400171e-09  -0.647289823   
1185.68685      1581.13883      1.77009963e-08  -0.464346067   
1185.68685      1581.13883      3.14773172e-08  -0.223401894   
1185.68685      1581.13883      5.59754651e-08  -0.0160010937  
1185.68685      1581.13883      9.95400171e-08  -0.182211547   
1185.68685      1581.13883      1.77009963e-07  -1.66548466    
1185.68685      1581.13883      3.14773172e-07  -6.72688747    
1185.68685      1581.13883      5.59754651e-07  -20.3175111    
1185.68685      1581.13883      9.95400171e-07  -52.661485     
1185.68685      1581.13883      1.77009963e-06  -124.059956    
1185.68685      1581.13883      3.14773172e-06  -273.700507    
1185.68685      1581.13883      5.59754651e-06  -575.578117    
1185.68685      1581.13883      9.95400171e-06  -1166.96126    
1185.68685      1581.13883      1.77009963e-05  -2298.98931    
1185.68685      1581.13883      3.14773172e-05  -4426.49768    
1185.68685      1581.13883      5.59754651e-05  -8367.74245    
1185.68685      1581.13883      9.95400171e-05  -15588.7464    
1581.13883      2108.48252      0               0.000743156088 
1581.13883      2108.48252      1.77009963e-10  0.000423417139 
1581.13883      2108.48252      3.14773172e-10  0.000158793691 
1581.13883      2108.48252      5.59754651e-10  -0.00034575877 
1581.13883      2108.48252      9.95400171e-10  -0.00134981586 
1581.13883      2108.48252      1.77009963e-09  -0.00346963996 
1581.13883      2108.48252      3.14773172e-09  -0.00827750182 
1581.13883      2108.48252      5.59754651e-09  -0.0200080747  
1581.13883      2108.48252      9.95400171e-09  -0.0503944764  
1581.13883      2108.48252      1.77009963e-08  -0.131925507   
1581.13883      2108.48252      3.14773172e-08  -0.351917116   
1581.13883      2108.48252      5.59754651e-08  -0.932219076   
1581.13883      2108.48252      9.95400171e-08  -2.39663677    
1581.13883      2108.48252      1.77009963e-07  -5.89337988    
1581.13883      2108.48252      3.14773172e-07  -13.7943285    
1581.13883      2108.48252      5.59754651e-07  -30.8069311    
1581.13883      2108.48252      9.95400171e-07  -66.0237059    
1581.13883      2108.48252      1.77009963e-06  -136.652448    
1581.13883      2108.48252      3.14773172e-06  -274.768908    
1581.13883      2108.48252      5.59754651e-06  -539.508724    
1581.13883      2108.48252      9.95400171e-06  -1038.95758    
1581.13883      2108.48252      1.77009963e-05  -1969.25023    
1581.13883      2108.48252      3.14773172e-05  -3684.22465    
1581.13883      2108.48252      5.59754651e-05  -6819.31949    
1581.13883      2108.48252      9.95400171e-05  -12511.717     
2108.48252      2811.70663      0               8.1140126e-05  
2108.48252      2811.70663      1.77009963e-10  -0.00292612069 
2108.48252      2811.70663      3.14773172e-10  -0.00527727068 
2108.48252      2811.70663      5.59754651e-10  -0.00948120708 
2108.48252      2811.70663      9.95400171e-10  -0.017028973   
2108.48252      2811.70663      1.77009963e-09  -0.0306757237  
2108.48252      2811.70663      3.14773172e-09  -0.0556380425  
2108.48252      2811.70663      5.59754651e-09  -0.102139417   
2108.48252      2811.70663      9.95400171e-09  -0.191075229   
2108.48252      2811.70663      1.77009963e-08  -0.366903298   
2108.48252      2811.70663      3.14773172e-08  -0.726534801   
2108.48252      2811.70663      5.59754651e-08  -1.48089588    
2108.48252      2811.70663      9.95400171e-08  -3.07823492    
2108.48252      2811.70663      1.77009963e-07  -6.44174481    
2108.48252      2811.70663      3.14773172e-07  -13.4244787    
2108.48252      2811.70663      5.59754651e-07  -27.6760557    
2108.48252      2811.70663      9.95400171e-07  -56.2555067    
2108.48252      2811.70663      1.77009963e-06  -112.552807    
2108.48252      2811.70663      3.14773172e-06  -221.514134    
2108.48252      2811.70663      5.59754651e-06  -428.97772     
2108.48252      2811.70663      9.95400171e-06  -818.361007    
2108.48252      2811.70663      1.77009963e-05  -1540.42978    
2108.48252      2811.70663      3.14773172e-05  -2866.26526    
2108.48252      2811.70663      5.59754651e-05  -5281.36373    
2108.48252      2811.70663      9.95400171e-05  -9652.79346    
2811.70663      3749.47105      0               -1.33855456    
2811.70663      3749.47105      1.77009963e-10  -1.32819425    
2811.70663      3749.47105      3.14773172e-10  -1.32018074    
2811.70663      3749.47105      5.59754651e-10  -1.30603691    
2811.70663      3749.47105      9.95400171e-10  -1.2812169     
2811.70663      3749.47105      1.77009963e-09  -1.23810268    
2811.70663      3749.47105      3.14773172e-09  -1.16452924    
2811.70663      3749.47105      5.59754651e-09  -1.04278611    
2811.70663      3749.47105      9.95400171e-09  -0.851752118   
2811.70663      3749.47105      1.77009963e-08  -0.578581539   
2811.70663      3749.47105      3.14773172e-08  -0.251582618   
2811.70663      3749.47105      5.59754651e-08  -0.0104215056  
2811.70663      3749.47105      9.95400171e-08  -0.233300378   
2811.70663      3749.47105      1.77009963e-07  -1.75094522    
2811.70663      3749.47105      3.14773172e-07  -6.21002398    
2811.70663      3749.47105      5.59754651e-07  -16.7229629    
2811.70663      3749.47105      9.95400171e-07  -39.0673537    
2811.70663      3749.47105      1.77009963e-06  -83.8838356    
2811.70663      3749.47105      3.14773172e-06  -170.627253    
2811.70663      3749.47105      5.59754651e-06  -334.60275     
2811.70663      3749.47105      9.95400171e-06  -639.492649    
2811.70663      3749.47105      1.77009963e-05  -1199.68086    
2811.70663      3749.47105      3.14773172e-05  -2219.99577    
2811.70663      3749.47105      5.59754651e-05  -4066.3768     
2811.70663      3749.47105      9.95400171e-05  -7391.51512    
3749.47105      5000            0               8.76480044e-09 
3749.47105      5000            1.77009963e-10  -0.00539725744 
3749.47105      5000            3.14773172e-10  -0.00959917238 
3749.47105      5000            5.59754651e-10  -0.017074231   
3749.47105      5000            9.95400171e-10  -0.0303760608  
3749.47105      5000            1.77009963e-09  -0.0540590575  
3749.47105      5000            3.14773172e-09  -0.0962639586  
3749.47105      5000            5.59754651e-09  -0.171597039   
3749.47105      5000            9.95400171e-09  -0.306430466   
3749.47105      5000            1.77009963e-08  -0.548855794   
3749.47105      5000            3.14773172e-08  -0.987845436   
3749.47105      5000            5.59754651e-08  -1.79101396    
3749.47105      5000            9.95400171e-08  -3.27980213    
3749.47105      5000            1.77009963e-07  -6.07725442    
3749.47105      5000            3.14773172e-07  -11.3891451    
3749.47105      5000            5.59754651e-07  -21.5209724    
3749.47105      5000            9.95400171e-07  -40.8107998    
3749.47105      5000            1.77009963e-06  -77.3001036    
3749.47105      5000            3.14773172e-06  -145.709367    
3749.47105      5000            5.59754651e-06  -272.713125    
3749.47105      5000            9.95400171e-06  -506.286701    
3749.47105      5000            1.77009963e-05  -932.305133    
3749.47105      5000            3.14773172e-05  -1704.08113    
3749.47105      5000            5.59754651e-05  -3094.95304    
3749.47105      5000            9.95400171e-05  -5591.87035    
5000            6667.60716      0               3.6852879e-05  
5000            6667.60716      1.77009963e-10  -0.0013292644  
5000            6667.60716      3.14773172e-10  -0.00239769479 
5000            6667.60716      5.59754651e-10  -0.0043088907  
5000            6667.60716      9.95400171e-10  -0.00774287187 
5000            6667.60716      1.77009963e-09  -0.0139602852  
5000            6667.60716      3.14773172e-09  -0.0253619863  
5000            6667.60716      5.59754651e-09  -0.0467019685  
5000            6667.60716      9.95400171e-09  -0.0878698941  
5000            6667.60716      1.77009963e-08  -0.170509955   
5000            6667.60716      3.14773172e-08  -0.343725032   
5000            6667.60716      5.59754651e-08  -0.719434663   
5000            6667.60716      9.95400171e-08  -1.54446886    
5000            6667.60716      1.77009963e-07  -3.33121263    
5000            6667.60716      3.14773172e-07  -7.07662745    
5000            6667.60716      5.59754651e-07  -14.6334032    
5000            6667.60716      9.95400171e-07  -29.3757352    
5000            6667.60716      1.77009963e-06  -57.4229134    
5000            6667.60716      3.14773172e-06  -109.8585      
5000            6667.60716      5.59754651e-06  -206.683855    
5000            6667.60716      9.95400171e-06  -383.82299     
5000            6667.60716      1.77009963e-05  -705.560642    
5000            6667.60716      3.14773172e-05  -1286.658      
5000            6667.60716      5.59754651e-05  -2331.66847    
5000            6667.60716      9.95400171e-05  -4204.83037    
6667.60716      8891.39705      0               -0.00912380949 
6667.60716      8891.39705      1.77009963e-10  -0.00842948355 
6667.60716      8891.39705      3.14773172e-10  -0.00790213389 
6667.60716      8891.39705      5.59754651e-10  -0.00699233636 
6667.60716      8891.39705      9.95400171e-10  -0.00546203819 
6667.60716      8891.39705      1.77009963e-09  -0.0030127531  
6667.60716      8891.39705      3.14773172e-09  0.000509188973 
6667.60716      8891.39705      5.59754651e-09  0.00427569599  
6667.60716      8891.39705      9.95400171e-09  0.00377513089  
6667.60716      8891.39705      1.77009963e-08  -0.0166662214  
6667.60716      8891.39705      3.14773172e-08  -0.101649768   
6667.60716      8891.39705      5.59754651e-08  -0.360340479   
6667.60716      8891.39705      9.95400171e-08  -1.02726178    
6667.60716      8891.39705      1.77009963e-07  -2.55732224    
6667.60716      8891.39705      3.14773172e-07  -5.78069992    
6667.60716      8891.39705      5.59754651e-07  -12.1804278    
6667.60716      8891.39705      9.95400171e-07  -24.4078343    
6667.60716      8891.39705      1.77009963e-06  -47.2246043    
6667.60716      8891.39705      3.14773172e-06  -89.1875563    
6667.60716      8891.39705      5.59754651e-06  -165.63302     
6667.60716      8891.39705      9.95400171e-06  -303.966584    
6667.60716      8891.39705      1.77009963e-05  -553.069162    
6667.60716      8891.39705      3.14773172e-05  -1000.0501     
6667.60716      8891.39705      5.59754651e-05  -1800.08505    
6667.60716      8891.39705      9.95400171e-05  -3229.51382    
8891.39705      11856.8685      0               -0.0588571618  
8891.39705      11856.8685      1.77009963e-10  -0.0573124638  
8891.39705      11856.8685      3.14773172e-10  -0.0561281069  
8891.39705      11856.8685      5.59754651e-10  -0.054060178   
8891.39705      11856.8685      9.95400171e-10  -0.0505017406  
8891.39705      11856.8685      1.77009963e-09  -0.0445398636  
8891.39705      11856.8685      3.14773172e-09  -0.0350422161  
8891.39705      11856.8685      5.59754651e-09  -0.0213739721  
8891.39705      11856.8685      9.95400171e-09  -0.00596877286 
8891.39705      11856.8685      1.77009963e-08  -0.00122477589 
8891.39705      11856.8685      3.14773172e-08  -0.0441995759  
8891.39705      11856.8685      5.59754651e-08  -0.221921241   
8891.39705      11856.8685      9.95400171e-08  -0.709550881   
8891.39705      11856.8685      1.77009963e-07  -1.83063088    
8891.39705      11856.8685      3.14773172e-07  -4.16709055    
8891.39705      11856.8685      5.59754651e-07  -8.77215333    
8891.39705      11856.8685      9.95400171e-07  -17.5732009    
8891.39705      11856.8685      1.77009963e-06  -34.1038616    
8891.39705      11856.8685      3.14773172e-06  -64.7941425    
8891.39705      11856.8685      5.59754651e-06  -121.22637     
8891.39705      11856.8685      9.95400171e-06  -224.116071    
8891.39705      11856.8685      1.77009963e-05  -410.394661    
8891.39705      11856.8685      3.14773172e-05  -745.82998     
8891.39705      11856.8685      5.59754651e-05  -1347.4972     
8891.39705      11856.8685      9.95400171e-05  -2423.76923    
11856.8685      15811.3883      0               4.06271283e-09 
11856.8685      15811.3883      1.77009963e-10  -0.0025013703  
11856.8685      15811.3883      3.14773172e-10  -0.00444825784 
11856.8685      15811.3883      5.59754651e-10  -0.00791062578 
11856.8685      15811.3883      9.95400171e-10  -0.0140684982  
11856.8685      15811.3883      1.77009963e-09  -0.0250214882  
11856.8685      15811.3883      3.14773172e-09  -0.044507073   
11856.8685      15811.3883      5.59754651e-09  -0.0791833854  
11856.8685      15811.3883      9.95400171e-09  -0.140927398   
11856.8685      15811.3883      1.77009963e-08  -0.250973633   
11856.8685      15811.3883      3.14773172e-08  -0.447427796   
11856.8685      15811.3883      5.59754651e-08  -0.799062678   
11856.8685      15811.3883      9.95400171e-08  -1.43098187    
11856.8685      15811.3883      1.77009963e-07  -2.57282488    
11856.8685      15811.3883      3.14773172e-07  -4.64918088    
11856.8685      15811.3883      5.59754651e-07  -8.4465017     
11856.8685      15811.3883      9.95400171e-07  -15.4147567    
11856.8685      15811.3883      1.77009963e-06  -28.2055458    
11856.8685      15811.3883      3.14773172e-06  -51.6283139    
11856.8685      15811.3883      5.59754651e-06  -94.346325     
11856.8685      15811.3883      9.95400171e-06  -171.88196     
11856.8685      15811.3883      1.77009963e-05  -311.947933    
11856.8685      15811.3883      3.14773172e-05  -563.921216    
11856.8685      15811.3883      5.59754651e-05  -1015.69364    
11856.8685      15811.3883      9.95400171e-05  -1823.64383    
15811.3883      21084.8252      0               1.33695721e-09 
15811.3883      21084.8252      1.77009963e-10  -0.000823951383
15811.3883      21084.8252      3.14773172e-10  -0.00146611268 
15811.3883      21084.8252      5.59754651e-10  -0.00260998798 
15811.3883      21084.8252      9.95400171e-10  -0.00465021237 
15811.3883      21084.8252      1.77009963e-09  -0.00829747083 
15811.3883      21084.8252      3.14773172e-09  -0.0148433622  
15811.3883      21084.8252      5.59754651e-09  -0.0266705218  
15811.3883      21084.8252      9.95400171e-09  -0.0482759908  
15811.3883      21084.8252      1.77009963e-08  -0.0884204441  
15811.3883      21084.8252      3.14773172e-08  -0.164810565   
15811.3883      21084.8252      5.59754651e-08  -0.314382029   
15811.3883      21084.8252      9.95400171e-08  -0.615101288   
15811.3883      21084.8252      1.77009963e-07  -1.22887867    
15811.3883      21084.8252      3.14773172e-07  -2.47932066    
15811.3883      21084.8252      5.59754651e-07  -4.98578423    
15811.3883      21084.8252      9.95400171e-07  -9.89268449    
15811.3883      21084.8252      1.77009963e-06  -19.2650949    
15811.3883      21084.8252      3.14773172e-06  -36.7822072    
15811.3883      21084.8252      5.59754651e-06  -68.9749791    
15811.3883      21084.8252      9.95400171e-06  -127.449414    
15811.3883      21084.8252      1.77009963e-05  -232.865894    
15811.3883      21084.8252      3.14773172e-05  -422.027537    
15811.3883      21084.8252      5.59754651e-05  -760.481842    
15811.3883      21084.8252      9.95400171e-05  -1364.92542    
21084.8252      28117.0663      0               3.02122771e-09 
21084.8252      28117.0663      1.77009963e-10  -0.00186023555 
21084.8252      28117.0663      3.14773172e-10  -0.00330802097 
21084.8252      28117.0663      5.59754651e-10  -0.00588258803 
21084.8252      28117.0663      9.95400171e-10  -0.0104608878  
21084.8252      28117.0663      1.77009963e-09  -0.0186023848  
21084.8252      28117.0663      3.14773172e-09  -0.0330802435  
21084.8252      28117.0663      5.59754651e-09  -0.0588259283  
21084.8252      28117.0663      9.95400171e-09  -0.104608972   
21084.8252      28117.0663      1.77009963e-08  -0.186024084   
21084.8252      28117.0663      3.14773172e-08  -0.330803121   
21084.8252      28117.0663      5.59754651e-08  -0.588261394   
21084.8252      28117.0663      9.95400171e-08  -1.04609633    
21084.8252      28117.0663      1.77009963e-07  -1.86026166    
21084.8252      28117.0663      3.14773172e-07  -3.30809684    
21084.8252      28117.0663      5.59754651e-07  -5.88282056    
21084.8252      28117.0663      9.95400171e-07  -10.4616118    
21084.8252      28117.0663      1.77009963e-06  -18.6046414    
21084.8252      28117.0663      3.14773172e-06  -33.0872306    
21084.8252      28117.0663      5.59754651e-06  -58.8472681    
21084.8252      28117.0663      9.95400171e-06  -104.672682    
21084.8252      28117.0663      1.77009963e-05  -186.207852    
21084.8252      28117.0663      3.14773172e-05  -331.30858     
21084.8252      28117.0663      5.59754651e-05  -589.572173    
21084.8252      28117.0663      9.95400171e-05  -1049.28204    
28117.0663      37494.7105      0               2.32057573e-09 
28117.0663      37494.7105      1.77009963e-10  -0.00142882598 
28117.0663      37494.7105      3.14773172e-10  -0.00254085365 
28117.0663      37494.7105      5.59754651e-10  -0.00451834964 
28117.0663      37494.7105      9.95400171e-10  -0.00803489025 
28117.0663      37494.7105      1.77009963e-09  -0.0142882827  
28117.0663      37494.7105      3.14773172e-09  -0.0254085639  
28117.0663      37494.7105      5.59754651e-09  -0.0451835377  
28117.0663      37494.7105      9.95400171e-09  -0.0803489881  
28117.0663      37494.7105      1.77009963e-08  -0.142883052   
28117.0663      37494.7105      3.14773172e-08  -0.254086306   
28117.0663      37494.7105      5.59754651e-08  -0.451837441   
28117.0663      37494.7105      9.95400171e-08  -0.803496356   
28117.0663      37494.7105      1.77009963e-07  -1.42885092    
28117.0663      37494.7105      3.14773172e-07  -2.54092736    
28117.0663      37494.7105      5.59754651e-07  -4.51857677    
28117.0663      37494.7105      9.95400171e-07  -8.03559826    
28117.0663      37494.7105      1.77009963e-06  -14.2904878    
28117.0663      37494.7105      3.14773172e-06  -25.4153769    
28117.0663      37494.7105      5.59754651e-06  -45.2042646    
28117.0663      37494.7105      9.95400171e-06  -80.4104665    
28117.0663      37494.7105      1.77009963e-05  -143.05859     
28117.0663      37494.7105      3.14773172e-05  -254.562085    
28117.0663      37494.7105      5.59754651e-05  -453.04779     
28117.0663      37494.7105      9.95400171e-05  -806.372874    
37494.7105      50000           0               1.21721655e-09 
37494.7105      50000           1.77009963e-10  -0.000749508076
37494.7105      50000           3.14773172e-10  -0.00133291652 
37494.7105      50000           5.59754651e-10  -0.00237055432 
37494.7105      50000           9.95400171e-10  -0.00421631574 
37494.7105      50000           1.77009963e-09  -0.00750033593 
37494.7105      50000           3.14773172e-09  -0.0133457276  
37494.7105      50000           5.59754651e-09  -0.0237577145  
37494.7105      50000           9.95400171e-09  -0.0423271111  
37494.7105      50000           1.77009963e-08  -0.0755162618  
37494.7105      50000           3.14773172e-08  -0.135048966   
37494.7105      50000           5.59754651e-08  -0.242449227   
37494.7105      50000           9.95400171e-08  -0.43784887    
37494.7105      50000           1.77009963e-07  -0.797241392   
37494.7105      50000           3.14773172e-07  -1.46568177    
37494.7105      50000           5.59754651e-07  -2.71808937    
37494.7105      50000           9.95400171e-07  -5.06438706    
37494.7105      50000           1.77009963e-06  -9.42727141    
37494.7105      50000           3.14773172e-06  -17.4499788    
37494.7105      50000           5.59754651e-06  -32.044381     
37494.7105      50000           9.95400171e-06  -58.3737888    
37494.7105      50000           1.77009963e-05  -105.608976    
37494.7105      50000           3.14773172e-05  -190.056218    
37494.7105      50000           5.59754651e-05  -340.721788    
37494.7105      50000           9.95400171e-05  -609.203741    
50000           66676.0716      0               -0.844300343   
50000           66676.0716      1.77009963e-10  -0.84084188    
50000           66676.0716      3.14773172e-10  -0.838162858   
50000           66676.0716      5.59754651e-10  -0.833425874   
50000           66676.0716      9.95400171e-10  -0.825086669   
50000           66676.0716      1.77009963e-09  -0.810518305   
50000           66676.0716      3.14773172e-09  -0.785404827   
50000           66676.0716      5.59754651e-09  -0.74308671    
50000           66676.0716      9.95400171e-09  -0.674420434   
50000           66676.0716      1.77009963e-08  -0.569533264   
50000           66676.0716      3.14773172e-08  -0.423516416   
50000           66676.0716      5.59754651e-08  -0.246953948   
50000           66676.0716      9.95400171e-08  -0.0789416229  
50000           66676.0716      1.77009963e-07  -7.25342438e-05
50000           66676.0716      3.14773172e-07  -0.150085867   
50000           66676.0716      5.59754651e-07  -0.763332061   
50000           66676.0716      9.95400171e-07  -2.23980024    
50000           66676.0716      1.77009963e-06  -5.27670262    
50000           66676.0716      3.14773172e-06  -11.1039423    
50000           66676.0716      5.59754651e-06  -21.9022753    
50000           66676.0716      9.95400171e-06  -41.5458507    
50000           66676.0716      1.77009963e-05  -76.9217361    
50000           66676.0716      3.14773172e-05  -140.27577     
50000           66676.0716      5.59754651e-05  -253.383746    
50000           66676.0716      9.95400171e-05  -454.968736    
66676.0716      88913.9705      0               0.000380232961 
66676.0716      88913.9705      1.77009963e-10  -0.00023098422 
66676.0716      88913.9705      3.14773172e-10  -0.00070668197 
66676.0716      88913.9705      5.59754651e-10  -0.00155260549 
66676.0716      88913.9705      9.95400171e-10  -0.0030568939  
66676.0716      88913.9705      1.77009963e-09  -0.00573193908 
66676.0716      88913.9705      3.14773172e-09  -0.0104889171  
66676.0716      88913.9705      5.59754651e-09  -0.0189481539  
66676.0716      88913.9705      9.95400171e-09  -0.0339910429  
66676.0716      88913.9705      1.77009963e-08  -0.0607415105  
66676.0716      88913.9705      3.14773172e-08  -0.10831134    
66676.0716      88913.9705      5.59754651e-08  -0.192903866   
66676.0716      88913.9705      9.95400171e-08  -0.343333254   
66676.0716      88913.9705      1.77009963e-07  -0.610839503   
66676.0716      88913.9705      3.14773172e-07  -1.08654277    
66676.0716      88913.9705      5.59754651e-07  -1.93248368    
66676.0716      88913.9705      9.95400171e-07  -3.43682686    
66676.0716      88913.9705      1.77009963e-06  -6.11204386    
66676.0716      88913.9705      3.14773172e-06  -10.8695578    
66676.0716      88913.9705      5.59754651e-06  -19.3304493    
66676.0716      88913.9705      9.95400171e-06  -34.3783599    
66676.0716      88913.9705      1.77009963e-05  -61.1436455    
66676.0716      88913.9705      3.14773172e-05  -108.755371    
66676.0716      88913.9705      5.59754651e-05  -193.459457    
66676.0716      88913.9705      9.95400171e-05  -344.164528    
88913.9705      118568.685      0               5.9422689e-10  
88913.9705      118568.685      1.77009963e-10  -0.000365865733
88913.9705      118568.685      3.14773172e-10  -0.000650617378
88913.9705      118568.685      5.59754651e-10  -0.00115699707 
88913.9705      118568.685      9.95400171e-10  -0.00205751867 
88913.9705      118568.685      1.77009963e-09  -0.00365901468 
88913.9705      118568.685      3.14773172e-09  -0.00650729169 
88913.9705      118568.685      5.59754651e-09  -0.0115734912  
88913.9705      118568.685      9.95400171e-09  -0.0205862901  
88913.9705      118568.685      1.77009963e-08  -0.0366251483  
88913.9705      118568.685      3.14773172e-08  -0.0651830389  
88913.9705      118568.685      5.59754651e-08  -0.116080082   
88913.9705      118568.685      9.95400171e-08  -0.206937661   
88913.9705      118568.685      1.77009963e-07  -0.369559968   
88913.9705      118568.685      3.14773172e-07  -0.661821998   
88913.9705      118568.685      5.59754651e-07  -1.19006062    
88913.9705      118568.685      9.95400171e-07  -2.15115995    
88913.9705      118568.685      1.77009963e-06  -3.90981612    
88913.9705      118568.685      3.14773172e-06  -7.13517485    
88913.9705      118568.685      5.59754651e-06  -13.0367037    
88913.9705      118568.685      9.95400171e-06  -23.7744651    
88913.9705      118568.685      1.77009963e-05  -43.1874277    
88913.9705      118568.685      3.14773172e-05  -78.0975641    
88913.9705      118568.685      5.59754651e-05  -140.640143    
88913.9705      118568.685      9.95400171e-05  -252.412604    
118568.685      158113.883      0               5.54109647e-10 
118568.685      158113.883      1.77009963e-10  -0.000341196609
118568.685      158113.883      3.14773172e-10  -0.000606743335
118568.685      158113.883      5.59754651e-10  -0.00107895961 
118568.685      158113.883      9.95400171e-10  -0.00191869209 
118568.685      158113.883      1.77009963e-09  -0.00341197107 
118568.685      158113.883      3.14773172e-09  -0.00606743834 
118568.685      158113.883      5.59754651e-09  -0.0107896011  
118568.685      158113.883      9.95400171e-09  -0.0191869259  
118568.685      158113.883      1.77009963e-08  -0.0341197158  
118568.685      158113.883      3.14773172e-08  -0.0606743885  
118568.685      158113.883      5.59754651e-08  -0.107896016   
118568.685      158113.883      9.95400171e-08  -0.191869265   
118568.685      158113.883      1.77009963e-07  -0.341197165   
118568.685      158113.883      3.14773172e-07  -0.606743899   
118568.685      158113.883      5.59754651e-07  -1.0789602     
118568.685      158113.883      9.95400171e-07  -1.91869275    
118568.685      158113.883      1.77009963e-06  -3.41197195    
118568.685      158113.883      3.14773172e-06  -6.06743992    
118568.685      158113.883      5.59754651e-06  -10.7896049    
118568.685      158113.883      9.95400171e-06  -19.1869367    
118568.685      158113.883      1.77009963e-05  -34.1197486    
118568.685      158113.883      3.14773172e-05  -60.6744908    
118568.685      158113.883      5.59754651e-05  -107.896337    
118568.685      158113.883      9.95400171e-05  -191.87027     
158113.883      210848.252      0               4.07297307e-10 
158113.883      210848.252      1.77009963e-10  -0.000250785226
158113.883      210848.252      3.14773172e-10  -0.000445966533
158113.883      210848.252      5.59754651e-10  -0.000793053458
158113.883      210848.252      9.95400171e-10  -0.00141027107 
158113.883      210848.252      1.77009963e-09  -0.00250785671 
158113.883      210848.252      3.14773172e-09  -0.00445967149 
158113.883      210848.252      5.59754651e-09  -0.00793054613 
158113.883      210848.252      9.95400171e-09  -0.0141027393  
158113.883      210848.252      1.77009963e-08  -0.0250786495  
158113.883      210848.252      3.14773172e-08  -0.0445969675  
158113.883      210848.252      5.59754651e-08  -0.0793062518  
158113.883      210848.252      9.95400171e-08  -0.141029883   
158113.883      210848.252      1.77009963e-07  -0.250794351   
158113.883      210848.252      3.14773172e-07  -0.44599445    
158113.883      210848.252      5.59754651e-07  -0.793140526   
158113.883      210848.252      9.95400171e-07  -1.41054368    
158113.883      210848.252      1.77009963e-06  -2.50870773    
158113.883      210848.252      3.14773172e-06  -4.46230667    
158113.883      210848.252      5.59754651e-06  -7.93858751    
158113.883      210848.252      9.95400171e-06  -14.1266963    
158113.883      210848.252      1.77009963e-05  -25.1474487    
158113.883      210848.252      3.14773172e-05  -44.7846196    
158113.883      210848.252      5.59754651e-05  -79.7860329    
158113.883      210848.252      9.95400171e-05  -142.172033    
210848.252      281170.663      0               0.000244081464 
210848.252      281170.663      1.77009963e-10  5.34292207e-05 
210848.252      281170.663      3.14773172e-10  -9.49514949e-05
210848.252      281170.663      5.59754651e-10  -0.000358813866
210848.252      281170.663      9.95400171e-10  -0.000828034888
210848.252      281170.663      1.77009963e-09  -0.00166244097 
210848.252      281170.663      3.14773172e-09  -0.00314624813 
210848.252      281170.663      5.59754651e-09  -0.00578487184 
210848.252      281170.663      9.95400171e-09  -0.0104770821  
210848.252      281170.663      1.77009963e-08  -0.0188211429  
210848.252      281170.663      3.14773172e-08  -0.0336592144  
210848.252      281170.663      5.59754651e-08  -0.0600454516  
210848.252      281170.663      9.95400171e-08  -0.106967554   
210848.252      281170.663      1.77009963e-07  -0.190408162   
210848.252      281170.663      3.14773172e-07  -0.338788879   
210848.252      281170.663      5.59754651e-07  -0.602651253   
210848.252      281170.663      9.95400171e-07  -1.07187229    
210848.252      281170.663      1.77009963e-06  -1.9062784     
210848.252      281170.663      3.14773172e-06  -3.39008565    
210848.252      281170.663      5.59754651e-06  -6.02870967    
210848.252      281170.663      9.95400171e-06  -10.7209209    
210848.252      281170.663      1.77009963e-05  -19.0649848    
210848.252      281170.663      3.14773172e-05  -33.903066     
210848.252      281170.663      5.59754651e-05  -60.2893338    
210848.252      281170.663      9.95400171e-05  -107.211532    
281170.663      374947.105      0               2.2994584e-10  
281170.663      374947.105      1.77009963e-10  -0.000141577683
281170.663      374947.105      3.14773172e-10  -0.000251764857
281170.663      374947.105      5.59754651e-10  -0.00044770844 
281170.663      374947.105      9.95400171e-10  -0.00079615088 
281170.663      374947.105      1.77009963e-09  -0.0014157789  
281170.663      374947.105      3.14773172e-09  -0.00251765064 
281170.663      374947.105      5.59754651e-09  -0.00447708648 
281170.663      374947.105      9.95400171e-09  -0.00796151089 
281170.663      374947.105      1.77009963e-08  -0.0141577911  
281170.663      374947.105      3.14773172e-08  -0.0251765087  
281170.663      374947.105      5.59754651e-08  -0.0447708674  
281170.663      374947.105      9.95400171e-08  -0.0796151128  
281170.663      374947.105      1.77009963e-07  -0.141577919   
281170.663      374947.105      3.14773172e-07  -0.251765108   
281170.663      374947.105      5.59754651e-07  -0.447708736   
281170.663      374947.105      9.95400171e-07  -0.796151319   
281170.663      374947.105      1.77009963e-06  -1.41577979    
281170.663      374947.105      3.14773172e-06  -2.51765296    
281170.663      374947.105      5.59754651e-06  -4.47709332    
281170.663      374947.105      9.95400171e-06  -7.96153202    
281170.663      374947.105      1.77009963e-05  -14.1578573    
281170.663      374947.105      3.14773172e-05  -25.1767168    
281170.663      374947.105      5.59754651e-05  -44.7715216    
281170.663      374947.105      9.95400171e-05  -79.6171603    
374947.105      500000          0               0.000395720332 
374947.105      500000          1.77009963e-10  0.000292201744 
374947.105      500000          3.14773172e-10  0.000211635358 
374947.105      500000          5.59754651e-10  6.83658139e-05 
374947.105      500000          9.95400171e-10  -0.000186407467
374947.105      500000          1.77009963e-09  -0.000639465547
374947.105      500000          3.14773172e-09  -0.0014451294  
374947.105      500000          5.59754651e-09  -0.00287782485 
374947.105      500000          9.95400171e-09  -0.00542555766 
374947.105      500000          1.77009963e-08  -0.00995613846 
374947.105      500000          3.14773172e-08  -0.018012777   
374947.105      500000          5.59754651e-08  -0.0323397315  
374947.105      500000          9.95400171e-08  -0.0578170596  
374947.105      500000          1.77009963e-07  -0.103122868   
374947.105      500000          3.14773172e-07  -0.183689253   
374947.105      500000          5.59754651e-07  -0.326958798   
374947.105      500000          9.95400171e-07  -0.58173208    
374947.105      500000          1.77009963e-06  -1.03479016    
374947.105      500000          3.14773172e-06  -1.84045402    
374947.105      500000          5.59754651e-06  -3.27314949    
374947.105      500000          9.95400171e-06  -5.82088237    
374947.105      500000          1.77009963e-05  -10.3514634    
374947.105      500000          3.14773172e-05  -18.4081027    
374947.105      500000          5.59754651e-05  -32.7350594    
374947.105      500000          9.95400171e-05  -58.2123946    
