### like_leo_IV.txt
#[0]emin(MeV) [1]emax(MeV) [2]eflux(MeV/cm^2/s) [3]deltaLogLike
500             666.760716      0               0.000518624867 
500             666.760716      1.77032958e-10  -0.00108167707 
500             666.760716      3.14814064e-10  -0.00233211585 
500             666.760716      5.59827369e-10  -0.00456645341 
500             666.760716      9.95529483e-10  -0.00857354643 
500             666.760716      1.77032958e-09  -0.0158059616  
500             666.760716      3.14814064e-09  -0.0290031687  
500             666.760716      5.59827369e-09  -0.0535260202  
500             666.760716      9.95529483e-09  -0.100426105   
500             666.760716      1.77032958e-08  -0.194003509   
500             666.760716      3.14814064e-08  -0.391365544   
500             666.760716      5.59827369e-08  -0.83408132    
500             666.760716      9.95529483e-08  -1.88281709    
500             666.760716      1.77032958e-07  -4.45334293    
500             666.760716      3.14814064e-07  -10.8042149    
500             666.760716      5.59827369e-07  -26.2675728    
500             666.760716      9.95529483e-07  -62.8577448    
500             666.760716      1.77032958e-06  -146.512326    
500             666.760716      3.14814064e-06  -331.15878     
500             666.760716      5.59827369e-06  -725.167682    
500             666.760716      9.95529483e-06  -1539.67282    
500             666.760716      1.77032958e-05  -3175.13104    
500             666.760716      3.14814064e-05  -6374.97879    
500             666.760716      5.59827369e-05  -12497.6136    
500             666.760716      9.95529483e-05  -23997.6879    
666.760716      889.139705      0               -0.0584500467  
666.760716      889.139705      1.77032958e-10  -0.0572599043  
666.760716      889.139705      3.14814064e-10  -0.0563420454  
666.760716      889.139705      5.59827369e-10  -0.0547279787  
666.760716      889.139705      9.95529483e-10  -0.0519149528  
666.760716      889.139705      1.77032958e-09  -0.047092835   
666.760716      889.139705      3.14814064e-09  -0.0390834349  
666.760716      889.139705      5.59827369e-09  -0.0266058555  
666.760716      889.139705      9.95529483e-09  -0.00987286261 
666.760716      889.139705      1.77032958e-08  0.00330006218  
666.760716      889.139705      3.14814064e-08  -0.0223418399  
666.760716      889.139705      5.59827369e-08  -0.207246147   
666.760716      889.139705      9.95529483e-08  -0.909168428   
666.760716      889.139705      1.77032958e-07  -3.08601392    
666.760716      889.139705      3.14814064e-07  -9.08933714    
666.760716      889.139705      5.59827369e-07  -24.2982572    
666.760716      889.139705      9.95529483e-07  -60.366792     
666.760716      889.139705      1.77032958e-06  -141.507661    
666.760716      889.139705      3.14814064e-06  -316.333013    
666.760716      889.139705      5.59827369e-06  -679.65043     
666.760716      889.139705      9.95529483e-06  -1411.9075     
666.760716      889.139705      1.77032958e-05  -2849.76802    
666.760716      889.139705      3.14814064e-05  -5611.52783    
666.760716      889.139705      5.59827369e-05  -10819.415     
666.760716      889.139705      9.95529483e-05  -20493.7131    
889.139705      1185.68685      0               0.002925672    
889.139705      1185.68685      1.77032958e-10  -0.00103291797 
889.139705      1185.68685      3.14814064e-10  -0.00412027115 
889.139705      1185.68685      5.59827369e-10  -0.00962440332 
889.139705      1185.68685      9.95529483e-10  -0.0194563202  
889.139705      1185.68685      1.77032958e-09  -0.0370789009  
889.139705      1185.68685      3.14814064e-09  -0.0688522441  
889.139705      1185.68685      5.59827369e-09  -0.126714169   
889.139705      1185.68685      9.95529483e-09  -0.233817156   
889.139705      1185.68685      1.77032958e-08  -0.43709435    
889.139705      1185.68685      3.14814064e-08  -0.836627089   
889.139705      1185.68685      5.59827369e-08  -1.65562192    
889.139705      1185.68685      9.95529483e-08  -3.40424455    
889.139705      1185.68685      1.77032958e-07  -7.24455976    
889.139705      1185.68685      3.14814064e-07  -15.7531015    
889.139705      1185.68685      5.59827369e-07  -34.4261486    
889.139705      1185.68685      9.95529483e-07  -74.5341184    
889.139705      1185.68685      1.77032958e-06  -158.400333    
889.139705      1185.68685      3.14814064e-06  -329.042513    
889.139705      1185.68685      5.59827369e-06  -667.697841    
889.139705      1185.68685      9.95529483e-06  -1325.48661    
889.139705      1185.68685      1.77032958e-05  -2580.11991    
889.139705      1185.68685      3.14814064e-05  -4936.80095    
889.139705      1185.68685      5.59827369e-05  -9307.34966    
889.139705      1185.68685      9.95529483e-05  -17328.2025    
1185.68685      1581.13883      0               -0.117610906   
1185.68685      1581.13883      1.77032958e-10  -0.115679372   
1185.68685      1581.13883      3.14814064e-10  -0.114188322   
1185.68685      1581.13883      5.59827369e-10  -0.111563175   
1185.68685      1581.13883      9.95529483e-10  -0.106977922   
1185.68685      1581.13883      1.77032958e-09  -0.099084577   
1185.68685      1581.13883      3.14814064e-09  -0.0858611583  
1185.68685      1581.13883      5.59827369e-09  -0.0648597872  
1185.68685      1581.13883      9.95529483e-09  -0.0351561767  
1185.68685      1581.13883      1.77032958e-08  -0.00495414162 
1185.68685      1581.13883      3.14814064e-08  -0.0154435681  
1185.68685      1581.13883      5.59827369e-08  -0.205676662   
1185.68685      1581.13883      9.95529483e-08  -0.968370515   
1185.68685      1581.13883      1.77032958e-07  -3.28578926    
1185.68685      1581.13883      3.14814064e-07  -9.39845713    
1185.68685      1581.13883      5.59827369e-07  -24.0748831    
1185.68685      1581.13883      9.95529483e-07  -56.9630017    
1185.68685      1581.13883      1.77032958e-06  -126.88583     
1185.68685      1581.13883      3.14814064e-06  -269.627272    
1185.68685      1581.13883      5.59827369e-06  -551.97073     
1185.68685      1581.13883      9.95529483e-06  -1096.87945    
1185.68685      1581.13883      1.77032958e-05  -2128.40913    
1185.68685      1581.13883      3.14814064e-05  -4051.53437    
1185.68685      1581.13883      5.59827369e-05  -7593.93254    
1185.68685      1581.13883      9.95529483e-05  -14057.9216    
1581.13883      2108.48252      0               -0.12606551    
1581.13883      2108.48252      1.77032958e-10  -0.122081791   
1581.13883      2108.48252      3.14814064e-10  -0.119036496   
1581.13883      2108.48252      5.59827369e-10  -0.113738848   
1581.13883      2108.48252      9.95529483e-10  -0.104683685   
1581.13883      2108.48252      1.77032958e-09  -0.089700464   
1581.13883      2108.48252      3.14814064e-09  -0.0664055255  
1581.13883      2108.48252      5.59827369e-09  -0.0346311327  
1581.13883      2108.48252      9.95529483e-09  -0.00436066797 
1581.13883      2108.48252      1.77032958e-08  -0.0161977502  
1581.13883      2108.48252      3.14814064e-08  -0.185370228   
1581.13883      2108.48252      5.59827369e-08  -0.784421029   
1581.13883      2108.48252      9.95529483e-08  -2.39042125    
1581.13883      2108.48252      1.77032958e-07  -6.15217372    
1581.13883      2108.48252      3.14814064e-07  -14.2915121    
1581.13883      2108.48252      5.59827369e-07  -31.057057     
1581.13883      2108.48252      9.95529483e-07  -64.5323963    
1581.13883      2108.48252      1.77032958e-06  -130.003899    
1581.13883      2108.48252      3.14814064e-06  -256.085579    
1581.13883      2108.48252      5.59827369e-06  -495.667876    
1581.13883      2108.48252      9.95529483e-06  -945.390398    
1581.13883      2108.48252      1.77032958e-05  -1780.30405    
1581.13883      2108.48252      3.14814064e-05  -3315.55604    
1581.13883      2108.48252      5.59827369e-05  -6116.03363    
1581.13883      2108.48252      9.95529483e-05  -11191.1994    
2108.48252      2811.70663      0               0.000540834573 
2108.48252      2811.70663      1.77032958e-10  -0.0044667832  
2108.48252      2811.70663      3.14814064e-10  -0.00837761436 
2108.48252      2811.70663      5.59827369e-10  -0.0153611438  
2108.48252      2811.70663      9.95529483e-10  -0.0278704336  
2108.48252      2811.70663      1.77032958e-09  -0.0503964577  
2108.48252      2811.70663      3.14814064e-09  -0.0913127807  
2108.48252      2811.70663      5.59827369e-09  -0.166633934   
2108.48252      2811.70663      9.95529483e-09  -0.30791095    
2108.48252      2811.70663      1.77032958e-08  -0.578904255   
2108.48252      2811.70663      3.14814064e-08  -1.10968486    
2108.48252      2811.70663      5.59827369e-08  -2.1623823     
2108.48252      2811.70663      9.95529483e-08  -4.25175738    
2108.48252      2811.70663      1.77032958e-07  -8.36454016    
2108.48252      2811.70663      3.14814064e-07  -16.3663715    
2108.48252      2811.70663      5.59827369e-07  -31.7638334    
2108.48252      2811.70663      9.95529483e-07  -61.1173113    
2108.48252      2811.70663      1.77032958e-06  -116.619066    
2108.48252      2811.70663      3.14814064e-06  -220.744092    
2108.48252      2811.70663      5.59827369e-06  -414.585378    
2108.48252      2811.70663      9.95529483e-06  -772.711626    
2108.48252      2811.70663      1.77032958e-05  -1429.54238    
2108.48252      2811.70663      3.14814064e-05  -2626.12177    
2108.48252      2811.70663      5.59827369e-05  -4793.19095    
2108.48252      2811.70663      9.95529483e-05  -8698.97877    
2811.70663      3749.47105      0               1.11881491e-08 
2811.70663      3749.47105      1.77032958e-10  -0.00689071929 
2811.70663      3749.47105      3.14814064e-10  -0.0122563706  
2811.70663      3749.47105      5.59827369e-10  -0.0218038999  
2811.70663      3749.47105      9.95529483e-10  -0.0388006566  
2811.70663      3749.47105      1.77032958e-09  -0.0690839475  
2811.70663      3749.47105      3.14814064e-09  -0.123117986   
2811.70663      3749.47105      5.59827369e-09  -0.219767177   
2811.70663      3749.47105      9.95529483e-09  -0.393340103   
2811.70663      3749.47105      1.77032958e-08  -0.707021169   
2811.70663      3749.47105      3.14814064e-08  -1.27895703    
2811.70663      3749.47105      5.59827369e-08  -2.33313684    
2811.70663      3749.47105      9.95529483e-08  -4.29687148    
2811.70663      3749.47105      1.77032958e-07  -7.98156002    
2811.70663      3749.47105      3.14814064e-07  -14.9095615    
2811.70663      3749.47105      5.59827369e-07  -27.9027949    
2811.70663      3749.47105      9.95529483e-07  -52.1499833    
2811.70663      3749.47105      1.77032958e-06  -97.1464584    
2811.70663      3749.47105      3.14814064e-06  -180.197821    
2811.70663      3749.47105      5.59827369e-06  -332.687993    
2811.70663      3749.47105      9.95529483e-06  -611.223791    
2811.70663      3749.47105      1.77032958e-05  -1117.41361    
2811.70663      3749.47105      3.14814064e-05  -2032.97509    
2811.70663      3749.47105      5.59827369e-05  -3682.11474    
2811.70663      3749.47105      9.95529483e-05  -6642.47806    
3749.47105      5000            0               3.44706496e-05 
3749.47105      5000            1.77032958e-10  -0.00378948168 
3749.47105      5000            3.14814064e-10  -0.00676736844 
3749.47105      5000            5.59827369e-10  -0.0120667321  
3749.47105      5000            9.95529483e-10  -0.021502619   
3749.47105      5000            1.77032958e-09  -0.0383204583  
3749.47105      5000            3.14814064e-09  -0.0683470223  
3749.47105      5000            5.59827369e-09  -0.122115607   
3749.47105      5000            9.95529483e-09  -0.218879775   
3749.47105      5000            1.77032958e-08  -0.394424208   
3749.47105      5000            3.14814064e-08  -0.716760355   
3749.47105      5000            5.59827369e-08  -1.31838921    
3749.47105      5000            9.95529483e-08  -2.462635      
3749.47105      5000            1.77032958e-07  -4.6765616     
3749.47105      5000            3.14814064e-07  -9.00641881    
3749.47105      5000            5.59827369e-07  -17.4874755    
3749.47105      5000            9.95529483e-07  -33.9785733    
3749.47105      5000            1.77032958e-06  -65.6249876    
3749.47105      5000            3.14814064e-06  -125.441943    
3749.47105      5000            5.59827369e-06  -236.919449    
3749.47105      5000            9.95529483e-06  -442.243142    
3749.47105      5000            1.77032958e-05  -816.950265    
3749.47105      5000            3.14814064e-05  -1496.02656    
3749.47105      5000            5.59827369e-05  -2720.32436    
3749.47105      5000            9.95529483e-05  -4919.06247    
5000            6667.60716      0               4.35294614e-05 
5000            6667.60716      1.77032958e-10  -0.00478426168 
5000            6667.60716      3.14814064e-10  -0.00854236722 
5000            6667.60716      5.59827369e-10  -0.0152269154  
5000            6667.60716      9.95529483e-10  -0.027118913   
5000            6667.60716      1.77032958e-09  -0.0482819512  
5000            6667.60716      3.14814064e-09  -0.0859651036  
5000            6667.60716      5.59827369e-09  -0.153129992   
5000            6667.60716      9.95529483e-09  -0.273041172   
5000            6667.60716      1.77032958e-08  -0.487705378   
5000            6667.60716      3.14814064e-08  -0.873612614   
5000            6667.60716      5.59827369e-08  -1.57144625    
5000            6667.60716      9.95529483e-08  -2.84217838    
5000            6667.60716      1.77032958e-07  -5.17121494    
5000            6667.60716      3.14814064e-07  -9.45693591    
5000            6667.60716      5.59827369e-07  -17.3474135    
5000            6667.60716      9.95529483e-07  -31.843259     
5000            6667.60716      1.77032958e-06  -58.3797481    
5000            6667.60716      3.14814064e-06  -106.764458    
5000            6667.60716      5.59827369e-06  -194.639234    
5000            6667.60716      9.95529483e-06  -353.648565    
5000            6667.60716      1.77032958e-05  -640.396232    
5000            6667.60716      3.14814064e-05  -1155.89799    
5000            6667.60716      5.59827369e-05  -2080.15122    
5000            6667.60716      9.95529483e-05  -3733.59927    
6667.60716      8891.39705      0               6.78255674e-09 
6667.60716      8891.39705      1.77032958e-10  -0.00417628998 
6667.60716      8891.39705      3.14814064e-10  -0.0074267539  
6667.60716      8891.39705      5.59827369e-10  -0.0132072855  
6667.60716      8891.39705      9.95529483e-10  -0.0234876288  
6667.60716      8891.39705      1.77032958e-09  -0.0417719284  
6667.60716      8891.39705      3.14814064e-09  -0.0742959054  
6667.60716      8891.39705      5.59827369e-09  -0.132162131   
6667.60716      8891.39705      9.95529483e-09  -0.235156833   
6667.60716      8891.39705      1.77032958e-08  -0.418597271   
6667.60716      8891.39705      3.14814064e-08  -0.745686096   
6667.60716      8891.39705      5.59827369e-08  -1.32998265    
6667.60716      8891.39705      9.95529483e-08  -2.37666571    
6667.60716      8891.39705      1.77032958e-07  -4.2588522     
6667.60716      8891.39705      3.14814064e-07  -7.65860748    
6667.60716      8891.39705      5.59827369e-07  -13.8242864    
6667.60716      8891.39705      9.95529483e-07  -25.0324809    
6667.60716      8891.39705      1.77032958e-06  -45.4107639    
6667.60716      8891.39705      3.14814064e-06  -82.4067114    
6667.60716      8891.39705      5.59827369e-06  -149.41611     
6667.60716      8891.39705      9.95529483e-06  -270.46852     
6667.60716      8891.39705      1.77032958e-05  -488.546438    
6667.60716      8891.39705      3.14814064e-05  -880.342233    
6667.60716      8891.39705      5.59827369e-05  -1582.46892    
6667.60716      8891.39705      9.95529483e-05  -2838.08026    
8891.39705      11856.8685      0               5.20617505e-09 
8891.39705      11856.8685      1.77032958e-10  -0.00320558847 
8891.39705      11856.8685      3.14814064e-10  -0.00570051872 
8891.39705      11856.8685      5.59827369e-10  -0.0101373805  
8891.39705      11856.8685      9.95529483e-10  -0.0180279254  
8891.39705      11856.8685      1.77032958e-09  -0.0320613031  
8891.39705      11856.8685      3.14814064e-09  -0.0570222013  
8891.39705      11856.8685      5.59827369e-09  -0.1014274     
8891.39705      11856.8685      9.95529483e-09  -0.180448036   
8891.39705      11856.8685      1.77032958e-08  -0.321143329   
8891.39705      11856.8685      3.14814064e-08  -0.57188044    
8891.39705      11856.8685      5.59827369e-08  -1.01941793    
8891.39705      11856.8685      9.95529483e-08  -1.82021229    
8891.39705      11856.8685      1.77032958e-07  -3.25844224    
8891.39705      11856.8685      3.14814064e-07  -5.85423663    
8891.39705      11856.8685      5.59827369e-07  -10.5640434    
8891.39705      11856.8685      9.95529483e-07  -19.1425969    
8891.39705      11856.8685      1.77032958e-06  -34.7787629    
8891.39705      11856.8685      3.14814064e-06  -63.2033791    
8891.39705      11856.8685      5.59827369e-06  -114.645539    
8891.39705      11856.8685      9.95529483e-06  -207.329262    
8891.39705      11856.8685      1.77032958e-05  -373.724318    
8891.39705      11856.8685      3.14814064e-05  -671.67385     
8891.39705      11856.8685      5.59827369e-05  -1204.16619    
8891.39705      11856.8685      9.95529483e-05  -2154.48046    
11856.8685      15811.3883      0               4.28121893e-09 
11856.8685      15811.3883      1.77032958e-10  -0.0026359919  
11856.8685      15811.3883      3.14814064e-10  -0.00468755092 
11856.8685      15811.3883      5.59827369e-10  -0.00833583381 
11856.8685      15811.3883      9.95529483e-10  -0.0148236195  
11856.8685      15811.3883      1.77032958e-09  -0.0263610921  
11856.8685      15811.3883      3.14814064e-09  -0.0468791328  
11856.8685      15811.3883      5.59827369e-09  -0.0833696984  
11856.8685      15811.3883      9.95529483e-09  -0.148271949   
11856.8685      15811.3883      1.77032958e-08  -0.263723418   
11856.8685      15811.3883      3.14814064e-08  -0.4691443     
11856.8685      15811.3883      5.59827369e-08  -0.834798313   
11856.8685      15811.3883      9.95529483e-08  -1.48612225    
11856.8685      15811.3883      1.77032958e-07  -2.64757534    
11856.8685      15811.3883      3.14814064e-07  -4.72204372    
11856.8685      15811.3883      5.59827369e-07  -8.43494531    
11856.8685      15811.3883      9.95529483e-07  -15.0947939    
11856.8685      15811.3883      1.77032958e-06  -27.0600391    
11856.8685      15811.3883      3.14814064e-06  -48.5689009    
11856.8685      15811.3883      5.59827369e-06  -87.2135454    
11856.8685      15811.3883      9.95529483e-06  -156.568695    
11856.8685      15811.3883      1.77032958e-05  -280.886269    
11856.8685      15811.3883      3.14814064e-05  -503.460226    
11856.8685      15811.3883      5.59827369e-05  -901.483109    
11856.8685      15811.3883      9.95529483e-05  -1612.41417    
15811.3883      21084.8252      0               3.22961569e-09 
15811.3883      21084.8252      1.77032958e-10  -0.00198849559 
15811.3883      21084.8252      3.14814064e-10  -0.00353611246 
15811.3883      21084.8252      5.59827369e-10  -0.00628822751 
15811.3883      21084.8252      9.95529483e-10  -0.0111823198  
15811.3883      21084.8252      1.77032958e-09  -0.0198855817  
15811.3883      21084.8252      3.14814064e-09  -0.0353630397  
15811.3883      21084.8252      5.59827369e-09  -0.0628882638  
15811.3883      21084.8252      9.95529483e-09  -0.111842046   
15811.3883      21084.8252      1.77032958e-08  -0.198915204   
15811.3883      21084.8252      3.14814064e-08  -0.353817289   
15811.3883      21084.8252      5.59827369e-08  -0.629468884   
15811.3883      21084.8252      9.95529483e-08  -1.12024847    
15811.3883      21084.8252      1.77032958e-07  -1.99479333    
15811.3883      21084.8252      3.14814064e-07  -3.55528098    
15811.3883      21084.8252      5.59827369e-07  -6.34512865    
15811.3883      21084.8252      9.95529483e-07  -11.3449336    
15811.3883      21084.8252      1.77032958e-06  -20.3266069    
15811.3883      21084.8252      3.14814064e-06  -36.4847904    
15811.3883      21084.8252      5.59827369e-06  -65.5507687    
15811.3883      21084.8252      9.95529483e-06  -117.758676    
15811.3883      21084.8252      1.77032958e-05  -211.336722    
15811.3883      21084.8252      3.14814064e-05  -378.720753    
15811.3883      21084.8252      5.59827369e-05  -677.606494    
15811.3883      21084.8252      9.95529483e-05  -1210.60431    
21084.8252      28117.0663      0               2.59558419e-09 
21084.8252      28117.0663      1.77032958e-10  -0.0015981008  
21084.8252      28117.0663      3.14814064e-10  -0.00284187328 
21084.8252      28117.0663      5.59827369e-10  -0.00505365154 
21084.8252      28117.0663      9.95529483e-10  -0.0089868216  
21084.8252      28117.0663      1.77032958e-09  -0.0159811296  
21084.8252      28117.0663      3.14814064e-09  -0.0284190666  
21084.8252      28117.0663      5.59827369e-09  -0.05053752    
21084.8252      28117.0663      9.95529483e-09  -0.0898713396  
21084.8252      28117.0663      1.77032958e-08  -0.159821108   
21084.8252      28117.0663      3.14814064e-08  -0.284221564   
21084.8252      28117.0663      5.59827369e-08  -0.5054724     
21084.8252      28117.0663      9.95529483e-08  -0.899018188   
21084.8252      28117.0663      1.77032958e-07  -1.59916096    
21084.8252      28117.0663      3.14814064e-07  -2.84514427    
21084.8252      28117.0663      5.59827369e-07  -5.06359157    
21084.8252      28117.0663      9.95529483e-07  -9.01625725    
21084.8252      28117.0663      1.77032958e-06  -16.0649356    
21084.8252      28117.0663      3.14814064e-06  -28.6450788    
21084.8252      28117.0663      5.59827369e-06  -51.1078615    
21084.8252      28117.0663      9.95529483e-06  -91.2112668    
21084.8252      28117.0663      1.77032958e-05  -162.762472    
21084.8252      28117.0663      3.14814064e-05  -290.314858    
21084.8252      28117.0663      5.59827369e-05  -517.529822    
21084.8252      28117.0663      9.95529483e-05  -922.059447    
28117.0663      37494.7105      0               1.8777655e-09  
28117.0663      37494.7105      1.77032958e-10  -0.00115615004 
28117.0663      37494.7105      3.14814064e-10  -0.00205596569 
28117.0663      37494.7105      5.59827369e-10  -0.0036561032  
28117.0663      37494.7105      9.95529483e-10  -0.00650163862 
28117.0663      37494.7105      1.77032958e-09  -0.0115619342  
28117.0663      37494.7105      3.14814064e-09  -0.0205609915  
28117.0663      37494.7105      5.59827369e-09  -0.0365652119  
28117.0663      37494.7105      9.95529483e-09  -0.0650295461  
28117.0663      37494.7105      1.77032958e-08  -0.1156608     
28117.0663      37494.7105      3.14814064e-08  -0.205740307   
28117.0663      37494.7105      5.59827369e-08  -0.366060689   
28117.0663      37494.7105      9.95529483e-08  -0.651567021   
28117.0663      37494.7105      1.77032958e-07  -1.16051934    
28117.0663      37494.7105      3.14814064e-07  -2.06920168    
28117.0663      37494.7105      5.59827369e-07  -3.69510468    
28117.0663      37494.7105      9.95529483e-07  -6.61193571    
28117.0663      37494.7105      1.77032958e-06  -11.8571444    
28117.0663      37494.7105      3.14814064e-06  -21.3010973    
28117.0663      37494.7105      5.59827369e-06  -38.2980572    
28117.0663      37494.7105      9.95529483e-06  -68.8358729    
28117.0663      37494.7105      1.77032958e-05  -123.575345    
28117.0663      37494.7105      3.14814064e-05  -221.473947    
28117.0663      37494.7105      5.59827369e-05  -396.229276    
28117.0663      37494.7105      9.95529483e-05  -707.742575    
37494.7105      50000           0               1.50131996e-09 
37494.7105      50000           1.77032958e-10  -0.000924362214
37494.7105      50000           3.14814064e-10  -0.00164377658 
37494.7105      50000           5.59827369e-10  -0.00292309875 
37494.7105      50000           9.95529483e-10  -0.00519809868 
37494.7105      50000           1.77032958e-09  -0.00924370841 
37494.7105      50000           3.14814064e-09  -0.0164380093  
37494.7105      50000           5.59827369e-09  -0.0292317282  
37494.7105      50000           9.95529483e-09  -0.0519832982  
37494.7105      50000           1.77032958e-08  -0.0924443546  
37494.7105      50000           3.14814064e-08  -0.164403003   
37494.7105      50000           5.59827369e-08  -0.292389407   
37494.7105      50000           9.95529483e-08  -0.520059407   
37494.7105      50000           1.77032958e-07  -0.925150575   
37494.7105      50000           3.14814064e-07  -1.64621719    
37494.7105      50000           5.59827369e-07  -2.93055325    
37494.7105      50000           9.95529483e-07  -5.22034822    
37494.7105      50000           1.77032958e-06  -9.30778512    
37494.7105      50000           3.14814064e-06  -16.6134448    
37494.7105      50000           5.59827369e-06  -29.682265     
37494.7105      50000           9.95529483e-06  -53.060609     
37494.7105      50000           1.77032958e-05  -94.8460211    
37494.7105      50000           3.14814064e-05  -169.437088    
37494.7105      50000           5.59827369e-05  -302.427619    
37494.7105      50000           9.95529483e-05  -539.320153    
50000           66676.0716      0               1.07814913e-09 
50000           66676.0716      1.77032958e-10  -0.00066382831 
50000           66676.0716      3.14814064e-10  -0.00118047535 
50000           66676.0716      5.59827369e-10  -0.00209922308 
50000           66676.0716      9.95529483e-10  -0.00373302892 
50000           66676.0716      1.77032958e-09  -0.00663844171 
50000           66676.0716      3.14814064e-09  -0.0118052339  
50000           66676.0716      5.59827369e-09  -0.0209937282  
50000           66676.0716      9.95529483e-09  -0.0373349986  
50000           66676.0716      1.77032958e-08  -0.066399261   
50000           66676.0716      3.14814064e-08  -0.118099106   
50000           66676.0716      5.59827369e-08  -0.210084302   
50000           66676.0716      9.95529483e-08  -0.373810178   
50000           66676.0716      1.77032958e-07  -0.66542215    
50000           66676.0716      3.14814064e-07  -1.18537418    
50000           66676.0716      5.59827369e-07  -2.11399383    
50000           66676.0716      9.95529483e-07  -3.77622307    
50000           66676.0716      1.77032958e-06  -6.75921588    
50000           66676.0716      3.14814064e-06  -12.123478     
50000           66676.0716      5.59827369e-06  -21.7760655    
50000           66676.0716      9.95529483e-06  -39.125734     
50000           66676.0716      1.77032958e-05  -70.2397994    
50000           66676.0716      3.14814064e-05  -125.90289     
50000           66676.0716      5.59827369e-05  -225.288982    
50000           66676.0716      9.95529483e-05  -402.503621    
66676.0716      88913.9705      0               8.6839691e-10  
66676.0716      88913.9705      1.77032958e-10  -0.00053467294 
66676.0716      88913.9705      3.14814064e-10  -0.00095079858 
66676.0716      88913.9705      5.59827369e-10  -0.00169078629 
66676.0716      88913.9705      9.95529483e-10  -0.00300669137 
66676.0716      88913.9705      1.77032958e-09  -0.0053467388  
66676.0716      88913.9705      3.14814064e-09  -0.00950799863 
66676.0716      88913.9705      5.59827369e-09  -0.0169078866  
66676.0716      88913.9705      9.95529483e-09  -0.0300669717  
66676.0716      88913.9705      1.77032958e-08  -0.0534675544  
66676.0716      88913.9705      3.14814064e-08  -0.0950804956  
66676.0716      88913.9705      5.59827369e-08  -0.169080459   
66676.0716      88913.9705      9.95529483e-08  -0.300674731   
66676.0716      88913.9705      1.77032958e-07  -0.534691354   
66676.0716      88913.9705      3.14814064e-07  -0.950854765   
66676.0716      88913.9705      5.59827369e-07  -1.69096114    
66676.0716      88913.9705      9.95529483e-07  -3.0072372     
66676.0716      88913.9705      1.77032958e-06  -5.34843449    
66676.0716      88913.9705      3.14814064e-06  -9.51320661    
66676.0716      88913.9705      5.59827369e-06  -16.9235681    
66676.0716      88913.9705      9.95529483e-06  -30.1127318    
66676.0716      88913.9705      1.77032958e-05  -53.5951211    
66676.0716      88913.9705      3.14814064e-05  -95.4153758    
66676.0716      88913.9705      5.59827369e-05  -169.900253    
66676.0716      88913.9705      9.95529483e-05  -302.543407    
88913.9705      118568.685      0               6.5475092e-10  
88913.9705      118568.685      1.77032958e-10  -0.00040313469 
88913.9705      118568.685      3.14814064e-10  -0.000716886629
88913.9705      118568.685      5.59827369e-10  -0.00127482524 
88913.9705      118568.685      9.95529483e-10  -0.00226699599 
88913.9705      118568.685      1.77032958e-09  -0.00403135282 
88913.9705      118568.685      3.14814064e-09  -0.00716887227 
88913.9705      118568.685      5.59827369e-09  -0.0127482586  
88913.9705      118568.685      9.95529483e-09  -0.0226699668  
88913.9705      118568.685      1.77032958e-08  -0.040313537   
88913.9705      118568.685      3.14814064e-08  -0.0716887379  
88913.9705      118568.685      5.59827369e-08  -0.127482621   
88913.9705      118568.685      9.95529483e-08  -0.226699766   
88913.9705      118568.685      1.77032958e-07  -0.403135669   
88913.9705      118568.685      3.14814064e-07  -0.71688831    
88913.9705      118568.685      5.59827369e-07  -1.27482914    
88913.9705      118568.685      9.95529483e-07  -2.2670069     
88913.9705      118568.685      1.77032958e-06  -4.03138584    
88913.9705      118568.685      3.14814064e-06  -7.16897493    
88913.9705      118568.685      5.59827369e-06  -12.7485799    
88913.9705      118568.685      9.95529483e-06  -22.6709705    
88913.9705      118568.685      1.77032958e-05  -40.3166512    
88913.9705      118568.685      3.14814064e-05  -71.6982748    
88913.9705      118568.685      5.59827369e-05  -127.511207    
88913.9705      118568.685      9.95529483e-05  -226.782687    
118568.685      158113.883      0               7.97346946e-06 
118568.685      158113.883      1.77032958e-10  -0.000286805187
118568.685      158113.883      3.14814064e-10  -0.000516225363
118568.685      158113.883      5.59827369e-10  -0.000924198575
118568.685      158113.883      9.95529483e-10  -0.00164968905 
118568.685      158113.883      1.77032958e-09  -0.0029398142  
118568.685      158113.883      3.14814064e-09  -0.00523401835 
118568.685      158113.883      5.59827369e-09  -0.00931375802 
118568.685      158113.883      9.95529483e-09  -0.0165686867  
118568.685      158113.883      1.77032958e-08  -0.0294700137  
118568.685      158113.883      3.14814064e-08  -0.0524122938  
118568.685      158113.883      5.59827369e-08  -0.0932104449  
118568.685      158113.883      9.95529483e-08  -0.165762115   
118568.685      158113.883      1.77032958e-07  -0.294782907   
118568.685      158113.883      3.14814064e-07  -0.524229421   
118568.685      158113.883      5.59827369e-07  -0.932285489   
118568.685      158113.883      9.95529483e-07  -1.6580356     
118568.685      158113.883      1.77032958e-06  -2.9489687     
118568.685      158113.883      3.14814064e-06  -5.24565764    
118568.685      158113.883      5.59827369e-06  -9.33289022    
118568.685      158113.883      9.95529483e-06  -16.6097162    
118568.685      158113.883      1.77032958e-05  -29.5721211    
118568.685      158113.883      3.14814064e-05  -52.6743979    
118568.685      158113.883      5.59827369e-05  -93.8616412    
118568.685      158113.883      9.95529483e-05  -167.290207    
158113.883      210848.252      0               3.65117714e-10 
158113.883      210848.252      1.77032958e-10  -0.000224805407
158113.883      210848.252      3.14814064e-10  -0.000399767111
158113.883      210848.252      5.59827369e-10  -0.000710897907
158113.883      210848.252      9.95529483e-10  -0.0012641754  
158113.883      210848.252      1.77032958e-09  -0.00224805736 
158113.883      210848.252      3.14814064e-09  -0.0039976744  
158113.883      210848.252      5.59827369e-09  -0.00710898236 
158113.883      210848.252      9.95529483e-09  -0.0126417572  
158113.883      210848.252      1.77032958e-08  -0.0224805769  
158113.883      210848.252      3.14814064e-08  -0.0399767473  
158113.883      210848.252      5.59827369e-08  -0.0710898269  
158113.883      210848.252      9.95529483e-08  -0.126417576   
158113.883      210848.252      1.77032958e-07  -0.224805772   
158113.883      210848.252      3.14814064e-07  -0.399767476   
158113.883      210848.252      5.59827369e-07  -0.710898272   
158113.883      210848.252      9.95529483e-07  -1.26417576    
158113.883      210848.252      1.77032958e-06  -2.24805772    
158113.883      210848.252      3.14814064e-06  -3.99767476    
158113.883      210848.252      5.59827369e-06  -7.10898272    
158113.883      210848.252      9.95529483e-06  -12.6417576    
158113.883      210848.252      1.77032958e-05  -22.4805772    
158113.883      210848.252      3.14814064e-05  -39.9767476    
158113.883      210848.252      5.59827369e-05  -71.0898272    
158113.883      210848.252      9.95529483e-05  -126.417576    
210848.252      281170.663      0               4.69417659e-05 
210848.252      281170.663      1.77032958e-10  -0.000121012571
210848.252      281170.663      3.14814064e-10  -0.000251727972
210848.252      281170.663      5.59827369e-10  -0.00048417648 
210848.252      281170.663      9.95529483e-10  -0.000897534875
210848.252      281170.663      1.77032958e-09  -0.0016326016  
210848.252      281170.663      3.14814064e-09  -0.00293975562 
210848.252      281170.663      5.59827369e-09  -0.0052642407  
210848.252      281170.663      9.95529483e-09  -0.00939782465 
210848.252      281170.663      1.77032958e-08  -0.0167484919  
210848.252      281170.663      3.14814064e-08  -0.0298200321  
210848.252      281170.663      5.59827369e-08  -0.0530648828  
210848.252      281170.663      9.95529483e-08  -0.0944007224  
210848.252      281170.663      1.77032958e-07  -0.167907395   
210848.252      281170.663      3.14814064e-07  -0.298622797   
210848.252      281170.663      5.59827369e-07  -0.531071305   
210848.252      281170.663      9.95529483e-07  -0.9444297     
210848.252      281170.663      1.77032958e-06  -1.67949642    
210848.252      281170.663      3.14814064e-06  -2.98665045    
210848.252      281170.663      5.59827369e-06  -5.31113554    
210848.252      281170.663      9.95529483e-06  -9.44471954    
210848.252      281170.663      1.77032958e-05  -16.7953869    
210848.252      281170.663      3.14814064e-05  -29.8669276    
210848.252      281170.663      5.59827369e-05  -53.1117798    
210848.252      281170.663      9.95529483e-05  -94.4476238    
281170.663      374947.105      0               2.02732053e-10 
281170.663      374947.105      1.77032958e-10  -0.000124815952
281170.663      374947.105      3.14814064e-10  -0.000221957795
281170.663      374947.105      5.59827369e-10  -0.000394703135
281170.663      374947.105      9.95529483e-10  -0.000701892616
281170.663      374947.105      1.77032958e-09  -0.00124816134 
281170.663      374947.105      3.14814064e-09  -0.00221957978 
281170.663      374947.105      5.59827369e-09  -0.00394703318 
281170.663      374947.105      9.95529483e-09  -0.00701892798 
281170.663      374947.105      1.77032958e-08  -0.0124816153  
281170.663      374947.105      3.14814064e-08  -0.0221957996  
281170.663      374947.105      5.59827369e-08  -0.0394703336  
281170.663      374947.105      9.95529483e-08  -0.0701892817  
281170.663      374947.105      1.77032958e-07  -0.124816155   
281170.663      374947.105      3.14814064e-07  -0.221957998   
281170.663      374947.105      5.59827369e-07  -0.394703338   
281170.663      374947.105      9.95529483e-07  -0.701892819   
281170.663      374947.105      1.77032958e-06  -1.24816155    
281170.663      374947.105      3.14814064e-06  -2.21957998    
281170.663      374947.105      5.59827369e-06  -3.94703338    
281170.663      374947.105      9.95529483e-06  -7.01892819    
281170.663      374947.105      1.77032958e-05  -12.4816155    
281170.663      374947.105      3.14814064e-05  -22.1957998    
281170.663      374947.105      5.59827369e-05  -39.4703338    
281170.663      374947.105      9.95529483e-05  -70.189282     
374947.105      500000          0               7.71246194e-05 
374947.105      500000          1.77032958e-10  -1.38793558e-05
374947.105      500000          3.14814064e-10  -8.4705876e-05 
374947.105      500000          5.59827369e-10  -0.000210655218
374947.105      500000          9.95529483e-10  -0.000434628341
374947.105      500000          1.77032958e-09  -0.000832915133
374947.105      500000          3.14814064e-09  -0.00154118033 
374947.105      500000          5.59827369e-09  -0.00280067376 
374947.105      500000          9.95529483e-09  -0.00504040498 
374947.105      500000          1.77032958e-08  -0.0090232729  
374947.105      500000          3.14814064e-08  -0.0161059249  
374947.105      500000          5.59827369e-08  -0.0287008592  
374947.105      500000          9.95529483e-08  -0.0510981714  
374947.105      500000          1.77032958e-07  -0.0909268506  
374947.105      500000          3.14814064e-07  -0.161753371   
374947.105      500000          5.59827369e-07  -0.287702713   
374947.105      500000          9.95529483e-07  -0.511675836   
374947.105      500000          1.77032958e-06  -0.909962628   
374947.105      500000          3.14814064e-06  -1.61822783    
374947.105      500000          5.59827369e-06  -2.87772126    
374947.105      500000          9.95529483e-06  -5.1174525     
374947.105      500000          1.77032958e-05  -9.10032046    
374947.105      500000          3.14814064e-05  -16.1829726    
374947.105      500000          5.59827369e-05  -28.7779073    
374947.105      500000          9.95529483e-05  -51.175221     
