### like_coma_berenices.txt
#[0]emin(MeV) [1]emax(MeV) [2]eflux(MeV/cm^2/s) [3]deltaLogLike
500             666.760716      0               0.0074801634   
500             666.760716      1.76749387e-10  0.00627853981  
500             666.760716      3.14309796e-10  0.00533735285  
500             666.760716      5.58930639e-10  0.00365072781  
500             666.760716      9.93934847e-10  0.000610618419 
500             666.760716      1.76749387e-09  -0.00492420852 
500             666.760716      3.14309796e-09  -0.0151712223  
500             666.760716      5.58930639e-09  -0.034659731   
500             666.760716      9.93934847e-09  -0.0732507496  
500             666.760716      1.76749387e-08  -0.153948091   
500             666.760716      3.14309796e-08  -0.333720991   
500             666.760716      5.58930639e-08  -0.758937234   
500             666.760716      9.93934847e-08  -1.80844959    
500             666.760716      1.76749387e-07  -4.44467725    
500             666.760716      3.14309796e-07  -11.028692     
500             666.760716      5.58930639e-07  -27.1208971    
500             666.760716      9.93934847e-07  -65.2800221    
500             666.760716      1.76749387e-06  -152.730383    
500             666.760716      3.14309796e-06  -346.270744    
500             666.760716      5.58930639e-06  -760.418052    
500             666.760716      9.93934847e-06  -1619.19223    
500             666.760716      1.76749387e-05  -3349.5716     
500             666.760716      3.14309796e-05  -6748.36916    
500             666.760716      5.58930639e-05  -13278.9163    
500             666.760716      9.93934847e-05  -25597.5608    
666.760716      889.139705      0               5.90080163e-09 
666.760716      889.139705      1.76749387e-10  -0.0036394979  
666.760716      889.139705      3.14309796e-10  -0.00648120233 
666.760716      889.139705      5.58930639e-10  -0.0115542923  
666.760716      889.139705      9.93934847e-10  -0.0206378883  
666.760716      889.139705      1.76749387e-09  -0.0369866281  
666.760716      889.139705      3.14309796e-09  -0.066671049   
666.760716      889.139705      5.58930639e-09  -0.121356676   
666.760716      889.139705      9.93934847e-09  -0.224413405   
666.760716      889.139705      1.76749387e-08  -0.425061976   
666.760716      889.139705      3.14309796e-08  -0.83207613    
666.760716      889.139705      5.58930639e-08  -1.6936114     
666.760716      889.139705      9.93934847e-08  -3.57947263    
666.760716      889.139705      1.76749387e-07  -7.77742157    
666.760716      889.139705      3.14309796e-07  -17.1231393    
666.760716      889.139705      5.58930639e-07  -37.7043462    
666.760716      889.139705      9.93934847e-07  -82.2984178    
666.760716      889.139705      1.76749387e-06  -177.113838    
666.760716      889.139705      3.14309796e-06  -374.568272    
666.760716      889.139705      5.58930639e-06  -776.813573    
666.760716      889.139705      9.93934847e-06  -1578.25444    
666.760716      889.139705      1.76749387e-05  -3141.69455    
666.760716      889.139705      3.14309796e-05  -6134.13439    
666.760716      889.139705      5.58930639e-05  -11768.4813    
666.760716      889.139705      9.93934847e-05  -22233.3475    
889.139705      1185.68685      0               0.00357447335  
889.139705      1185.68685      1.76749387e-10  0.00216829474  
889.139705      1185.68685      3.14309796e-10  0.00106501427  
889.139705      1185.68685      5.58930639e-10  -0.000916093672
889.139705      1185.68685      9.93934847e-10  -0.00449950552 
889.139705      1185.68685      1.76749387e-09  -0.0110620584  
889.139705      1185.68685      3.14309796e-09  -0.0233286738  
889.139705      1185.68685      5.58930639e-09  -0.0470009148  
889.139705      1185.68685      9.93934847e-09  -0.0948250023  
889.139705      1185.68685      1.76749387e-08  -0.197198691   
889.139705      1185.68685      3.14309796e-08  -0.430122889   
889.139705      1185.68685      5.58930639e-08  -0.9870047     
889.139705      1185.68685      9.93934847e-08  -2.35261182    
889.139705      1185.68685      1.76749387e-07  -5.69253847    
889.139705      1185.68685      3.14309796e-07  -13.6605553    
889.139705      1185.68685      5.58930639e-07  -31.9830741    
889.139705      1185.68685      9.93934847e-07  -72.4808461    
889.139705      1185.68685      1.76749387e-06  -158.747835    
889.139705      1185.68685      3.14309796e-06  -336.679221    
889.139705      1185.68685      5.58930639e-06  -693.678246    
889.139705      1185.68685      9.93934847e-06  -1393.18399    
889.139705      1185.68685      1.76749387e-05  -2736.17346    
889.139705      1185.68685      3.14309796e-05  -5270.42528    
889.139705      1185.68685      5.58930639e-05  -9984.80487    
889.139705      1185.68685      9.93934847e-05  -18654.9657    
1185.68685      1581.13883      0               -0.225402181   
1185.68685      1581.13883      1.76749387e-10  -0.221977686   
1185.68685      1581.13883      3.14309796e-10  -0.219334077   
1185.68685      1581.13883      5.58930639e-10  -0.214679488   
1185.68685      1581.13883      9.93934847e-10  -0.206548285   
1185.68685      1581.13883      1.76749387e-09  -0.192544506   
1185.68685      1581.13883      3.14309796e-09  -0.169051733   
1185.68685      1581.13883      5.58930639e-09  -0.13156671    
1185.68685      1581.13883      9.93934847e-09  -0.0776312981  
1185.68685      1581.13883      1.76749387e-08  -0.0179137183  
1185.68685      1581.13883      3.14309796e-08  -0.00873016432 
1185.68685      1581.13883      5.58930639e-08  -0.233240113   
1185.68685      1581.13883      9.93934847e-08  -1.18158502    
1185.68685      1581.13883      1.76749387e-07  -4.02216522    
1185.68685      1581.13883      3.14309796e-07  -11.3337008    
1185.68685      1581.13883      5.58930639e-07  -28.4902715    
1185.68685      1581.13883      9.93934847e-07  -66.1932211    
1185.68685      1581.13883      1.76749387e-06  -145.049699    
1185.68685      1581.13883      3.14309796e-06  -303.886345    
1185.68685      1581.13883      5.58930639e-06  -614.861943    
1185.68685      1581.13883      9.93934847e-06  -1210.76657    
1185.68685      1581.13883      1.76749387e-05  -2333.87091    
1185.68685      1581.13883      3.14309796e-05  -4422.74606    
1185.68685      1581.13883      5.58930639e-05  -8266.35552    
1185.68685      1581.13883      9.93934847e-05  -15277.9872    
1581.13883      2108.48252      0               7.53504892e-05 
1581.13883      2108.48252      1.76749387e-10  -0.00202180984 
1581.13883      2108.48252      3.14309796e-10  -0.00366523911 
1581.13883      2108.48252      5.58930639e-10  -0.00661196407 
1581.13883      2108.48252      9.93934847e-10  -0.0119283659  
1581.13883      2108.48252      1.76749387e-09  -0.021621596   
1581.13883      2108.48252      3.14309796e-09  -0.0396036598  
1581.13883      2108.48252      5.58930639e-09  -0.0738735141  
1581.13883      2108.48252      9.93934847e-09  -0.141736848   
1581.13883      2108.48252      1.76749387e-08  -0.282662556   
1581.13883      2108.48252      3.14309796e-08  -0.589654887   
1581.13883      2108.48252      5.58930639e-08  -1.28207176    
1581.13883      2108.48252      9.93934847e-08  -2.86193226    
1581.13883      2108.48252      1.76749387e-07  -6.42443896    
1581.13883      2108.48252      3.14309796e-07  -14.2471048    
1581.13883      2108.48252      5.58930639e-07  -30.8908166    
1581.13883      2108.48252      9.93934847e-07  -65.2314371    
1581.13883      2108.48252      1.76749387e-06  -134.138308    
1581.13883      2108.48252      3.14309796e-06  -269.067756    
1581.13883      2108.48252      5.58930639e-06  -527.874698    
1581.13883      2108.48252      9.93934847e-06  -1015.93459    
1581.13883      2108.48252      1.76749387e-05  -1923.75516    
1581.13883      2108.48252      3.14309796e-05  -3593.80962    
1581.13883      2108.48252      5.58930639e-05  -6639.38907    
1581.13883      2108.48252      9.93934847e-05  -12156.2106    
2108.48252      2811.70663      0               -0.0016658915  
2108.48252      2811.70663      1.76749387e-10  -0.0011993885  
2108.48252      2811.70663      3.14309796e-10  -0.000876996916
2108.48252      2811.70663      5.58930639e-10  -0.000390433392
2108.48252      2811.70663      9.93934847e-10  0.00020598871  
2108.48252      2811.70663      1.76749387e-09  0.000445841377 
2108.48252      2811.70663      3.14309796e-09  -0.00157091251 
2108.48252      2811.70663      5.58930639e-09  -0.012137677   
2108.48252      2811.70663      9.93934847e-09  -0.0496553479  
2108.48252      2811.70663      1.76749387e-08  -0.162392475   
2108.48252      2811.70663      3.14309796e-08  -0.464496175   
2108.48252      2811.70663      5.58930639e-08  -1.2032064     
2108.48252      2811.70663      9.93934847e-08  -2.88414257    
2108.48252      2811.70663      1.76749387e-07  -6.51244124    
2108.48252      2811.70663      3.14309796e-07  -14.0554159    
2108.48252      2811.70663      5.58930639e-07  -29.3033437    
2108.48252      2811.70663      9.93934847e-07  -59.4286753    
2108.48252      2811.70663      1.76749387e-06  -117.781415    
2108.48252      2811.70663      3.14309796e-06  -228.907926    
2108.48252      2811.70663      5.58930639e-06  -437.566713    
2108.48252      2811.70663      9.93934847e-06  -824.846662    
2108.48252      2811.70663      1.76749387e-05  -1536.84389    
2108.48252      2811.70663      3.14309796e-05  -2835.59604    
2108.48252      2811.70663      5.58930639e-05  -5189.56612    
2108.48252      2811.70663      9.93934847e-05  -9434.48298    
2811.70663      3749.47105      0               0.000705992393 
2811.70663      3749.47105      1.76749387e-10  -0.00488982692 
2811.70663      3749.47105      3.14309796e-10  -0.00924903846 
2811.70663      3749.47105      5.58930639e-10  -0.017009776   
2811.70663      3749.47105      9.93934847e-10  -0.0308383791  
2811.70663      3749.47105      1.76749387e-09  -0.0555169027  
2811.70663      3749.47105      3.14309796e-09  -0.0996750455  
2811.70663      3749.47105      5.58930639e-09  -0.179043905   
2811.70663      3749.47105      9.93934847e-09  -0.322747214   
2811.70663      3749.47105      1.76749387e-08  -0.585866176   
2811.70663      3749.47105      3.14309796e-08  -1.07515424    
2811.70663      3749.47105      5.58930639e-08  -2.00165187    
2811.70663      3749.47105      9.93934847e-08  -3.78464808    
2811.70663      3749.47105      1.76749387e-07  -7.24570754    
2811.70663      3749.47105      3.14309796e-07  -13.9561106    
2811.70663      3749.47105      5.58930639e-07  -26.860788     
2811.70663      3749.47105      9.93934847e-07  -51.4239558    
2811.70663      3749.47105      1.76749387e-06  -97.7373823    
2811.70663      3749.47105      3.14309796e-06  -184.342924    
2811.70663      3749.47105      5.58930639e-06  -345.071893    
2811.70663      3749.47105      9.93934847e-06  -641.20968     
2811.70663      3749.47105      1.76749387e-05  -1183.09493    
2811.70663      3749.47105      3.14309796e-05  -2168.45835    
2811.70663      3749.47105      5.58930639e-05  -3950.49426    
2811.70663      3749.47105      9.93934847e-05  -7158.8066     
3749.47105      5000            0               7.30688043e-09 
3749.47105      5000            1.76749387e-10  -0.00450000623 
3749.47105      5000            3.14309796e-10  -0.00800384463 
3749.47105      5000            5.58930639e-10  -0.014238039   
3749.47105      5000            9.93934847e-10  -0.0253348771  
3749.47105      5000            1.76749387e-09  -0.0451018539  
3749.47105      5000            3.14309796e-09  -0.0803588822  
3749.47105      5000            5.58930639e-09  -0.143386263   
3749.47105      5000            9.93934847e-09  -0.256489466   
3749.47105      5000            1.76749387e-08  -0.460734524   
3749.47105      5000            3.14309796e-08  -0.833185619   
3749.47105      5000            5.58930639e-08  -1.52183189    
3749.47105      5000            9.93934847e-08  -2.81694465    
3749.47105      5000            1.76749387e-07  -5.29406281    
3749.47105      5000            3.14309796e-07  -10.0889398    
3749.47105      5000            5.58930639e-07  -19.4038124    
3749.47105      5000            9.93934847e-07  -37.4132189    
3749.47105      5000            1.76749387e-06  -71.866905     
3749.47105      5000            3.14309796e-06  -136.931914    
3749.47105      5000            5.58930639e-06  -258.262642    
3749.47105      5000            9.93934847e-06  -482.052975    
3749.47105      5000            1.76749387e-05  -891.131618    
3749.47105      5000            3.14309796e-05  -1633.51163    
3749.47105      5000            5.58930639e-05  -2973.08976    
3749.47105      5000            9.93934847e-05  -5379.83405    
5000            6667.60716      0               5.75755621e-09 
5000            6667.60716      1.76749387e-10  -0.00354655387 
5000            6667.60716      3.14309796e-10  -0.00630883556 
5000            6667.60716      5.58930639e-10  -0.0112254035  
5000            6667.60716      9.93934847e-10  -0.0199824868  
5000            6667.60716      1.76749387e-09  -0.0355991848  
5000            6667.60716      3.14309796e-09  -0.0635081299  
5000            6667.60716      5.58930639e-09  -0.113566253   
5000            6667.60716      9.93934847e-09  -0.20389216    
5000            6667.60716      1.76749387e-08  -0.368417407   
5000            6667.60716      3.14309796e-08  -0.672150045   
5000            6667.60716      5.58930639e-08  -1.24223517    
5000            6667.60716      9.93934847e-08  -2.32941601    
5000            6667.60716      1.76749387e-07  -4.42277189    
5000            6667.60716      3.14309796e-07  -8.45299145    
5000            6667.60716      5.58930639e-07  -16.1512828    
5000            6667.60716      9.93934847e-07  -30.703176     
5000            6667.60716      1.76749387e-06  -57.9504864    
5000            6667.60716      3.14309796e-06  -108.557627    
5000            6667.60716      5.58930639e-06  -201.845376    
5000            6667.60716      9.93934847e-06  -372.551892    
5000            6667.60716      1.76749387e-05  -682.802946    
5000            6667.60716      3.14309796e-05  -1243.38504    
5000            6667.60716      5.58930639e-05  -2251.61558    
5000            6667.60716      9.93934847e-05  -4058.75812    
6667.60716      8891.39705      0               5.36329026e-09 
6667.60716      8891.39705      1.76749387e-10  -0.00330351358 
6667.60716      8891.39705      3.14309796e-10  -0.00587620288 
6667.60716      8891.39705      5.58930639e-10  -0.0104546742  
6667.60716      8891.39705      9.93934847e-10  -0.0186075303  
6667.60716      8891.39705      1.76749387e-09  -0.0331402788  
6667.60716      8891.39705      3.14309796e-09  -0.0590918042  
6667.60716      8891.39705      5.58930639e-09  -0.105575133   
6667.60716      8891.39705      9.93934847e-09  -0.189249811   
6667.60716      8891.39705      1.76749387e-08  -0.341035338   
6667.60716      8891.39705      3.14309796e-08  -0.619348721   
6667.60716      8891.39705      5.58930639e-08  -1.13621708    
6667.60716      8891.39705      9.93934847e-08  -2.10731025    
6667.60716      8891.39705      1.76749387e-07  -3.94328094    
6667.60716      8891.39705      3.14309796e-07  -7.41094726    
6667.60716      8891.39705      5.58930639e-07  -13.9181634    
6667.60716      8891.39705      9.93934847e-07  -26.0234396    
6667.60716      8891.39705      1.76749387e-06  -48.3450994    
6667.60716      8891.39705      3.14309796e-06  -89.1722386    
6667.60716      8891.39705      5.58930639e-06  -163.324058    
6667.60716      8891.39705      9.93934847e-06  -297.249154    
6667.60716      8891.39705      1.76749387e-05  -538.121039    
6667.60716      8891.39705      3.14309796e-05  -970.018498    
6667.60716      8891.39705      5.58930639e-05  -1742.68111    
6667.60716      8891.39705      9.93934847e-05  -3122.64959    
8891.39705      11856.8685      0               2.41771597e-05 
8891.39705      11856.8685      1.76749387e-10  -0.00131773608 
8891.39705      11856.8685      3.14309796e-10  -0.00236382469 
8891.39705      11856.8685      5.58930639e-10  -0.00422774073 
8891.39705      11856.8685      9.93934847e-10  -0.0075538949  
8891.39705      11856.8685      1.76749387e-09  -0.0135051518  
8891.39705      11856.8685      3.14309796e-09  -0.0242020766  
8891.39705      11856.8685      5.58930639e-09  -0.0435775629  
8891.39705      11856.8685      9.93934847e-09  -0.0791129451  
8891.39705      11856.8685      1.76749387e-08  -0.145528453   
8891.39705      11856.8685      3.14309796e-08  -0.272879675   
8891.39705      11856.8685      5.58930639e-08  -0.524298314   
8891.39705      11856.8685      9.93934847e-08  -1.03317279    
8891.39705      11856.8685      1.76749387e-07  -2.07522021    
8891.39705      11856.8685      3.14309796e-07  -4.19766233    
8891.39705      11856.8685      5.58930639e-07  -8.44167527    
8891.39705      11856.8685      9.93934847e-07  -16.7275223    
8891.39705      11856.8685      1.76749387e-06  -32.5347902    
8891.39705      11856.8685      3.14309796e-06  -62.1148773    
8891.39705      11856.8685      5.58930639e-06  -116.650639    
8891.39705      11856.8685      9.93934847e-06  -216.098958    
8891.39705      11856.8685      1.76749387e-05  -396.033854    
8891.39705      11856.8685      3.14309796e-05  -719.837529    
8891.39705      11856.8685      5.58930639e-05  -1300.4008     
8891.39705      11856.8685      9.93934847e-05  -2338.71698    
11856.8685      15811.3883      0               0.00450380857  
11856.8685      15811.3883      1.76749387e-10  0.00424897814  
11856.8685      15811.3883      3.14309796e-10  0.00404511929  
11856.8685      15811.3883      5.58930639e-10  0.00367071568  
11856.8685      15811.3883      9.93934847e-10  0.00296765975  
11856.8685      15811.3883      1.76749387e-09  0.00160138534  
11856.8685      15811.3883      3.14309796e-09  -0.00118547418 
11856.8685      15811.3883      5.58930639e-09  -0.00721938153 
11856.8685      15811.3883      9.93934847e-09  -0.0210958547  
11856.8685      15811.3883      1.76749387e-08  -0.0544723437  
11856.8685      15811.3883      3.14309796e-08  -0.135982374   
11856.8685      15811.3883      5.58930639e-08  -0.33123623    
11856.8685      15811.3883      9.93934847e-08  -0.777417211   
11856.8685      15811.3883      1.76749387e-07  -1.73732995    
11856.8685      15811.3883      3.14309796e-07  -3.68583942    
11856.8685      15811.3883      5.58930639e-07  -7.46138456    
11856.8685      15811.3883      9.93934847e-07  -14.5428767    
11856.8685      15811.3883      1.76749387e-06  -27.5531876    
11856.8685      15811.3883      3.14309796e-06  -51.1653766    
11856.8685      15811.3883      5.58930639e-06  -93.7253465    
11856.8685      15811.3883      9.93934847e-06  -170.148302    
11856.8685      15811.3883      1.76749387e-05  -307.076155    
11856.8685      15811.3883      3.14309796e-05  -552.044169    
11856.8685      15811.3883      5.58930639e-05  -989.763504    
11856.8685      15811.3883      9.93934847e-05  -1771.05696    
15811.3883      21084.8252      0               0.00742499284  
15811.3883      21084.8252      1.76749387e-10  0.00518098803  
15811.3883      21084.8252      3.14309796e-10  0.00343451911  
15811.3883      21084.8252      5.58930639e-10  0.000328796046 
15811.3883      21084.8252      9.93934847e-10  -0.00519408954 
15811.3883      21084.8252      1.76749387e-09  -0.0150154567  
15811.3883      21084.8252      3.14309796e-09  -0.0324810132  
15811.3883      21084.8252      5.58930639e-09  -0.0635409842  
15811.3883      21084.8252      9.93934847e-09  -0.118778492   
15811.3883      21084.8252      1.76749387e-08  -0.217019449   
15811.3883      21084.8252      3.14309796e-08  -0.391760878   
15811.3883      21084.8252      5.58930639e-08  -0.70262978    
15811.3883      21084.8252      9.93934847e-08  -1.2558433     
15811.3883      21084.8252      1.76749387e-07  -2.24083502    
15811.3883      21084.8252      3.14309796e-07  -3.99605211    
15811.3883      21084.8252      5.58930639e-07  -7.12760429    
15811.3883      21084.8252      9.93934847e-07  -12.7236383    
15811.3883      21084.8252      1.76749387e-06  -22.7405652    
15811.3883      21084.8252      3.14309796e-06  -40.693179     
15811.3883      21084.8252      5.58930639e-06  -72.8773775    
15811.3883      21084.8252      9.93934847e-06  -130.532272    
15811.3883      21084.8252      1.76749387e-05  -233.677486    
15811.3883      21084.8252      3.14309796e-05  -417.943399    
15811.3883      21084.8252      5.58930639e-05  -746.727384    
15811.3883      21084.8252      9.93934847e-05  -1332.81084    
21084.8252      28117.0663      0               6.3778316e-10  
21084.8252      28117.0663      1.76749387e-10  -0.000393160213
21084.8252      28117.0663      3.14309796e-10  -0.000699809287
21084.8252      28117.0663      5.58930639e-10  -0.00124654219 
21084.8252      28117.0663      9.93934847e-10  -0.00222328309 
21084.8252      28117.0663      1.76749387e-09  -0.00397436779 
21084.8252      28117.0663      3.14309796e-09  -0.00713278051 
21084.8252      28117.0663      5.58930639e-09  -0.0128883448  
21084.8252      28117.0663      9.93934847e-09  -0.0235537721  
21084.8252      28117.0663      1.76749387e-08  -0.043831577   
21084.8252      28117.0663      3.14309796e-08  -0.0837825387  
21084.8252      28117.0663      5.58930639e-08  -0.16587247    
21084.8252      28117.0663      9.93934847e-08  -0.341118867   
21084.8252      28117.0663      1.76749387e-07  -0.72294194    
21084.8252      28117.0663      3.14309796e-07  -1.54965676    
21084.8252      28117.0663      5.58930639e-07  -3.28727297    
21084.8252      28117.0663      9.93934847e-07  -6.79387099    
21084.8252      28117.0663      1.76749387e-06  -13.5999715    
21084.8252      28117.0663      3.14309796e-06  -26.4143485    
21084.8252      28117.0663      5.58930639e-06  -50.0396581    
21084.8252      28117.0663      9.93934847e-06  -93.0076765    
21084.8252      28117.0663      1.76749387e-05  -170.481839    
21084.8252      28117.0663      3.14309796e-05  -309.413352    
21084.8252      28117.0663      5.58930639e-05  -557.714832    
21084.8252      28117.0663      9.93934847e-05  -1000.58679    
28117.0663      37494.7105      0               1.10715939e-05 
28117.0663      37494.7105      1.76749387e-10  -0.000603092295
28117.0663      37494.7105      3.14309796e-10  -0.00108137659 
28117.0663      37494.7105      5.58930639e-10  -0.00193253282 
28117.0663      37494.7105      9.93934847e-10  -0.00344812466 
28117.0663      37494.7105      1.76749387e-09  -0.00614956783 
28117.0663      37494.7105      3.14309796e-09  -0.0109732824  
28117.0663      37494.7105      5.58930639e-09  -0.0196131202  
28117.0663      37494.7105      9.93934847e-09  -0.0351693251  
28117.0663      37494.7105      1.76749387e-08  -0.0634204859  
28117.0663      37494.7105      3.14309796e-08  -0.115414541   
28117.0663      37494.7105      5.58930639e-08  -0.212912046   
28117.0663      37494.7105      9.93934847e-08  -0.399864666   
28117.0663      37494.7105      1.76749387e-07  -0.765693174   
28117.0663      37494.7105      3.14309796e-07  -1.48897277    
28117.0663      37494.7105      5.58930639e-07  -2.91321734    
28117.0663      37494.7105      9.93934847e-07  -5.67492925    
28117.0663      37494.7105      1.76749387e-06  -10.9260319    
28117.0663      37494.7105      3.14309796e-06  -20.7295411    
28117.0663      37494.7105      5.58930639e-06  -38.7642086    
28117.0663      37494.7105      9.93934847e-06  -71.5771615    
28117.0663      37494.7105      1.76749387e-05  -130.811122    
28117.0663      37494.7105      3.14309796e-05  -237.16424     
28117.0663      37494.7105      5.58930639e-05  -427.434208    
28117.0663      37494.7105      9.93934847e-05  -767.056686    
37494.7105      50000           0               1.70666681e-09 
37494.7105      50000           1.76749387e-10  -0.00105079709 
37494.7105      50000           3.14309796e-10  -0.00186861216 
37494.7105      50000           5.58930639e-10  -0.00332291586 
37494.7105      50000           9.93934847e-10  -0.00590907422 
37494.7105      50000           1.76749387e-09  -0.0105079865  
37494.7105      50000           3.14309796e-09  -0.0186861377  
37494.7105      50000           5.58930639e-09  -0.0332291765  
37494.7105      50000           9.93934847e-09  -0.0590907656  
37494.7105      50000           1.76749387e-08  -0.105079905   
37494.7105      50000           3.14309796e-08  -0.186861472   
37494.7105      50000           5.58930639e-08  -0.332292033   
37494.7105      50000           9.93934847e-08  -0.59090847    
37494.7105      50000           1.76749387e-07  -1.0508016     
37494.7105      50000           3.14309796e-07  -1.86862272    
37494.7105      50000           5.58930639e-07  -3.32294553    
37494.7105      50000           9.93934847e-07  -5.9091641     
37494.7105      50000           1.76749387e-06  -10.5082656    
37494.7105      50000           3.14309796e-06  -18.6870086    
37494.7105      50000           5.58930639e-06  -33.2318834    
37494.7105      50000           9.93934847e-06  -59.0990906    
37494.7105      50000           1.76749387e-05  -105.105041    
37494.7105      50000           3.14309796e-05  -186.935207    
37494.7105      50000           5.58930639e-05  -332.499624    
37494.7105      50000           9.93934847e-05  -591.462945    
50000           66676.0716      0               1.25385213e-09 
50000           66676.0716      1.76749387e-10  -0.000772020156
50000           66676.0716      3.14309796e-10  -0.00137286868 
50000           66676.0716      5.58930639e-10  -0.00244134559 
50000           66676.0716      9.93934847e-10  -0.00434139717 
50000           66676.0716      1.76749387e-09  -0.00772022323 
50000           66676.0716      3.14309796e-09  -0.013728731   
50000           66676.0716      5.58930639e-09  -0.0244135711  
50000           66676.0716      9.93934847e-09  -0.0434143114  
50000           66676.0716      1.76749387e-08  -0.0772032816  
50000           66676.0716      3.14309796e-08  -0.137290601   
50000           66676.0716      5.58930639e-08  -0.244146081   
50000           66676.0716      9.93934847e-08  -0.434175808   
50000           66676.0716      1.76749387e-07  -0.772135758   
50000           66676.0716      3.14309796e-07  -1.37322917    
50000           66676.0716      5.58930639e-07  -2.44246981    
50000           66676.0716      9.93934847e-07  -4.34487894    
50000           66676.0716      1.76749387e-06  -7.7308583     
50000           66676.0716      3.14309796e-06  -13.7604779    
50000           66676.0716      5.58930639e-06  -24.5050726    
50000           66676.0716      9.93934847e-06  -43.6654477    
50000           66676.0716      1.76749387e-05  -77.8516654    
50000           66676.0716      3.14309796e-05  -138.854799    
50000           66676.0716      5.58930639e-05  -247.674424    
50000           66676.0716      9.93934847e-05  -441.66759     
66676.0716      88913.9705      0               9.36779543e-10 
66676.0716      88913.9705      1.76749387e-10  -0.000576768447
66676.0716      88913.9705      3.14309796e-10  -0.00102565631 
66676.0716      88913.9705      5.58930639e-10  -0.00182390465 
66676.0716      88913.9705      9.93934847e-10  -0.00324341411 
66676.0716      88913.9705      1.76749387e-09  -0.00576770139 
66676.0716      88913.9705      3.14309796e-09  -0.0102565984  
66676.0716      88913.9705      5.58930639e-09  -0.0182391398  
66676.0716      88913.9705      9.93934847e-09  -0.032434418   
66676.0716      88913.9705      1.76749387e-08  -0.0576778709  
66676.0716      88913.9705      3.14309796e-08  -0.102568674   
66676.0716      88913.9705      5.58930639e-08  -0.182399874   
66676.0716      88913.9705      9.93934847e-08  -0.3243709     
66676.0716      88913.9705      1.76749387e-07  -0.576862822   
66676.0716      88913.9705      3.14309796e-07  -1.02595068    
66676.0716      88913.9705      5.58930639e-07  -1.82482221    
66676.0716      88913.9705      9.93934847e-07  -3.2462526     
66676.0716      88913.9705      1.76749387e-06  -5.77635359    
66676.0716      88913.9705      3.14309796e-06  -10.2823348    
66676.0716      88913.9705      5.58930639e-06  -18.3128875    
66676.0716      88913.9705      9.93934847e-06  -32.6350248    
66676.0716      88913.9705      1.76749387e-05  -58.1893624    
66676.0716      88913.9705      3.14309796e-05  -103.783837    
66676.0716      88913.9705      5.58930639e-05  -185.0972      
66676.0716      88913.9705      9.93934847e-05  -330.017856    
88913.9705      118568.685      0               4.90246066e-10 
88913.9705      118568.685      1.76749387e-10  -0.000301852547
88913.9705      118568.685      3.14309796e-10  -0.000536791547
88913.9705      118568.685      5.58930639e-10  -0.00095460683 
88913.9705      118568.685      9.93934847e-10  -0.00169768795 
88913.9705      118568.685      1.76749387e-09  -0.00301937444 
88913.9705      118568.685      3.14309796e-09  -0.00537058854 
88913.9705      118568.685      5.58930639e-09  -0.00955450005 
88913.9705      118568.685      9.93934847e-09  -0.017003468   
88913.9705      118568.685      1.76749387e-08  -0.0302774492  
88913.9705      118568.685      3.14309796e-08  -0.0539685424  
88913.9705      118568.685      5.58930639e-08  -0.0963644094  
88913.9705      118568.685      9.93934847e-08  -0.172565376   
88913.9705      118568.685      1.76749387e-07  -0.310458714   
88913.9705      118568.685      3.14309796e-07  -0.562381585   
88913.9705      118568.685      5.58930639e-07  -1.02788626    
88913.9705      118568.685      9.93934847e-07  -1.89679656    
88913.9705      118568.685      1.76749387e-06  -3.52612201    
88913.9705      118568.685      3.14309796e-06  -6.57107115    
88913.9705      118568.685      5.58930639e-06  -12.2080523    
88913.9705      118568.685      9.93934847e-06  -22.5264908    
88913.9705      118568.685      1.76749387e-05  -41.2311771    
88913.9705      118568.685      3.14309796e-05  -74.9021105    
88913.9705      118568.685      5.58930639e-05  -135.244648    
88913.9705      118568.685      9.93934847e-05  -243.095713    
118568.685      158113.883      0               5.27165867e-10 
118568.685      158113.883      1.76749387e-10  -0.000324582811
118568.685      158113.883      3.14309796e-10  -0.000577199355
118568.685      158113.883      5.58930639e-10  -0.00102642219 
118568.685      158113.883      9.93934847e-10  -0.001825266   
118568.685      158113.883      1.76749387e-09  -0.00324583382 
118568.685      158113.883      3.14309796e-09  -0.00577200133 
118568.685      158113.883      5.58930639e-09  -0.0102642362  
118568.685      158113.883      9.93934847e-09  -0.0182526951  
118568.685      158113.883      1.76749387e-08  -0.0324584389  
118568.685      158113.883      3.14309796e-08  -0.0577203216  
118568.685      158113.883      5.58930639e-08  -0.102643326   
118568.685      158113.883      9.93934847e-08  -0.182529987   
118568.685      158113.883      1.76749387e-07  -0.324593966   
118568.685      158113.883      3.14309796e-07  -0.577233412   
118568.685      158113.883      5.58930639e-07  -1.0265283     
118568.685      158113.883      9.93934847e-07  -1.82559793    
118568.685      158113.883      1.76749387e-06  -3.24686872    
118568.685      158113.883      3.14309796e-06  -5.77519918    
118568.685      158113.883      5.58930639e-06  -10.2739609    
118568.685      158113.883      9.93934847e-06  -18.2815098    
118568.685      158113.883      1.76749387e-05  -32.5405305    
118568.685      158113.883      3.14309796e-05  -57.9418689    
118568.685      158113.883      5.58930639e-05  -103.202741    
118568.685      158113.883      9.93934847e-05  -183.844506    
158113.883      210848.252      0               0.000220108802 
158113.883      210848.252      1.76749387e-10  -3.86963945e-06
158113.883      210848.252      3.14309796e-10  -0.00017818779 
158113.883      210848.252      5.58930639e-10  -0.000488174907
158113.883      210848.252      9.93934847e-10  -0.00103942095 
158113.883      210848.252      1.76749387e-09  -0.00201969783 
158113.883      210848.252      3.14309796e-09  -0.00376292738 
158113.883      210848.252      5.58930639e-09  -0.00686295043 
158113.883      210848.252      9.93934847e-09  -0.0123758909  
158113.883      210848.252      1.76749387e-08  -0.0221801764  
158113.883      210848.252      3.14309796e-08  -0.0396172609  
158113.883      210848.252      5.58930639e-08  -0.0706325946  
158113.883      210848.252      9.93934847e-08  -0.125809532   
158113.883      210848.252      1.76749387e-07  -0.224001432   
158113.883      210848.252      3.14309796e-07  -0.398836629   
158113.883      210848.252      5.58930639e-07  -0.710420661   
158113.883      210848.252      9.93934847e-07  -1.26651578    
158113.883      210848.252      1.76749387e-06  -2.26111596    
158113.883      210848.252      3.14309796e-06  -4.04489984    
158113.883      210848.252      5.58930639e-06  -7.25310743    
158113.883      210848.252      9.93934847e-06  -13.033918     
158113.883      210848.252      1.76749387e-05  -23.4498491    
158113.883      210848.252      3.14309796e-05  -42.1815596    
158113.883      210848.252      5.58930639e-05  -75.7727413    
158113.883      210848.252      9.93934847e-05  -135.846779    
210848.252      281170.663      0               2.97710301e-10 
210848.252      281170.663      1.76749387e-10  -0.000183302786
210848.252      281170.663      3.14309796e-10  -0.000325963801
210848.252      281170.663      5.58930639e-10  -0.000579654949
210848.252      281170.663      9.93934847e-10  -0.00103078869 
210848.252      281170.663      1.76749387e-09  -0.00183303055 
210848.252      281170.663      3.14309796e-09  -0.00325964073 
210848.252      281170.663      5.58930639e-09  -0.00579655229 
210848.252      281170.663      9.93934847e-09  -0.01030789    
210848.252      281170.663      1.76749387e-08  -0.0183303094  
210848.252      281170.663      3.14309796e-08  -0.0325964139  
210848.252      281170.663      5.58930639e-08  -0.0579655379  
210848.252      281170.663      9.93934847e-08  -0.103078942   
210848.252      281170.663      1.76749387e-07  -0.183303219   
210848.252      281170.663      3.14309796e-07  -0.32596453    
210848.252      281170.663      5.58930639e-07  -0.57965661    
210848.252      281170.663      9.93934847e-07  -1.0307933     
210848.252      281170.663      1.76749387e-06  -1.83304445    
210848.252      281170.663      3.14309796e-06  -3.25968396    
210848.252      281170.663      5.58930639e-06  -5.79668774    
210848.252      281170.663      9.93934847e-06  -10.3083144    
210848.252      281170.663      1.76749387e-05  -18.3316329    
210848.252      281170.663      3.14309796e-05  -32.6005015    
210848.252      281170.663      5.58930639e-05  -57.9779568    
210848.252      281170.663      9.93934847e-05  -103.115694    
281170.663      374947.105      0               1.23428522e-05 
281170.663      374947.105      1.76749387e-10  -0.000124557234
281170.663      374947.105      3.14309796e-10  -0.000231103753
281170.663      374947.105      5.58930639e-10  -0.000420573232
281170.663      374947.105      9.93934847e-10  -0.000757502907
281170.663      374947.105      1.76749387e-09  -0.00135665801 
281170.663      374947.105      3.14309796e-09  -0.0024221232  
281170.663      374947.105      5.58930639e-09  -0.00431681799 
281170.663      374947.105      9.93934847e-09  -0.00768611474 
281170.663      374947.105      1.76749387e-08  -0.0136776658  
281170.663      374947.105      3.14309796e-08  -0.0243323176  
281170.663      374947.105      5.58930639e-08  -0.0432792656  
281170.663      374947.105      9.93934847e-08  -0.0769722331  
281170.663      374947.105      1.76749387e-07  -0.136887743   
281170.663      374947.105      3.14309796e-07  -0.243434262   
281170.663      374947.105      5.58930639e-07  -0.432903742   
281170.663      374947.105      9.93934847e-07  -0.769833417   
281170.663      374947.105      1.76749387e-06  -1.36898852    
281170.663      374947.105      3.14309796e-06  -2.43445371    
281170.663      374947.105      5.58930639e-06  -4.32914851    
281170.663      374947.105      9.93934847e-06  -7.69844527    
281170.663      374947.105      1.76749387e-05  -13.6899963    
281170.663      374947.105      3.14309796e-05  -24.3446483    
281170.663      374947.105      5.58930639e-05  -43.2915967    
281170.663      374947.105      9.93934847e-05  -76.9845655    
374947.105      500000          0               3.69762869e-05 
374947.105      500000          1.76749387e-10  -6.30544686e-05
374947.105      500000          3.14309796e-10  -0.000140906346
374947.105      500000          5.58930639e-10  -0.000279348736
374947.105      500000          9.93934847e-10  -0.000525537989
374947.105      500000          1.76749387e-09  -0.000963331268
374947.105      500000          3.14309796e-09  -0.00174185004 
374947.105      500000          5.58930639e-09  -0.00312627395 
374947.105      500000          9.93934847e-09  -0.00558816647 
374947.105      500000          1.76749387e-08  -0.00996609926 
374947.105      500000          3.14309796e-08  -0.017751287   
374947.105      500000          5.58930639e-08  -0.0315955261  
374947.105      500000          9.93934847e-08  -0.0562144513  
374947.105      500000          1.76749387e-07  -0.0999937792  
374947.105      500000          3.14309796e-07  -0.177845657   
374947.105      500000          5.58930639e-07  -0.316288047   
374947.105      500000          9.93934847e-07  -0.5624773     
374947.105      500000          1.76749387e-06  -1.00027058    
374947.105      500000          3.14309796e-06  -1.77878935    
374947.105      500000          5.58930639e-06  -3.16321327    
374947.105      500000          9.93934847e-06  -5.62510581    
374947.105      500000          1.76749387e-05  -10.0030387    
374947.105      500000          3.14309796e-05  -17.7882266    
374947.105      500000          5.58930639e-05  -31.6324662    
374947.105      500000          9.93934847e-05  -56.2513933    
