### like_fornax.txt
#[0]emin(MeV) [1]emax(MeV) [2]eflux(MeV/cm^2/s) [3]deltaLogLike
500             666.760716      0               -2.69832142    
500             666.760716      1.7682319e-10   -2.68950737    
500             666.760716      3.14441038e-10  -2.68266007    
500             666.760716      5.59164024e-10  -2.67051062    
500             666.760716      9.94349871e-10  -2.6489906     
500             666.760716      1.7682319e-09   -2.61099012    
500             666.760716      3.14441038e-09  -2.54425724    
500             666.760716      5.59164024e-09  -2.42822254    
500             666.760716      9.94349871e-09  -2.23005262    
500             666.760716      1.7682319e-08   -1.90264063    
500             666.760716      3.14441038e-08  -1.39506964    
500             666.760716      5.59164024e-08  -0.707555068   
500             666.760716      9.94349871e-08  -0.072704437   
500             666.760716      1.7682319e-07   -0.441356973   
500             666.760716      3.14441038e-07  -4.60953078    
500             666.760716      5.59164024e-07  -19.5670607    
500             666.760716      9.94349871e-07  -61.0579325    
500             666.760716      1.7682319e-06   -162.101064    
500             666.760716      3.14441038e-06  -388.631369    
500             666.760716      5.59164024e-06  -867.946024    
500             666.760716      9.94349871e-06  -1840.06117    
500             666.760716      1.7682319e-05   -3749.77919    
500             666.760716      3.14441038e-05  -7410.71901    
500             666.760716      5.59164024e-05  -14296.3312    
500             666.760716      9.94349871e-05  -27055.3178    
666.760716      889.139705      0               -0.546454958   
666.760716      889.139705      1.7682319e-10   -0.541809746   
666.760716      889.139705      3.14441038e-10  -0.538210456   
666.760716      889.139705      5.59164024e-10  -0.531844388   
666.760716      889.139705      9.94349871e-10  -0.520632394   
666.760716      889.139705      1.7682319e-09   -0.50103585    
666.760716      889.139705      3.14441038e-09  -0.467256214   
666.760716      889.139705      5.59164024e-09  -0.410502853   
666.760716      889.139705      9.94349871e-09  -0.319732087   
666.760716      889.139705      1.7682319e-08   -0.188699563   
666.760716      889.139705      3.14441038e-08  -0.0434037826  
666.760716      889.139705      5.59164024e-08  -0.0252064305  
666.760716      889.139705      9.94349871e-08  -0.605668387   
666.760716      889.139705      1.7682319e-07   -3.07689102    
666.760716      889.139705      3.14441038e-07  -10.5737255    
666.760716      889.139705      5.59164024e-07  -30.0903452    
666.760716      889.139705      9.94349871e-07  -76.327122     
666.760716      889.139705      1.7682319e-06   -178.837369    
666.760716      889.139705      3.14441038e-06  -395.035332    
666.760716      889.139705      5.59164024e-06  -833.612102    
666.760716      889.139705      9.94349871e-06  -1696.50018    
666.760716      889.139705      1.7682319e-05   -3353.80807    
666.760716      889.139705      3.14441038e-05  -6477.10897    
666.760716      889.139705      5.59164024e-05  -12275.9974    
666.760716      889.139705      9.94349871e-05  -22917.7853    
889.139705      1185.68685      0               0.00066984463  
889.139705      1185.68685      1.7682319e-10   -0.00464774228 
889.139705      1185.68685      3.14441038e-10  -0.00880327401 
889.139705      1185.68685      5.59164024e-10  -0.0162294459  
889.139705      1185.68685      9.94349871e-10  -0.0295496698  
889.139705      1185.68685      1.7682319e-09   -0.0535934552  
889.139705      1185.68685      3.14441038e-09  -0.0974504514  
889.139705      1185.68685      5.59164024e-09  -0.178775795   
889.139705      1185.68685      9.94349871e-09  -0.333220988   
889.139705      1185.68685      1.7682319e-08   -0.635603139   
889.139705      1185.68685      3.14441038e-08  -1.24718412    
889.139705      1185.68685      5.59164024e-08  -2.51831148    
889.139705      1185.68685      9.94349871e-08  -5.20390341    
889.139705      1185.68685      1.7682319e-07   -10.9027634    
889.139705      1185.68685      3.14441038e-07  -22.9260584    
889.139705      1185.68685      5.59164024e-07  -47.9635408    
889.139705      1185.68685      9.94349871e-07  -99.2164815    
889.139705      1185.68685      1.7682319e-06   -202.197399    
889.139705      1185.68685      3.14441038e-06  -405.279106    
889.139705      1185.68685      5.59164024e-06  -798.615063    
889.139705      1185.68685      9.94349871e-06  -1547.86515    
889.139705      1185.68685      1.7682319e-05   -2954.20001    
889.139705      1185.68685      3.14441038e-05  -5560.96875    
889.139705      1185.68685      5.59164024e-05  -10343.2524    
889.139705      1185.68685      9.94349871e-05  -19044.686     
1185.68685      1581.13883      0               -0.120258363   
1185.68685      1581.13883      1.7682319e-10   -0.117405251   
1185.68685      1581.13883      3.14441038e-10  -0.115212164   
1185.68685      1581.13883      5.59164024e-10  -0.11137119    
1185.68685      1581.13883      9.94349871e-10  -0.104725613   
1185.68685      1581.13883      1.7682319e-09   -0.0934830203  
1185.68685      1581.13883      3.14441038e-09  -0.075259933   
1185.68685      1581.13883      5.59164024e-09  -0.0481916973  
1185.68685      1581.13883      9.94349871e-09  -0.0156513734  
1185.68685      1581.13883      1.7682319e-08   -0.00118222244 
1185.68685      1581.13883      3.14441038e-08  -0.0883271285  
1185.68685      1581.13883      5.59164024e-08  -0.513711167   
1185.68685      1581.13883      9.94349871e-08  -1.86497799    
1185.68685      1581.13883      1.7682319e-07   -5.47938867    
1185.68685      1581.13883      3.14441038e-07  -14.2147936    
1185.68685      1581.13883      5.59164024e-07  -33.8765267    
1185.68685      1581.13883      9.94349871e-07  -75.7785505    
1185.68685      1581.13883      1.7682319e-06   -161.321569    
1185.68685      1581.13883      3.14441038e-06  -330.234395    
1185.68685      1581.13883      5.59164024e-06  -655.424938    
1185.68685      1581.13883      9.94349871e-06  -1269.6055     
1185.68685      1581.13883      1.7682319e-05   -2412.77356    
1185.68685      1581.13883      3.14441038e-05  -4516.61442    
1185.68685      1581.13883      5.59164024e-05  -8354.37793    
1185.68685      1581.13883      9.94349871e-05  -15307.1043    
1581.13883      2108.48252      0               5.09295251e-05 
1581.13883      2108.48252      1.7682319e-10   -0.00560395884 
1581.13883      2108.48252      3.14441038e-10  -0.0100147754  
1581.13883      2108.48252      5.59164024e-10  -0.017879414   
1581.13883      2108.48252      9.94349871e-10  -0.0319309341  
1581.13883      2108.48252      1.7682319e-09   -0.0571253229  
1581.13883      2108.48252      3.14441038e-09  -0.102572051   
1581.13883      2108.48252      5.59164024e-09  -0.185371331   
1581.13883      2108.48252      9.94349871e-09  -0.338595135   
1581.13883      2108.48252      1.7682319e-08   -0.628569409   
1581.13883      2108.48252      3.14441038e-08  -1.19298406    
1581.13883      2108.48252      5.59164024e-08  -2.32355466    
1581.13883      2108.48252      9.94349871e-08  -4.6368184     
1581.13883      2108.48252      1.7682319e-07   -9.40633012    
1581.13883      2108.48252      3.14441038e-07  -19.1793804    
1581.13883      2108.48252      5.59164024e-07  -38.8970152    
1581.13883      2108.48252      9.94349871e-07  -77.9105076    
1581.13883      2108.48252      1.7682319e-06   -153.587828    
1581.13883      2108.48252      3.14441038e-06  -297.751393    
1581.13883      2108.48252      5.59164024e-06  -568.191808    
1581.13883      2108.48252      9.94349871e-06  -1069.23107    
1581.13883      2108.48252      1.7682319e-05   -1988.31376    
1581.13883      2108.48252      3.14441038e-05  -3661.02983    
1581.13883      2108.48252      5.59164024e-05  -6686.70773    
1581.13883      2108.48252      9.94349871e-05  -12133.9802    
2108.48252      2811.70663      0               -2.543825      
2108.48252      2811.70663      1.7682319e-10   -2.52761266    
2108.48252      2811.70663      3.14441038e-10  -2.51506641    
2108.48252      2811.70663      5.59164024e-10  -2.49290859    
2108.48252      2811.70663      9.94349871e-10  -2.45398194    
2108.48252      2811.70663      1.7682319e-09   -2.38622523    
2108.48252      2811.70663      3.14441038e-09  -2.27016019    
2108.48252      2811.70663      5.59164024e-09  -2.07670807    
2108.48252      2811.70663      9.94349871e-09  -1.76874684    
2108.48252      2811.70663      1.7682319e-08   -1.31472256    
2108.48252      2811.70663      3.14441038e-08  -0.729417933   
2108.48252      2811.70663      5.59164024e-08  -0.163251843   
2108.48252      2811.70663      9.94349871e-08  -0.0682194877  
2108.48252      2811.70663      1.7682319e-07   -1.48690672    
2108.48252      2811.70663      3.14441038e-07  -6.55407278    
2108.48252      2811.70663      5.59164024e-07  -19.3708756    
2108.48252      2811.70663      9.94349871e-07  -47.5337783    
2108.48252      2811.70663      1.7682319e-06   -104.845269    
2108.48252      2811.70663      3.14441038e-06  -216.179029    
2108.48252      2811.70663      5.59164024e-06  -426.229578    
2108.48252      2811.70663      9.94349871e-06  -815.185496    
2108.48252      2811.70663      1.7682319e-05   -1526.65981    
2108.48252      2811.70663      3.14441038e-05  -2817.30668    
2108.48252      2811.70663      5.59164024e-05  -5144.94788    
2108.48252      2811.70663      9.94349871e-05  -9325.25001    
2811.70663      3749.47105      0               -0.451662586   
2811.70663      3749.47105      1.7682319e-10   -0.442013046   
2811.70663      3749.47105      3.14441038e-10  -0.434633096   
2811.70663      3749.47105      5.59164024e-10  -0.421783379   
2811.70663      3749.47105      9.94349871e-10  -0.399766759   
2811.70663      3749.47105      1.7682319e-09   -0.363084448   
2811.70663      3749.47105      3.14441038e-09  -0.304847353   
2811.70663      3749.47105      5.59164024e-09  -0.219784268   
2811.70663      3749.47105      9.94349871e-09  -0.112956327   
2811.70663      3749.47105      1.7682319e-08   -0.0177590325  
2811.70663      3749.47105      3.14441038e-08  -0.027047547   
2811.70663      3749.47105      5.59164024e-08  -0.347237093   
2811.70663      3749.47105      9.94349871e-08  -1.40103508    
2811.70663      3749.47105      1.7682319e-07   -4.0241389     
2811.70663      3749.47105      3.14441038e-07  -9.82749555    
2811.70663      3749.47105      5.59164024e-07  -21.8507762    
2811.70663      3749.47105      9.94349871e-07  -45.7360789    
2811.70663      3749.47105      1.7682319e-06   -91.8321986    
2811.70663      3749.47105      3.14441038e-06  -178.946842    
2811.70663      3749.47105      5.59164024e-06  -340.995219    
2811.70663      3749.47105      9.94349871e-06  -638.781193    
2811.70663      3749.47105      1.7682319e-05   -1180.95718    
2811.70663      3749.47105      3.14441038e-05  -2161.37099    
2811.70663      3749.47105      5.59164024e-05  -3925.54349    
2811.70663      3749.47105      9.94349871e-05  -7088.88698    
3749.47105      5000            0               5.68477994e-05 
3749.47105      5000            1.7682319e-10   -0.00624862041 
3749.47105      5000            3.14441038e-10  -0.0111577756  
3749.47105      5000            5.59164024e-10  -0.0198913763  
3749.47105      5000            9.94349871e-10  -0.0354339767  
3749.47105      5000            1.7682319e-09   -0.0631101925  
3749.47105      5000            3.14441038e-09  -0.112442307   
3749.47105      5000            5.59164024e-09  -0.200528287   
3749.47105      5000            9.94349871e-09  -0.358267857   
3749.47105      5000            1.7682319e-08   -0.642041763   
3749.47105      5000            3.14441038e-08  -1.15601435    
3749.47105      5000            5.59164024e-08  -2.09510976    
3749.47105      5000            9.94349871e-08  -3.82704294    
3749.47105      5000            1.7682319e-07   -7.04465375    
3749.47105      5000            3.14441038e-07  -13.0407052    
3749.47105      5000            5.59164024e-07  -24.1968644    
3749.47105      5000            9.94349871e-07  -44.8542859    
3749.47105      5000            1.7682319e-06   -82.8698514    
3749.47105      5000            3.14441038e-06  -152.40129     
3749.47105      5000            5.59164024e-06  -278.879197    
3749.47105      5000            9.94349871e-06  -507.851532    
3749.47105      5000            1.7682319e-05   -920.69081     
3749.47105      5000            3.14441038e-05  -1662.51532    
3749.47105      5000            5.59164024e-05  -2991.87736    
3749.47105      5000            9.94349871e-05  -5369.15941    
5000            6667.60716      0               9.85005499e-09 
5000            6667.60716      1.7682319e-10   -0.00606500762 
5000            6667.60716      3.14441038e-10  -0.0107855455  
5000            6667.60716      5.59164024e-10  -0.0191805415  
5000            6667.60716      9.94349871e-10  -0.034110961   
5000            6667.60716      1.7682319e-09   -0.0606670039  
5000            6667.60716      3.14441038e-09  -0.107908649   
5000            6667.60716      5.59164024e-09  -0.191972639   
5000            6667.60716      9.94349871e-09  -0.341633793   
5000            6667.60716      1.7682319e-08   -0.608303176   
5000            6667.60716      3.14441038e-08  -1.08412035    
5000            6667.60716      5.59164024e-08  -1.93496706    
5000            6667.60716      9.94349871e-08  -3.46118987    
5000            6667.60716      1.7682319e-07   -6.20960014    
5000            6667.60716      3.14441038e-07  -11.178684     
5000            6667.60716      5.59164024e-07  -20.1895559    
5000            6667.60716      9.94349871e-07  -36.5489463    
5000            6667.60716      1.7682319e-06   -66.2277968    
5000            6667.60716      3.14441038e-06  -119.951589    
5000            6667.60716      5.59164024e-06  -216.908961    
5000            6667.60716      9.94349871e-06  -391.346678    
5000            6667.60716      1.7682319e-05   -704.312195    
5000            6667.60716      3.14441038e-05  -1264.56033    
5000            6667.60716      5.59164024e-05  -2265.7605     
5000            6667.60716      9.94349871e-05  -4052.67965    
6667.60716      8891.39705      0               -0.27539472    
6667.60716      8891.39705      1.7682319e-10   -0.272265113   
6667.60716      8891.39705      3.14441038e-10  -0.269846903   
6667.60716      8891.39705      5.59164024e-10  -0.265584213   
6667.60716      8891.39705      9.94349871e-10  -0.258121498   
6667.60716      8891.39705      1.7682319e-09   -0.245215553   
6667.60716      8891.39705      3.14441038e-09  -0.22338196    
6667.60716      8891.39705      5.59164024e-09  -0.187893728   
6667.60716      8891.39705      9.94349871e-09  -0.134377084   
6667.60716      8891.39705      1.7682319e-08   -0.0651068963  
6667.60716      8891.39705      3.14441038e-08  -0.00575177822 
6667.60716      8891.39705      5.59164024e-08  -0.0396275847  
6667.60716      8891.39705      9.94349871e-08  -0.364852311   
6667.60716      8891.39705      1.7682319e-07   -1.3828878     
6667.60716      8891.39705      3.14441038e-07  -3.84775949    
6667.60716      8891.39705      5.59164024e-07  -9.1391136     
6667.60716      8891.39705      9.94349871e-07  -19.7617877    
6667.60716      8891.39705      1.7682319e-06   -40.2445528    
6667.60716      8891.39705      3.14441038e-06  -78.7434361    
6667.60716      8891.39705      5.59164024e-06  -149.881839    
6667.60716      8891.39705      9.94349871e-06  -279.77149     
6667.60716      8891.39705      1.7682319e-05   -514.921244    
6667.60716      8891.39705      3.14441038e-05  -938.092313    
6667.60716      8891.39705      5.59164024e-05  -1696.52388    
6667.60716      8891.39705      9.94349871e-05  -3052.14808    
8891.39705      11856.8685      0               5.75255399e-09 
8891.39705      11856.8685      1.7682319e-10   -0.00354204654 
8891.39705      11856.8685      3.14441038e-10  -0.00629885437 
8891.39705      11856.8685      5.59164024e-10  -0.0112014482  
8891.39705      11856.8685      9.94349871e-10  -0.0199203224  
8891.39705      11856.8685      1.7682319e-09   -0.0354271036  
8891.39705      11856.8685      3.14441038e-09  -0.0630093871  
8891.39705      11856.8685      5.59164024e-09  -0.11208008    
8891.39705      11856.8685      9.94349871e-09  -0.199409419   
8891.39705      11856.8685      1.7682319e-08   -0.354916712   
8891.39705      11856.8685      3.14441038e-08  -0.632101415   
8891.39705      11856.8685      5.59164024e-08  -1.12696664    
8891.39705      11856.8685      9.94349871e-08  -2.01265185    
8891.39705      11856.8685      1.7682319e-07   -3.60327112    
8891.39705      11856.8685      3.14441038e-07  -6.47157133    
8891.39705      11856.8685      5.59164024e-07  -11.6633479    
8891.39705      11856.8685      9.94349871e-07  -21.0813828    
8891.39705      11856.8685      1.7682319e-06   -38.1644652    
8891.39705      11856.8685      3.14441038e-06  -69.0853161    
8891.39705      11856.8685      5.59164024e-06  -124.870472    
8891.39705      11856.8685      9.94349871e-06  -225.167427    
8891.39705      11856.8685      1.7682319e-05   -404.956581    
8891.39705      11856.8685      3.14441038e-05  -726.511417    
8891.39705      11856.8685      5.59164024e-05  -1300.68472    
8891.39705      11856.8685      9.94349871e-05  -2324.7558     
11856.8685      15811.3883      0               4.48608262e-09 
11856.8685      15811.3883      1.7682319e-10   -0.00276211152 
11856.8685      15811.3883      3.14441038e-10  -0.0049118285  
11856.8685      15811.3883      5.59164024e-10  -0.00873466691 
11856.8685      15811.3883      9.94349871e-10  -0.0155328713  
11856.8685      15811.3883      1.7682319e-09   -0.0276223877  
11856.8685      15811.3883      3.14441038e-09  -0.0491222197  
11856.8685      15811.3883      5.59164024e-09  -0.087359013   
11856.8685      15811.3883      9.94349871e-09  -0.155367596   
11856.8685      15811.3883      1.7682319e-08   -0.276346386   
11856.8685      15811.3883      3.14441038e-08  -0.491607496   
11856.8685      15811.3883      5.59164024e-08  -0.874797303   
11856.8685      15811.3883      9.94349871e-08  -1.5574323     
11856.8685      15811.3883      1.7682319e-07   -2.77501612    
11856.8685      15811.3883      3.14441038e-07  -4.95092068    
11856.8685      15811.3883      5.59164024e-07  -8.84991793    
11856.8685      15811.3883      9.94349871e-07  -15.8594528    
11856.8685      15811.3883      1.7682319e-06   -28.500593     
11856.8685      15811.3883      3.14441038e-06  -51.3419855    
11856.8685      15811.3883      5.59164024e-06  -92.614186     
11856.8685      15811.3883      9.94349871e-06  -167.054331    
11856.8685      15811.3883      1.7682319e-05   -300.94291     
11856.8685      15811.3883      3.14441038e-05  -541.058938    
11856.8685      15811.3883      5.59164024e-05  -970.61571     
11856.8685      15811.3883      9.94349871e-05  -1737.60885    
15811.3883      21084.8252      0               3.25519522e-09 
15811.3883      21084.8252      1.7682319e-10   -0.00200426953 
15811.3883      21084.8252      3.14441038e-10  -0.0035641758  
15811.3883      21084.8252      5.59164024e-10  -0.00633817262 
15811.3883      21084.8252      9.94349871e-10  -0.0112712646  
15811.3883      21084.8252      1.7682319e-09   -0.0200441561  
15811.3883      21084.8252      3.14441038e-09  -0.0356463114  
15811.3883      21084.8252      5.59164024e-09  -0.0633960469  
15811.3883      21084.8252      9.94349871e-09  -0.112757785   
15811.3883      21084.8252      1.7682319e-08   -0.200583775   
15811.3883      21084.8252      3.14441038e-08  -0.356910172   
15811.3883      21084.8252      5.59164024e-08  -0.635359772   
15811.3883      21084.8252      9.94349871e-08  -1.13192443    
15811.3883      21084.8252      1.7682319e-07   -2.01916451    
15811.3883      21084.8252      3.14441038e-07  -3.60909126    
15811.3883      21084.8252      5.59164024e-07  -6.46958627    
15811.3883      21084.8252      9.94349871e-07  -11.6392459    
15811.3883      21084.8252      1.7682319e-06   -21.0168836    
15811.3883      21084.8252      3.14441038e-06  -38.0506561    
15811.3883      21084.8252      5.59164024e-06  -68.9416177    
15811.3883      21084.8252      9.94349871e-06  -124.757196    
15811.3883      21084.8252      1.7682319e-05   -225.182702    
15811.3883      21084.8252      3.14441038e-05  -405.212699    
15811.3883      21084.8252      5.59164024e-05  -727.082213    
15811.3883      21084.8252      9.94349871e-05  -1301.50411    
21084.8252      28117.0663      0               -2.5925341     
21084.8252      28117.0663      1.7682319e-10   -2.53984207    
21084.8252      28117.0663      3.14441038e-10  -2.50078072    
21084.8252      28117.0663      5.59164024e-10  -2.43509774    
21084.8252      28117.0663      9.94349871e-10  -2.32861674    
21084.8252      28117.0663      1.7682319e-09   -2.16508395    
21084.8252      28117.0663      3.14441038e-09  -1.93153049    
21084.8252      28117.0663      5.59164024e-09  -1.62577655    
21084.8252      28117.0663      9.94349871e-09  -1.26124631    
21084.8252      28117.0663      1.7682319e-08   -0.86629614    
21084.8252      28117.0663      3.14441038e-08  -0.482075564   
21084.8252      28117.0663      5.59164024e-08  -0.165694299   
21084.8252      28117.0663      9.94349871e-08  -0.00332295898 
21084.8252      28117.0663      1.7682319e-07   -0.137513286   
21084.8252      28117.0663      3.14441038e-07  -0.81747945    
21084.8252      28117.0663      5.59164024e-07  -2.49003309    
21084.8252      28117.0663      9.94349871e-07  -5.96268642    
21084.8252      28117.0663      1.7682319e-06   -12.6919109    
21084.8252      28117.0663      3.14441038e-06  -25.2886623    
21084.8252      28117.0663      5.59164024e-06  -48.411059     
21084.8252      28117.0663      9.94349871e-06  -90.3560867    
21084.8252      28117.0663      1.7682319e-05   -165.90355     
21084.8252      28117.0663      3.14441038e-05  -301.383705    
21084.8252      28117.0663      5.59164024e-05  -543.687534    
21084.8252      28117.0663      9.94349871e-05  -976.278726    
28117.0663      37494.7105      0               1.75418791e-09 
28117.0663      37494.7105      1.7682319e-10   -0.00108008799 
28117.0663      37494.7105      3.14441038e-10  -0.00192075016 
28117.0663      37494.7105      5.59164024e-10  -0.0034157916  
28117.0663      37494.7105      9.94349871e-10  -0.00607473817 
28117.0663      37494.7105      1.7682319e-09   -0.010804178   
28117.0663      37494.7105      3.14441038e-09  -0.0192178807  
28117.0663      37494.7105      5.59164024e-09  -0.0341906142  
28117.0663      37494.7105      9.94349871e-09  -0.0608502498  
28117.0663      37494.7105      1.7682319e-08   -0.108364278   
28117.0663      37494.7105      3.14441038e-08  -0.193183429   
28117.0663      37494.7105      5.59164024e-08  -0.345001196   
28117.0663      37494.7105      9.94349871e-08  -0.617861958   
28117.0663      37494.7105      1.7682319e-07   -1.11110835    
28117.0663      37494.7105      3.14441038e-07  -2.0088339     
28117.0663      37494.7105      5.59164024e-07  -3.65249247    
28117.0663      37494.7105      9.94349871e-07  -6.66947093    
28117.0663      37494.7105      1.7682319e-06   -12.1947043    
28117.0663      37494.7105      3.14441038e-06  -22.2547363    
28117.0663      37494.7105      5.59164024e-06  -40.4471537    
28117.0663      37494.7105      9.94349871e-06  -73.1544131    
28117.0663      37494.7105      1.7682319e-05   -131.710443    
28117.0663      37494.7105      3.14441038e-05  -236.258741    
28117.0663      37494.7105      5.59164024e-05  -422.61616     
28117.0663      37494.7105      9.94349871e-05  -754.482651    
37494.7105      50000           0               1.44427759e-09 
37494.7105      50000           1.7682319e-10   -0.000889256739
37494.7105      50000           3.14441038e-10  -0.00158135717 
37494.7105      50000           5.59164024e-10  -0.00281212477 
37494.7105      50000           9.94349871e-10  -0.00500083561 
37494.7105      50000           1.7682319e-09   -0.00889317143 
37494.7105      50000           3.14441038e-09  -0.0158154525  
37494.7105      50000           5.59164024e-09  -0.0281271607  
37494.7105      50000           9.94349871e-09  -0.0500269891  
37494.7105      50000           1.7682319e-08   -0.0889903997  
37494.7105      50000           3.14441038e-08  -0.158338911   
37494.7105      50000           5.59164024e-08  -0.281848225   
37494.7105      50000           9.94349871e-08  -0.502058242   
37494.7105      50000           1.7682319e-07   -0.895372703   
37494.7105      50000           3.14441038e-07  -1.59972736    
37494.7105      50000           5.59164024e-07  -2.86554359    
37494.7105      50000           9.94349871e-07  -5.14909959    
37494.7105      50000           1.7682319e-06   -9.28065476    
37494.7105      50000           3.14441038e-06  -16.7612011    
37494.7105      50000           5.59164024e-06  -30.2833237    
37494.7105      50000           9.94349871e-06  -54.6533412    
37494.7105      50000           1.7682319e-05   -98.4347165    
37494.7105      50000           3.14441038e-05  -176.874656    
37494.7105      50000           5.59164024e-05  -317.10606     
37494.7105      50000           9.94349871e-05  -567.393667    
50000           66676.0716      0               0.000699426168 
50000           66676.0716      1.7682319e-10   -6.86702575e-05
50000           66676.0716      3.14441038e-10  -0.00066646389 
50000           66676.0716      5.59164024e-10  -0.001729508   
50000           66676.0716      9.94349871e-10  -0.00361989745 
50000           66676.0716      1.7682319e-09   -0.00698153809 
50000           66676.0716      3.14441038e-09  -0.0129594744  
50000           66676.0716      5.59164024e-09  -0.0235899155  
50000           66676.0716      9.94349871e-09  -0.0424938101  
50000           66676.0716      1.7682319e-08   -0.0761102166  
50000           66676.0716      3.14441038e-08  -0.13588958    
50000           66676.0716      5.59164024e-08  -0.242193993   
50000           66676.0716      9.94349871e-08  -0.431232943   
50000           66676.0716      1.7682319e-07   -0.767397023   
50000           66676.0716      3.14441038e-07  -1.36519071    
50000           66676.0716      5.59164024e-07  -2.42823498    
50000           66676.0716      9.94349871e-07  -4.31862494    
50000           66676.0716      1.7682319e-06   -7.6802672     
50000           66676.0716      3.14441038e-06  -13.6582086    
50000           66676.0716      5.59164024e-06  -24.2886659    
50000           66676.0716      9.94349871e-06  -43.1926112    
50000           66676.0716      1.7682319e-05   -76.8091772    
50000           66676.0716      3.14441038e-05  -136.589039    
50000           66676.0716      5.59164024e-05  -242.894993    
50000           66676.0716      9.94349871e-05  -431.938642    
66676.0716      88913.9705      0               0.000377191264 
66676.0716      88913.9705      1.7682319e-10   -0.000195913092
66676.0716      88913.9705      3.14441038e-10  -0.000641948411
66676.0716      88913.9705      5.59164024e-10  -0.00143512384 
66676.0716      88913.9705      9.94349871e-10  -0.00284561136 
66676.0716      88913.9705      1.7682319e-09   -0.00535385229 
66676.0716      88913.9705      3.14441038e-09  -0.00981420549 
66676.0716      88913.9705      5.59164024e-09  -0.0177459597  
66676.0716      88913.9705      9.94349871e-09  -0.031850835   
66676.0716      88913.9705      1.7682319e-08   -0.0569332444  
66676.0716      88913.9705      3.14441038e-08  -0.101536777   
66676.0716      88913.9705      5.59164024e-08  -0.18085432    
66676.0716      88913.9705      9.94349871e-08  -0.321903074   
66676.0716      88913.9705      1.7682319e-07   -0.572727173   
66676.0716      88913.9705      3.14441038e-07  -1.01876251    
66676.0716      88913.9705      5.59164024e-07  -1.811938      
66676.0716      88913.9705      9.94349871e-07  -3.22242572    
66676.0716      88913.9705      1.7682319e-06   -5.73066726    
66676.0716      88913.9705      3.14441038e-06  -10.1910224    
66676.0716      88913.9705      5.59164024e-06  -18.1227828    
66676.0716      88913.9705      9.94349871e-06  -32.2276774    
66676.0716      88913.9705      1.7682319e-05   -57.3101476    
66676.0716      88913.9705      3.14441038e-05  -101.913871    
66676.0716      88913.9705      5.59164024e-05  -181.232012    
66676.0716      88913.9705      9.94349871e-05  -322.282617    
88913.9705      118568.685      0               0.000583689385 
88913.9705      118568.685      1.7682319e-10   0.000157763821 
88913.9705      118568.685      3.14441038e-10  -0.000173725279
88913.9705      118568.685      5.59164024e-10  -0.000763205528
88913.9705      118568.685      9.94349871e-10  -0.00181146614 
88913.9705      118568.685      1.7682319e-09   -0.00367556648 
88913.9705      118568.685      3.14441038e-09  -0.00699045797 
88913.9705      118568.685      5.59164024e-09  -0.012885262   
88913.9705      118568.685      9.94349871e-09  -0.023367873   
88913.9705      118568.685      1.7682319e-08   -0.0420088919  
88913.9705      118568.685      3.14441038e-08  -0.0751578557  
88913.9705      118568.685      5.59164024e-08  -0.134106051   
88913.9705      118568.685      9.94349871e-08  -0.238932649   
88913.9705      118568.685      1.7682319e-07   -0.425344382   
88913.9705      118568.685      3.14441038e-07  -0.756838894   
88913.9705      118568.685      5.59164024e-07  -1.34633621    
88913.9705      118568.685      9.94349871e-07  -2.39465058    
88913.9705      118568.685      1.7682319e-06   -4.25891957    
88913.9705      118568.685      3.14441038e-06  -7.57433717    
88913.9705      118568.685      5.59164024e-06  -13.4707658    
88913.9705      118568.685      9.94349871e-06  -23.9583084    
88913.9705      118568.685      1.7682319e-05   -42.6138868    
88913.9705      118568.685      3.14441038e-05  -75.804043     
88913.9705      118568.685      5.59164024e-05  -134.862016    
88913.9705      118568.685      9.94349871e-05  -239.960122    
118568.685      158113.883      0               5.17260901e-10 
118568.685      158113.883      1.7682319e-10   -0.000318485125
118568.685      158113.883      3.14441038e-10  -0.000566355942
118568.685      158113.883      5.59164024e-10  -0.00100713951 
118568.685      158113.883      9.94349871e-10  -0.00179097586 
118568.685      158113.883      1.7682319e-09   -0.0031848559  
118568.685      158113.883      3.14441038e-09  -0.00566356408 
118568.685      158113.883      5.59164024e-09  -0.0100713998  
118568.685      158113.883      9.94349871e-09  -0.0179097633  
118568.685      158113.883      1.7682319e-08   -0.0318485637  
118568.685      158113.883      3.14441038e-08  -0.0566356457  
118568.685      158113.883      5.59164024e-08  -0.100714003   
118568.685      158113.883      9.94349871e-08  -0.17909764    
118568.685      158113.883      1.7682319e-07   -0.31848565    
118568.685      158113.883      3.14441038e-07  -0.566356486   
118568.685      158113.883      5.59164024e-07  -1.00714011    
118568.685      158113.883      9.94349871e-07  -1.79097665    
118568.685      158113.883      1.7682319e-06   -3.18485727    
118568.685      158113.883      3.14441038e-06  -5.66356728    
118568.685      158113.883      5.59164024e-06  -10.0714088    
118568.685      158113.883      9.94349871e-06  -17.9097906    
118568.685      158113.883      1.7682319e-05   -31.8486487    
118568.685      158113.883      3.14441038e-05  -56.6359119    
118568.685      158113.883      5.59164024e-05  -100.714837    
118568.685      158113.883      9.94349871e-05  -179.100233    
158113.883      210848.252      0               4.29561155e-06 
158113.883      210848.252      1.7682319e-10   -0.000233909955
158113.883      210848.252      3.14441038e-10  -0.000419300443
158113.883      210848.252      5.59164024e-10  -0.00074897653 
158113.883      210848.252      9.94349871e-10  -0.00133523273 
158113.883      210848.252      1.7682319e-09   -0.00237776005 
158113.883      210848.252      3.14441038e-09  -0.00423166493 
158113.883      210848.252      5.59164024e-09  -0.00752842581 
158113.883      210848.252      9.94349871e-09  -0.0133909878  
158113.883      210848.252      1.7682319e-08   -0.0238162611  
158113.883      210848.252      3.14441038e-08  -0.0423553098  
158113.883      210848.252      5.59164024e-08  -0.0753229186  
158113.883      210848.252      9.94349871e-08  -0.133948538   
158113.883      210848.252      1.7682319e-07   -0.238201271   
158113.883      210848.252      3.14441038e-07  -0.423591759   
158113.883      210848.252      5.59164024e-07  -0.753267846   
158113.883      210848.252      9.94349871e-07  -1.33952404    
158113.883      210848.252      1.7682319e-06   -2.38205137    
158113.883      210848.252      3.14441038e-06  -4.23595625    
158113.883      210848.252      5.59164024e-06  -7.53271713    
158113.883      210848.252      9.94349871e-06  -13.3952791    
158113.883      210848.252      1.7682319e-05   -23.8205524    
158113.883      210848.252      3.14441038e-05  -42.3596013    
158113.883      210848.252      5.59164024e-05  -75.3272103    
158113.883      210848.252      9.94349871e-05  -133.952831    
210848.252      281170.663      0               0.00054582387  
210848.252      281170.663      1.7682319e-10   0.000368284804 
210848.252      281170.663      3.14441038e-10  0.000230109804 
210848.252      281170.663      5.59164024e-10  -1.56039533e-05
210848.252      281170.663      9.94349871e-10  -0.000452551669
210848.252      281170.663      1.7682319e-09   -0.0012295668  
210848.252      281170.663      3.14441038e-09  -0.00261131681 
210848.252      281170.663      5.59164024e-09  -0.00506845442 
210848.252      281170.663      9.94349871e-09  -0.0094379317  
210848.252      281170.663      1.7682319e-08   -0.0172080834  
210848.252      281170.663      3.14441038e-08  -0.0310255847  
210848.252      281170.663      5.59164024e-08  -0.0555969647  
210848.252      281170.663      9.94349871e-08  -0.0992917497  
210848.252      281170.663      1.7682319e-07   -0.176993305   
210848.252      281170.663      3.14441038e-07  -0.315168441   
210848.252      281170.663      5.59164024e-07  -0.560882628   
210848.252      281170.663      9.94349871e-07  -0.997831702   
210848.252      281170.663      1.7682319e-06   -1.77485112    
210848.252      281170.663      3.14441038e-06  -3.15661466    
210848.252      281170.663      5.59164024e-06  -5.6137949     
210848.252      281170.663      9.94349871e-06  -9.98340605    
210848.252      281170.663      1.7682319e-05   -17.753976     
210848.252      281170.663      3.14441038e-05  -31.5727721    
210848.252      281170.663      5.59164024e-05  -56.1480992    
210848.252      281170.663      9.94349871e-05  -99.8546174    
281170.663      374947.105      0               0.000208609525 
281170.663      374947.105      1.7682319e-10   7.63911991e-05 
281170.663      374947.105      3.14441038e-10  -2.65116017e-05
281170.663      374947.105      5.59164024e-10  -0.000209501534
281170.663      374947.105      9.94349871e-10  -0.000534908762
281170.663      374947.105      1.7682319e-09   -0.00111357374 
281170.663      374947.105      3.14441038e-09  -0.00214260174 
281170.663      374947.105      5.59164024e-09  -0.00397250106 
281170.663      374947.105      9.94349871e-09  -0.00722657335 
281170.663      374947.105      1.7682319e-08   -0.0130132231  
281170.663      374947.105      3.14441038e-08  -0.0233035032  
281170.663      374947.105      5.59164024e-08  -0.0416024964  
281170.663      374947.105      9.94349871e-08  -0.0741432194  
281170.663      374947.105      1.7682319e-07   -0.132009717   
281170.663      374947.105      3.14441038e-07  -0.23491252    
281170.663      374947.105      5.59164024e-07  -0.417902458   
281170.663      374947.105      9.94349871e-07  -0.743309705   
281170.663      374947.105      1.7682319e-06   -1.32197474    
281170.663      374947.105      3.14441038e-06  -2.35100294    
281170.663      374947.105      5.59164024e-06  -4.18090286    
281170.663      374947.105      9.94349871e-06  -7.43497703    
281170.663      374947.105      1.7682319e-05   -13.2216328    
281170.663      374947.105      3.14441038e-05  -23.5119317    
281170.663      374947.105      5.59164024e-05  -41.8109844    
281170.663      374947.105      9.94349871e-05  -74.3518938    
374947.105      500000          0               0.00115399523  
374947.105      500000          1.7682319e-10   0.00105746654  
374947.105      500000          3.14441038e-10  0.000982340238 
374947.105      500000          5.59164024e-10  0.000848744689 
374947.105      500000          9.94349871e-10  0.000611174475 
374947.105      500000          1.7682319e-09   0.000188708255 
374947.105      500000          3.14441038e-09  -0.000562554725
374947.105      500000          5.59164024e-09  -0.00189851021 
374947.105      500000          9.94349871e-09  -0.00427421235 
374947.105      500000          1.7682319e-08   -0.00849887455 
374947.105      500000          3.14441038e-08  -0.0160115044  
374947.105      500000          5.59164024e-08  -0.0293710593  
374947.105      500000          9.94349871e-08  -0.0531280808  
374947.105      500000          1.7682319e-07   -0.095374703   
374947.105      500000          3.14441038e-07  -0.170501002   
374947.105      500000          5.59164024e-07  -0.304096553   
374947.105      500000          9.94349871e-07  -0.541666776   
374947.105      500000          1.7682319e-06   -0.964133023   
374947.105      500000          3.14441038e-06  -1.71539609    
374947.105      500000          5.59164024e-06  -3.05135185    
374947.105      500000          9.94349871e-06  -5.42705485    
374947.105      500000          1.7682319e-05   -9.65171976    
374947.105      500000          3.14441038e-05  -17.1643581    
374947.105      500000          5.59164024e-05  -30.52394      
374947.105      500000          9.94349871e-05  -54.2810464    
