### like_draco.txt
#[0]emin(MeV) [1]emax(MeV) [2]eflux(MeV/cm^2/s) [3]deltaLogLike
500             666.760716      0               -0.397626885   
500             666.760716      1.76767344e-10  -0.394286925   
500             666.760716      3.14341729e-10  -0.39169802    
500             666.760716      5.58987424e-10  -0.387116939   
500             666.760716      9.94035826e-10  -0.379042214   
500             666.760716      1.76767344e-09  -0.364909247   
500             666.760716      3.14341729e-09  -0.340488465   
500             666.760716      5.58987424e-09  -0.299291944   
500             666.760716      9.94035826e-09  -0.232978158   
500             666.760716      1.76767344e-08  -0.136435769   
500             666.760716      3.14341729e-08  -0.0293597578  
500             666.760716      5.58987424e-08  -0.0284097875  
500             666.760716      9.94035826e-08  -0.55836205    
500             666.760716      1.76767344e-07  -2.9061953     
500             666.760716      3.14341729e-07  -10.5369084    
500             666.760716      5.58987424e-07  -31.9548841    
500             666.760716      9.94035826e-07  -86.4980802    
500             666.760716      1.76767344e-06  -215.474091    
500             666.760716      3.14341729e-06  -502.87041     
500             666.760716      5.58987424e-06  -1113.19982    
500             666.760716      9.94035826e-06  -2359.95384    
500             666.760716      1.76767344e-05  -4828.36141    
500             666.760716      3.14341729e-05  -9593.98639    
500             666.760716      5.58987424e-05  -18610.495     
500             666.760716      9.94035826e-05  -35396.8165    
666.760716      889.139705      0               0.00185568754  
666.760716      889.139705      1.76767344e-10  -0.0102555632  
666.760716      889.139705      3.14341729e-10  -0.0196879526  
666.760716      889.139705      5.58987424e-10  -0.0364753146  
666.760716      889.139705      9.94035826e-10  -0.0663719479  
666.760716      889.139705      1.76767344e-09  -0.119675342   
666.760716      889.139705      3.14341729e-09  -0.214900705   
666.760716      889.139705      5.58987424e-09  -0.38560907    
666.760716      889.139705      9.94035826e-09  -0.693451757   
666.760716      889.139705      1.76767344e-08  -1.25407798    
666.760716      889.139705      3.14341729e-08  -2.29105872    
666.760716      889.139705      5.58987424e-08  -4.25321187    
666.760716      889.139705      9.94035826e-08  -8.07661719    
666.760716      889.139705      1.76767344e-07  -15.7671866    
666.760716      889.139705      3.14341729e-07  -31.651867     
666.760716      889.139705      5.58987424e-07  -64.9321712    
666.760716      889.139705      9.94035826e-07  -134.64954     
666.760716      889.139705      1.76767344e-06  -279.016069    
666.760716      889.139705      3.14341729e-06  -572.574489    
666.760716      889.139705      5.58987424e-06  -1157.29697    
666.760716      889.139705      9.94035826e-06  -2298.39603    
666.760716      889.139705      1.76767344e-05  -4483.90458    
666.760716      889.139705      3.14341729e-05  -8601.75839    
666.760716      889.139705      5.58987424e-05  -16254.2198    
666.760716      889.139705      9.94035826e-05  -30316.0837    
889.139705      1185.68685      0               -0.308227138   
889.139705      1185.68685      1.76767344e-10  -0.304214262   
889.139705      1185.68685      3.14341729e-10  -0.301111404   
889.139705      1185.68685      5.58987424e-10  -0.295637402   
889.139705      1185.68685      9.94035826e-10  -0.286040942   
889.139705      1185.68685      1.76767344e-09  -0.269408927   
889.139705      1185.68685      3.14341729e-09  -0.241187235   
889.139705      1185.68685      5.58987424e-09  -0.195202571   
889.139705      1185.68685      9.94035826e-09  -0.126275054   
889.139705      1185.68685      1.76767344e-08  -0.0420652442  
889.139705      1185.68685      3.14341729e-08  -0.00268224597 
889.139705      1185.68685      5.58987424e-08  -0.233089849   
889.139705      1185.68685      9.94035826e-08  -1.40179786    
889.139705      1185.68685      1.76767344e-07  -5.23145467    
889.139705      1185.68685      3.14341729e-07  -15.7088721    
889.139705      1185.68685      5.58987424e-07  -41.3440985    
889.139705      1185.68685      9.94035826e-07  -99.3065353    
889.139705      1185.68685      1.76767344e-06  -222.987777    
889.139705      1185.68685      3.14341729e-06  -475.79834     
889.139705      1185.68685      5.58987424e-06  -976.139894    
889.139705      1185.68685      9.94035826e-06  -1942.14836    
889.139705      1185.68685      1.76767344e-05  -3771.30632    
889.139705      1185.68685      3.14341729e-05  -7181.81897    
889.139705      1185.68685      5.58987424e-05  -13463.7563    
889.139705      1185.68685      9.94035826e-05  -24925.4055    
1185.68685      1581.13883      0               0.00070935346  
1185.68685      1581.13883      1.76767344e-10  -0.00232727212 
1185.68685      1581.13883      3.14341729e-10  -0.00470962711 
1185.68685      1581.13883      5.58987424e-10  -0.00898710721 
1185.68685      1581.13883      9.94035826e-10  -0.0167227167  
1185.68685      1581.13883      1.76767344e-09  -0.0308837911  
1185.68685      1581.13883      3.14341729e-09  -0.0573297088  
1185.68685      1581.13883      5.58987424e-09  -0.108260373   
1185.68685      1581.13883      9.94035826e-09  -0.210674196   
1185.68685      1581.13883      1.76767344e-08  -0.427723292   
1185.68685      1581.13883      3.14341729e-08  -0.912074772   
1185.68685      1581.13883      5.58987424e-08  -2.03223862    
1185.68685      1581.13883      9.94035826e-08  -4.64590012    
1185.68685      1581.13883      1.76767344e-07  -10.6354849    
1185.68685      1581.13883      3.14341729e-07  -23.891346     
1185.68685      1581.13883      5.58987424e-07  -52.0999581    
1185.68685      1581.13883      9.94035826e-07  -110.036911    
1185.68685      1581.13883      1.76767344e-06  -225.614613    
1185.68685      1581.13883      3.14341729e-06  -450.852433    
1185.68685      1581.13883      5.58987424e-06  -881.598403    
1185.68685      1581.13883      9.94035826e-06  -1692.79084    
1185.68685      1581.13883      1.76767344e-05  -3201.21343    
1185.68685      1581.13883      3.14341729e-05  -5976.89741    
1185.68685      1581.13883      5.58987424e-05  -11040.9522    
1185.68685      1581.13883      9.94035826e-05  -20217.2974    
1581.13883      2108.48252      0               -0.175900453   
1581.13883      2108.48252      1.76767344e-10  -0.171352798   
1581.13883      2108.48252      3.14341729e-10  -0.167864003   
1581.13883      2108.48252      5.58987424e-10  -0.16176813    
1581.13883      2108.48252      9.94035826e-10  -0.151264975   
1581.13883      2108.48252      1.76767344e-09  -0.133625686   
1581.13883      2108.48252      3.14341729e-09  -0.105397009   
1581.13883      2108.48252      5.58987424e-09  -0.0644010012  
1581.13883      2108.48252      9.94035826e-09  -0.0172303525  
1581.13883      2108.48252      1.76767344e-08  -0.000634974922
1581.13883      2108.48252      3.14341729e-08  -0.13281325    
1581.13883      2108.48252      5.58987424e-08  -0.721966233   
1581.13883      2108.48252      9.94035826e-08  -2.48017683    
1581.13883      2108.48252      1.76767344e-07  -6.93529512    
1581.13883      2108.48252      3.14341729e-07  -17.2191887    
1581.13883      2108.48252      5.58987424e-07  -39.5444195    
1581.13883      2108.48252      9.94035826e-07  -85.8844173    
1581.13883      2108.48252      1.76767344e-06  -178.751385    
1581.13883      2108.48252      3.14341729e-06  -359.712228    
1581.13883      2108.48252      5.58987424e-06  -704.616607    
1581.13883      2108.48252      9.94035826e-06  -1350.78799    
1581.13883      2108.48252      1.76767344e-05  -2545.4055     
1581.13883      2108.48252      3.14341729e-05  -4731.4475     
1581.13883      2108.48252      5.58987424e-05  -8700.4093     
1581.13883      2108.48252      9.94035826e-05  -15863.8727    
2108.48252      2811.70663      0               0.000249530242 
2108.48252      2811.70663      1.76767344e-10  -0.00898262927 
2108.48252      2811.70663      3.14341729e-10  -0.0161778224  
2108.48252      2811.70663      5.58987424e-10  -0.028994399   
2108.48252      2811.70663      9.94035826e-10  -0.0518534445  
2108.48252      2811.70663      1.76767344e-09  -0.0927145311  
2108.48252      2811.70663      3.14341729e-09  -0.166031944   
2108.48252      2811.70663      5.58987424e-09  -0.298411076   
2108.48252      2811.70663      9.94035826e-09  -0.539777191   
2108.48252      2811.70663      1.76767344e-08  -0.986052319   
2108.48252      2811.70663      3.14341729e-08  -1.82564623    
2108.48252      2811.70663      5.58987424e-08  -3.43294359    
2108.48252      2811.70663      9.94035826e-08  -6.54867525    
2108.48252      2811.70663      1.76767344e-07  -12.6151639    
2108.48252      2811.70663      3.14341729e-07  -24.3905236    
2108.48252      2811.70663      5.58987424e-07  -47.0703613    
2108.48252      2811.70663      9.94035826e-07  -90.3189759    
2108.48252      2811.70663      1.76767344e-06  -171.911928    
2108.48252      2811.70663      3.14341729e-06  -324.2444      
2108.48252      2811.70663      5.58987424e-06  -605.960435    
2108.48252      2811.70663      9.94035826e-06  -1122.71572    
2108.48252      2811.70663      1.76767344e-05  -2064.16035    
2108.48252      2811.70663      3.14341729e-05  -3769.68681    
2108.48252      2811.70663      5.58987424e-05  -6845.2685     
2108.48252      2811.70663      9.94035826e-05  -12371.1477    
2811.70663      3749.47105      0               1.65391612e-08 
2811.70663      3749.47105      1.76767344e-10  -0.0101844403  
2811.70663      3749.47105      3.14341729e-10  -0.0181134022  
2811.70663      3749.47105      5.58987424e-10  -0.0322189392  
2811.70663      3749.47105      9.94035826e-10  -0.0573202579  
2811.70663      3749.47105      1.76767344e-09  -0.102013141   
2811.70663      3749.47105      3.14341729e-09  -0.181663858   
2811.70663      3749.47105      5.58987424e-09  -0.323845652   
2811.70663      3749.47105      9.94035826e-09  -0.578337598   
2811.70663      3749.47105      1.76767344e-08  -1.03583223    
2811.70663      3749.47105      3.14341729e-08  -1.86358942    
2811.70663      3749.47105      5.58987424e-08  -3.37425369    
2811.70663      3749.47105      9.94035826e-08  -6.1585731     
2811.70663      3749.47105      1.76767344e-07  -11.3376771    
2811.70663      3749.47105      3.14341729e-07  -21.0333484    
2811.70663      3749.47105      5.58987424e-07  -39.2290692    
2811.70663      3749.47105      9.94035826e-07  -73.3234941    
2811.70663      3749.47105      1.76767344e-06  -136.909029    
2811.70663      3749.47105      3.14341729e-06  -254.726247    
2811.70663      3749.47105      5.58987424e-06  -471.48332     
2811.70663      3749.47105      9.94035826e-06  -867.541957    
2811.70663      3749.47105      1.76767344e-05  -1586.82075    
2811.70663      3749.47105      3.14341729e-05  -2886.42554    
2811.70663      3749.47105      5.58987424e-05  -5224.87786    
2811.70663      3749.47105      9.94035826e-05  -9418.94906    
3749.47105      5000            0               2.96677172e-09 
3749.47105      5000            1.76767344e-10  -0.00183491903 
3749.47105      5000            3.14341729e-10  -0.00327487307 
3749.47105      5000            5.58987424e-10  -0.0058610375  
3749.47105      5000            9.94035826e-10  -0.0105400039  
3749.47105      5000            1.76767344e-09  -0.0191099433  
3749.47105      5000            3.14341729e-09  -0.0351184556  
3749.47105      5000            5.58987424e-09  -0.0659115642  
3749.47105      5000            9.94035826e-09  -0.127491583   
3749.47105      5000            1.76767344e-08  -0.25606583    
3749.47105      5000            3.14341729e-08  -0.534422428   
3749.47105      5000            5.58987424e-08  -1.14785485    
3749.47105      5000            9.94035826e-08  -2.49348736    
3749.47105      5000            1.76767344e-07  -5.38257579    
3749.47105      5000            3.14341729e-07  -11.4074568    
3749.47105      5000            5.58987424e-07  -23.6030921    
3749.47105      5000            9.94035826e-07  -47.6316002    
3749.47105      5000            1.76767344e-06  -93.8909056    
3749.47105      5000            3.14341729e-06  -181.252275    
3749.47105      5000            5.58987424e-06  -343.671641    
3749.47105      5000            9.94035826e-06  -641.915469    
3749.47105      5000            1.76767344e-05  -1184.43941    
3749.47105      5000            3.14341729e-05  -2164.59549    
3749.47105      5000            5.58987424e-05  -3926.84454    
3749.47105      5000            9.94035826e-05  -7084.45787    
5000            6667.60716      0               0.000111201484 
5000            6667.60716      1.76767344e-10  -0.00605697077 
5000            6667.60716      3.14341729e-10  -0.0108599094  
5000            6667.60716      5.58987424e-10  -0.0194059986  
5000            6667.60716      9.94035826e-10  -0.0346194485  
5000            6667.60716      1.76767344e-09  -0.0617237168  
5000            6667.60716      3.14341729e-09  -0.110079863   
5000            6667.60716      5.58987424e-09  -0.196553987   
5000            6667.60716      9.94035826e-09  -0.351785583   
5000            6667.60716      1.76767344e-08  -0.632072576   
5000            6667.60716      3.14341729e-08  -1.14220978    
5000            6667.60716      5.58987424e-08  -2.07924814    
5000            6667.60716      9.94035826e-08  -3.81429965    
5000            6667.60716      1.76767344e-07  -7.0406318     
5000            6667.60716      3.14341729e-07  -13.0385643    
5000            6667.60716      5.58987424e-07  -24.1550178    
5000            6667.60716      9.94035826e-07  -44.6785939    
5000            6667.60716      1.76767344e-06  -82.4213188    
5000            6667.60716      3.14341729e-06  -151.536519    
5000            6667.60716      5.58987424e-06  -277.503908    
5000            6667.60716      9.94035826e-06  -505.960431    
5000            6667.60716      1.76767344e-05  -918.391501    
5000            6667.60716      3.14341729e-05  -1660.04576    
5000            6667.60716      5.58987424e-05  -2989.60081    
5000            6667.60716      9.94035826e-05  -5367.50722    
6667.60716      8891.39705      0               8.53924575e-09 
6667.60716      8891.39705      1.76767344e-10  -0.00525869799 
6667.60716      8891.39705      3.14341729e-10  -0.0093523964  
6667.60716      8891.39705      5.58987424e-10  -0.0166341984  
6667.60716      8891.39705      9.94035826e-10  -0.029589783   
6667.60716      8891.39705      1.76767344e-09  -0.0526489184  
6667.60716      8891.39705      3.14341729e-09  -0.0937187948  
6667.60716      8891.39705      5.58987424e-09  -0.1669531     
6667.60716      8891.39705      9.94035826e-09  -0.29780366    
6667.60716      8891.39705      1.76767344e-08  -0.532372473   
6667.60716      8891.39705      3.14341729e-08  -0.955040073   
6667.60716      8891.39705      5.58987424e-08  -1.72221486    
6667.60716      8891.39705      9.94035826e-08  -3.12705405    
6667.60716      8891.39705      1.76767344e-07  -5.72080941    
6667.60716      8891.39705      3.14341729e-07  -10.5310797    
6667.60716      8891.39705      5.58987424e-07  -19.4415457    
6667.60716      8891.39705      9.94035826e-07  -35.8521797    
6667.60716      8891.39705      1.76767344e-06  -65.8491338    
6667.60716      8891.39705      3.14341729e-06  -120.302927    
6667.60716      8891.39705      5.58987424e-06  -218.631323    
6667.60716      8891.39705      9.94035826e-06  -395.513032    
6667.60716      8891.39705      1.76767344e-05  -712.817458    
6667.60716      8891.39705      3.14341729e-05  -1280.7849     
6667.60716      8891.39705      5.58987424e-05  -2295.66329    
6667.60716      8891.39705      9.94035826e-05  -4106.64283    
8891.39705      11856.8685      0               4.40626848e-05 
8891.39705      11856.8685      1.76767344e-10  -0.00484242156 
8891.39705      11856.8685      3.14341729e-10  -0.00864559351 
8891.39705      11856.8685      5.58987424e-10  -0.0154089592  
8891.39705      11856.8685      9.94035826e-10  -0.0274369449  
8891.39705      11856.8685      1.76767344e-09  -0.0488286888  
8891.39705      11856.8685      3.14341729e-09  -0.0868774561  
8891.39705      11856.8685      5.58987424e-09  -0.154564775   
8891.39705      11856.8685      9.94035826e-09  -0.275012953   
8891.39705      11856.8685      1.76767344e-08  -0.489455115   
8891.39705      11856.8685      3.14341729e-08  -0.871561229   
8891.39705      11856.8685      5.58987424e-08  -1.5533374     
8891.39705      11856.8685      9.94035826e-08  -2.77224403    
8891.39705      11856.8685      1.76767344e-07  -4.95723505    
8891.39705      11856.8685      3.14341729e-07  -8.88533486    
8891.39705      11856.8685      5.58987424e-07  -15.9634162    
8891.39705      11856.8685      9.94035826e-07  -28.7298292    
8891.39705      11856.8685      1.76767344e-06  -51.7460098    
8891.39705      11856.8685      3.14341729e-06  -93.1870437    
8891.39705      11856.8685      5.58987424e-06  -167.67972     
8891.39705      11856.8685      9.94035826e-06  -301.354394    
8891.39705      11856.8685      1.76767344e-05  -540.824689    
8891.39705      11856.8685      3.14341729e-05  -969.143008    
8891.39705      11856.8685      5.58987424e-05  -1734.15474    
8891.39705      11856.8685      9.94035826e-05  -3098.90597    
11856.8685      15811.3883      0               -0.238927469   
11856.8685      15811.3883      1.76767344e-10  -0.234555387   
11856.8685      15811.3883      3.14341729e-10  -0.231197622   
11856.8685      15811.3883      5.58987424e-10  -0.225322121   
11856.8685      15811.3883      9.94035826e-10  -0.215168704   
11856.8685      15811.3883      1.76767344e-09  -0.198006783   
11856.8685      15811.3883      3.14341729e-09  -0.170115139   
11856.8685      15811.3883      5.58987424e-09  -0.127863061   
11856.8685      15811.3883      9.94035826e-09  -0.0717574196  
11856.8685      15811.3883      1.76767344e-08  -0.0161957182  
11856.8685      15811.3883      3.14341729e-08  -0.00682337867 
11856.8685      15811.3883      5.58987424e-08  -0.145258328   
11856.8685      15811.3883      9.94035826e-08  -0.623661726   
11856.8685      15811.3883      1.76767344e-07  -1.78349126    
11856.8685      15811.3883      3.14341729e-07  -4.22797898    
11856.8685      15811.3883      5.58987424e-07  -9.0336975     
11856.8685      15811.3883      9.94035826e-07  -18.1328666    
11856.8685      15811.3883      1.76767344e-06  -34.9914651    
11856.8685      15811.3883      3.14341729e-06  -65.8105634    
11856.8685      15811.3883      5.58987424e-06  -121.657722    
11856.8685      15811.3883      9.94035826e-06  -222.247451    
11856.8685      15811.3883      1.76767344e-05  -402.652835    
11856.8685      15811.3883      3.14341729e-05  -725.242501    
11856.8685      15811.3883      5.58987424e-05  -1300.93123    
11856.8685      15811.3883      9.94035826e-05  -2327.0081     
15811.3883      21084.8252      0               4.97880137e-09 
15811.3883      21084.8252      1.76767344e-10  -0.00306556352 
15811.3883      21084.8252      3.14341729e-10  -0.00545143316 
15811.3883      21084.8252      5.58987424e-10  -0.00969417772 
15811.3883      21084.8252      9.94035826e-10  -0.0172389684  
15811.3883      21084.8252      1.76767344e-09  -0.0306557316  
15811.3883      21084.8252      3.14341729e-09  -0.0545145394  
15811.3883      21084.8252      5.58987424e-09  -0.0969423374  
15811.3883      21084.8252      9.94035826e-09  -0.172391358   
15811.3883      21084.8252      1.76767344e-08  -0.306562509   
15811.3883      21084.8252      3.14341729e-08  -0.545161697   
15811.3883      21084.8252      5.58987424e-08  -0.969474709   
15811.3883      21084.8252      9.94035826e-08  -1.72407514    
15811.3883      21084.8252      1.76767344e-07  -3.06613213    
15811.3883      21084.8252      3.14341729e-07  -5.45319967    
15811.3883      21084.8252      5.58987424e-07  -9.69964073    
15811.3883      21084.8252      9.94035826e-07  -17.2556439    
15811.3883      21084.8252      1.76767344e-06  -30.705506     
15811.3883      21084.8252      3.14341729e-06  -54.6581846    
15811.3883      21084.8252      5.58987424e-06  -97.338332     
15811.3883      21084.8252      9.94035826e-06  -173.423969    
15811.3883      21084.8252      1.76767344e-05  -309.097316    
15811.3883      21084.8252      3.14341729e-05  -551.023638    
15811.3883      21084.8252      5.58987424e-05  -982.308966    
15811.3883      21084.8252      9.94035826e-05  -1750.86889    
21084.8252      28117.0663      0               0.00494105386  
21084.8252      28117.0663      1.76767344e-10  0.00367955547  
21084.8252      28117.0663      3.14341729e-10  0.00269715028  
21084.8252      28117.0663      5.58987424e-10  0.000948849481 
21084.8252      28117.0663      9.94035826e-10  -0.00216424841 
21084.8252      28117.0663      1.76767344e-09  -0.00771320304 
21084.8252      28117.0663      3.14341729e-09  -0.0176215314  
21084.8252      28117.0663      5.58987424e-09  -0.0353681277  
21084.8252      28117.0663      9.94035826e-09  -0.067316704   
21084.8252      28117.0663      1.76767344e-08  -0.125306449   
21084.8252      28117.0663      3.14341729e-08  -0.231855917   
21084.8252      28117.0663      5.58987424e-08  -0.43078702    
21084.8252      28117.0663      9.94035826e-08  -0.808569214   
21084.8252      28117.0663      1.76767344e-07  -1.53488916    
21084.8252      28117.0663      3.14341729e-07  -2.93433845    
21084.8252      28117.0663      5.58987424e-07  -5.60813755    
21084.8252      28117.0663      9.94035826e-07  -10.6450838    
21084.8252      28117.0663      1.76767344e-06  -19.9997115    
21084.8252      28117.0663      3.14341729e-06  -37.1715286    
21084.8252      28117.0663      5.58987424e-06  -68.4088384    
21084.8252      28117.0663      9.94035826e-06  -124.835004    
21084.8252      28117.0663      1.76767344e-05  -226.224801    
21084.8252      28117.0663      3.14341729e-05  -407.736305    
21084.8252      28117.0663      5.58987424e-05  -731.908189    
21084.8252      28117.0663      9.94035826e-05  -1310.01205    
28117.0663      37494.7105      0               2.5648319e-09  
28117.0663      37494.7105      1.76767344e-10  -0.00157918484 
28117.0663      37494.7105      3.14341729e-10  -0.00280825617 
28117.0663      37494.7105      5.58987424e-10  -0.0049939366  
28117.0663      37494.7105      9.94035826e-10  -0.00888083936 
28117.0663      37494.7105      1.76767344e-09  -0.0157933196  
28117.0663      37494.7105      3.14341729e-09  -0.0280871596  
28117.0663      37494.7105      5.58987424e-09  -0.0499538303  
28117.0663      37494.7105      9.94035826e-09  -0.0888539412  
28117.0663      37494.7105      1.76767344e-08  -0.158076385   
28117.0663      37494.7105      3.14341729e-08  -0.281319945   
28117.0663      37494.7105      5.58987424e-08  -0.500931984   
28117.0663      37494.7105      9.94035826e-08  -0.892817645   
28117.0663      37494.7105      1.76767344e-07  -1.59362569    
28117.0663      37494.7105      3.14341729e-07  -2.85060566    
28117.0663      37494.7105      5.58987424e-07  -5.11287823    
28117.0663      37494.7105      9.94035826e-07  -9.19630609    
28117.0663      37494.7105      1.76767344e-06  -16.5758465    
28117.0663      37494.7105      3.14341729e-06  -29.8996518    
28117.0663      37494.7105      5.58987424e-06  -53.8988466    
28117.0663      37494.7105      9.94035826e-06  -97.00921      
28117.0663      37494.7105      1.76767344e-05  -174.260935    
28117.0663      37494.7105      3.14341729e-05  -312.413719    
28117.0663      37494.7105      5.58987424e-05  -559.075726    
28117.0663      37494.7105      9.94035826e-05  -998.90932     
37494.7105      50000           0               -0.0620652627  
37494.7105      50000           1.76767344e-10  -0.061501243   
37494.7105      50000           3.14341729e-10  -0.0610645368  
37494.7105      50000           5.58987424e-10  -0.0602928166  
37494.7105      50000           9.94035826e-10  -0.0589357838  
37494.7105      50000           1.76767344e-09  -0.0565705153  
37494.7105      50000           3.14341729e-09  -0.0525133303  
37494.7105      50000           5.58987424e-09  -0.045755393   
37494.7105      50000           9.94035826e-09  -0.0351085416  
37494.7105      50000           1.76767344e-08  -0.0201371724  
37494.7105      50000           3.14341729e-08  -0.00430320437 
37494.7105      50000           5.58987424e-08  -0.00302649905 
37494.7105      50000           9.94035826e-08  -0.0600693508  
37494.7105      50000           1.76767344e-07  -0.274501338   
37494.7105      50000           3.14341729e-07  -0.840283767   
37494.7105      50000           5.58987424e-07  -2.10862818    
37494.7105      50000           9.94035826e-07  -4.70062541    
37494.7105      50000           1.76767344e-06  -9.71868006    
37494.7105      50000           3.14341729e-06  -19.1346352    
37494.7105      50000           5.58987424e-06  -36.486077     
37494.7105      50000           9.94035826e-06  -68.1128066    
37494.7105      50000           1.76767344e-05  -125.347271    
37494.7105      50000           3.14341729e-05  -228.394615    
37494.7105      50000           5.58987424e-05  -413.215935    
37494.7105      50000           9.94035826e-05  -743.765714    
50000           66676.0716      0               1.65087499e-09 
50000           66676.0716      1.76767344e-10  -0.00101645153 
50000           66676.0716      3.14341729e-10  -0.00180753611 
50000           66676.0716      5.58987424e-10  -0.00321430553 
50000           66676.0716      9.94035826e-10  -0.00571593462 
50000           66676.0716      1.76767344e-09  -0.0101645301  
50000           66676.0716      3.14341729e-09  -0.018075376   
50000           66676.0716      5.58987424e-09  -0.0321430703  
50000           66676.0716      9.94035826e-09  -0.0571593617  
50000           66676.0716      1.76767344e-08  -0.101645318   
50000           66676.0716      3.14341729e-08  -0.18075378    
50000           66676.0716      5.58987424e-08  -0.321430736   
50000           66676.0716      9.94035826e-08  -0.571593688   
50000           66676.0716      1.76767344e-07  -1.01645338    
50000           66676.0716      3.14341729e-07  -1.80753839    
50000           66676.0716      5.58987424e-07  -3.21430916    
50000           66676.0716      9.94035826e-07  -5.71594256    
50000           66676.0716      1.76767344e-06  -10.1645516    
50000           66676.0716      3.14341729e-06  -18.0754403    
50000           66676.0716      5.58987424e-06  -32.1432694    
50000           66676.0716      9.94035826e-06  -57.1599839    
50000           66676.0716      1.76767344e-05  -101.647261    
50000           66676.0716      3.14341729e-05  -180.759809    
50000           66676.0716      5.58987424e-05  -321.449205    
50000           66676.0716      9.94035826e-05  -571.649102    
66676.0716      88913.9705      0               1.23259269e-09 
66676.0716      88913.9705      1.76767344e-10  -0.000758916503
66676.0716      88913.9705      3.14341729e-10  -0.00134956655 
66676.0716      88913.9705      5.58987424e-10  -0.00239990737 
66676.0716      88913.9705      9.94035826e-10  -0.00426770682 
66676.0716      88913.9705      1.76767344e-09  -0.00758917613 
66676.0716      88913.9705      3.14341729e-09  -0.0134956766  
66676.0716      88913.9705      5.58987424e-09  -0.0239990848  
66676.0716      88913.9705      9.94035826e-09  -0.0426770794  
66676.0716      88913.9705      1.76767344e-08  -0.0758917729  
66676.0716      88913.9705      3.14341729e-08  -0.134956779   
66676.0716      88913.9705      5.58987424e-08  -0.239990864   
66676.0716      88913.9705      9.94035826e-08  -0.426770822   
66676.0716      88913.9705      1.76767344e-07  -0.758917791   
66676.0716      88913.9705      3.14341729e-07  -1.34956796    
66676.0716      88913.9705      5.58987424e-07  -2.39990917    
66676.0716      88913.9705      9.94035826e-07  -4.26770985    
66676.0716      88913.9705      1.76767344e-06  -7.58918303    
66676.0716      88913.9705      3.14341729e-06  -13.4956958    
66676.0716      88913.9705      5.58987424e-06  -23.9991426    
66676.0716      88913.9705      9.94035826e-06  -42.6772586    
66676.0716      88913.9705      1.76767344e-05  -75.8923324    
66676.0716      88913.9705      3.14341729e-05  -134.958521    
66676.0716      88913.9705      5.58987424e-05  -239.996242    
66676.0716      88913.9705      9.94035826e-05  -426.787147    
88913.9705      118568.685      0               9.20195475e-10 
88913.9705      118568.685      1.76767344e-10  -0.000566569202
88913.9705      118568.685      3.14341729e-10  -0.00100751906 
88913.9705      118568.685      5.58987424e-10  -0.00179165112 
88913.9705      118568.685      9.94035826e-10  -0.00318605702 
88913.9705      118568.685      1.76767344e-09  -0.00566570032 
88913.9705      118568.685      3.14341729e-09  -0.010075199   
88913.9705      118568.685      5.58987424e-09  -0.0179165197  
88913.9705      118568.685      9.94035826e-09  -0.031860579   
88913.9705      118568.685      1.76767344e-08  -0.0566570132  
88913.9705      118568.685      3.14341729e-08  -0.100752003   
88913.9705      118568.685      5.58987424e-08  -0.179165222   
88913.9705      118568.685      9.94035826e-08  -0.318605852   
88913.9705      118568.685      1.76767344e-07  -0.566570311   
88913.9705      118568.685      3.14341729e-07  -1.00752058    
88913.9705      118568.685      5.58987424e-07  -1.79165394    
88913.9705      118568.685      9.94035826e-07  -3.18606393    
88913.9705      118568.685      1.76767344e-06  -5.66572017    
88913.9705      118568.685      3.14341729e-06  -10.0752596    
88913.9705      118568.685      5.58987424e-06  -17.9167083    
88913.9705      118568.685      9.94035826e-06  -31.861168     
88913.9705      118568.685      1.76767344e-05  -56.6588429    
88913.9705      118568.685      3.14341729e-05  -100.757623    
88913.9705      118568.685      5.58987424e-05  -179.182147    
88913.9705      118568.685      9.94035826e-05  -318.655265    
118568.685      158113.883      0               0.000114096084 
118568.685      158113.883      1.76767344e-10  -0.000307739189
118568.685      158113.883      3.14341729e-10  -0.000636044898
118568.685      158113.883      5.58987424e-10  -0.00121986418 
118568.685      158113.883      9.94035826e-10  -0.00225805799 
118568.685      158113.883      1.76767344e-09  -0.00410425668 
118568.685      158113.883      3.14341729e-09  -0.00738731382 
118568.685      158113.883      5.58987424e-09  -0.0132255068  
118568.685      158113.883      9.94035826e-09  -0.0236074456  
118568.685      158113.883      1.76767344e-08  -0.0420694344  
118568.685      158113.883      3.14341729e-08  -0.0749000121  
118568.685      158113.883      5.58987424e-08  -0.133281962   
118568.685      158113.883      9.94035826e-08  -0.237101412   
118568.685      158113.883      1.76767344e-07  -0.421721498   
118568.685      158113.883      3.14341729e-07  -0.7500279     
118568.685      158113.883      5.58987424e-07  -1.33384937    
118568.685      158113.883      9.94035826e-07  -2.37205011    
118568.685      158113.883      1.76767344e-06  -4.21827061    
118568.685      158113.883      3.14341729e-06  -7.50139642    
118568.685      158113.883      5.58987424e-06  -13.3398047    
118568.685      158113.883      9.94035826e-06  -23.7224137    
118568.685      158113.883      1.76767344e-05  -42.1864662    
118568.685      158113.883      3.14341729e-05  -75.0232773    
118568.685      158113.883      5.58987424e-05  -133.423488    
118568.685      158113.883      9.94035826e-05  -237.294019    
158113.883      210848.252      0               0.000903811982 
158113.883      210848.252      1.76767344e-10  0.000588568044 
158113.883      210848.252      3.14341729e-10  0.000343220178 
158113.883      210848.252      5.58987424e-10  -9.30768814e-05
158113.883      210848.252      9.94035826e-10  -0.000868934963
158113.883      210848.252      1.76767344e-09  -0.00224862742 
158113.883      210848.252      3.14341729e-09  -0.00470210616 
158113.883      210848.252      5.58987424e-09  -0.00906507698 
158113.883      210848.252      9.94035826e-09  -0.0168236585  
158113.883      210848.252      1.76767344e-08  -0.0306205854  
158113.883      210848.252      3.14341729e-08  -0.05515538    
158113.883      210848.252      5.58987424e-08  -0.0987851112  
158113.883      210848.252      9.94035826e-08  -0.176370999   
158113.883      210848.252      1.76767344e-07  -0.314340498   
158113.883      210848.252      3.14341729e-07  -0.559689168   
158113.883      210848.252      5.58987424e-07  -0.995988768   
158113.883      210848.252      9.94035826e-07  -1.77185487    
158113.883      210848.252      1.76767344e-06  -3.15157262    
158113.883      210848.252      3.14341729e-06  -5.60513091    
158113.883      210848.252      5.58987424e-06  -9.96835093    
158113.883      210848.252      9.94035826e-06  -17.7277076    
158113.883      210848.252      1.76767344e-05  -31.5270164    
158113.883      210848.252      3.14341729e-05  -56.0689833    
158113.883      210848.252      5.58987424e-05  -99.7196225    
158113.883      210848.252      9.94035826e-05  -177.363584    
210848.252      281170.663      0               0.000583230188 
210848.252      281170.663      1.76767344e-10  0.000349693052 
210848.252      281170.663      3.14341729e-10  0.000167935903 
210848.252      281170.663      5.58987424e-10  -0.000155279103
210848.252      281170.663      9.94035826e-10  -0.000730045722
210848.252      281170.663      1.76767344e-09  -0.00175214146 
210848.252      281170.663      3.14341729e-09  -0.00356971358 
210848.252      281170.663      5.58987424e-09  -0.00680186562 
210848.252      281170.663      9.94035826e-09  -0.0125495381  
210848.252      281170.663      1.76767344e-08  -0.0227705153  
210848.252      281170.663      3.14341729e-08  -0.0409462991  
210848.252      281170.663      5.58987424e-08  -0.0732680173  
210848.252      281170.663      9.94035826e-08  -0.130745367   
210848.252      281170.663      1.76767344e-07  -0.232957116   
210848.252      281170.663      3.14341729e-07  -0.414721192   
210848.252      281170.663      5.58987424e-07  -0.737958041   
210848.252      281170.663      9.94035826e-07  -1.3127934     
210848.252      281170.663      1.76767344e-06  -2.33510461    
210848.252      281170.663      3.14341729e-06  -4.15334772    
210848.252      281170.663      5.58987424e-06  -7.3875657     
210848.252      281170.663      9.94035826e-06  -13.1414793    
210848.252      281170.663      1.76767344e-05  -23.3807427    
210848.252      281170.663      3.14341729e-05  -41.6076916    
210848.252      281170.663      5.58987424e-05  -74.0637991    
210848.252      281170.663      9.94035826e-05  -131.868083    
281170.663      374947.105      0               2.85237167e-10 
281170.663      374947.105      1.76767344e-10  -0.000175623368
281170.663      374947.105      3.14341729e-10  -0.000312307641
281170.663      374947.105      5.58987424e-10  -0.000555370469
281170.663      374947.105      9.94035826e-10  -0.000987604092
281170.663      374947.105      1.76767344e-09  -0.00175623624 
281170.663      374947.105      3.14341729e-09  -0.00312307897 
281170.663      374947.105      5.58987424e-09  -0.00555370726 
281170.663      374947.105      9.94035826e-09  -0.00987604348 
281170.663      374947.105      1.76767344e-08  -0.017562365   
281170.663      374947.105      3.14341729e-08  -0.0312307923  
281170.663      374947.105      5.58987424e-08  -0.0555370751  
281170.663      374947.105      9.94035826e-08  -0.0987604374  
281170.663      374947.105      1.76767344e-07  -0.175623653   
281170.663      374947.105      3.14341729e-07  -0.312307926   
281170.663      374947.105      5.58987424e-07  -0.555370754   
281170.663      374947.105      9.94035826e-07  -0.987604377   
281170.663      374947.105      1.76767344e-06  -1.75623653    
281170.663      374947.105      3.14341729e-06  -3.12307926    
281170.663      374947.105      5.58987424e-06  -5.55370754    
281170.663      374947.105      9.94035826e-06  -9.87604377    
281170.663      374947.105      1.76767344e-05  -17.5623653    
281170.663      374947.105      3.14341729e-05  -31.2307926    
281170.663      374947.105      5.58987424e-05  -55.5370754    
281170.663      374947.105      9.94035826e-05  -98.7604377    
374947.105      500000          0               1.15597627e-06 
374947.105      500000          1.76767344e-10  -0.000127037731
374947.105      500000          3.14341729e-10  -0.000226808253
374947.105      500000          5.58987424e-10  -0.000404228119
374947.105      500000          9.94035826e-10  -0.000719730214
374947.105      500000          1.76767344e-09  -0.00128078109 
374947.105      500000          3.14341729e-09  -0.00227848632 
374947.105      500000          5.58987424e-09  -0.00405268498 
374947.105      500000          9.94035826e-09  -0.00720770592 
374947.105      500000          1.76767344e-08  -0.0128182147  
374947.105      500000          3.14341729e-08  -0.022795267   
374947.105      500000          5.58987424e-08  -0.0405372536  
374947.105      500000          9.94035826e-08  -0.072087463   
374947.105      500000          1.76767344e-07  -0.128192551   
374947.105      500000          3.14341729e-07  -0.227963073   
374947.105      500000          5.58987424e-07  -0.405382939   
374947.105      500000          9.94035826e-07  -0.720885034   
374947.105      500000          1.76767344e-06  -1.28193591    
374947.105      500000          3.14341729e-06  -2.27964114    
374947.105      500000          5.58987424e-06  -4.0538398     
374947.105      500000          9.94035826e-06  -7.20886074    
374947.105      500000          1.76767344e-05  -12.8193695    
374947.105      500000          3.14341729e-05  -22.7964218    
374947.105      500000          5.58987424e-05  -40.5384084    
374947.105      500000          9.94035826e-05  -72.088618     
