### like_bootes_I.txt
#[0]emin(MeV) [1]emax(MeV) [2]eflux(MeV/cm^2/s) [3]deltaLogLike
500             666.760716      0               -0.00362941254 
500             666.760716      1.76771443e-10  -0.00331689286 
500             666.760716      3.14349017e-10  -0.00308058743 
500             666.760716      5.59000384e-10  -0.00267532236 
500             666.760716      9.94058873e-10  -0.00200185763 
500             666.760716      1.76771443e-09  -0.000953133404
500             666.760716      3.14349017e-09  0.000443244629 
500             666.760716      5.59000384e-09  0.00145728975  
500             666.760716      9.94058873e-09  -0.00131620516 
500             666.760716      1.76771443e-08  -0.0203496329  
500             666.760716      3.14349017e-08  -0.0968476189  
500             666.760716      5.59000384e-08  -0.358110698   
500             666.760716      9.94058873e-08  -1.17432244    
500             666.760716      1.76771443e-07  -3.55440566    
500             666.760716      3.14349017e-07  -10.064165     
500             666.760716      5.59000384e-07  -26.8057373    
500             666.760716      9.94058873e-07  -67.4757729    
500             666.760716      1.76771443e-06  -161.398015    
500             666.760716      3.14349017e-06  -368.910851    
500             666.760716      5.59000384e-06  -809.947024    
500             666.760716      9.94058873e-06  -1715.89119    
500             666.760716      1.76771443e-05  -3522.37638    
500             666.760716      3.14349017e-05  -7034.23523    
500             666.760716      5.59000384e-05  -13717.9763    
500             666.760716      9.94058873e-05  -26219.9933    
666.760716      889.139705      0               0.00702522441  
666.760716      889.139705      1.76771443e-10  0.00364301487  
666.760716      889.139705      3.14349017e-10  0.00100339982  
666.760716      889.139705      5.59000384e-10  -0.0037063559  
666.760716      889.139705      9.94058873e-10  -0.012131408   
666.760716      889.139705      1.76771443e-09  -0.027270295   
666.760716      889.139705      3.14349017e-09  -0.0546836154  
666.760716      889.139705      5.59000384e-09  -0.104968383   
666.760716      889.139705      9.94058873e-09  -0.199138634   
666.760716      889.139705      1.76771443e-08  -0.3810564     
666.760716      889.139705      3.14349017e-08  -0.747474691   
666.760716      889.139705      5.59000384e-08  -1.52186911    
666.760716      889.139705      9.94058873e-08  -3.23321335    
666.760716      889.139705      1.76771443e-07  -7.13196809    
666.760716      889.139705      3.14349017e-07  -16.1069758    
666.760716      889.139705      5.59000384e-07  -36.5909769    
666.760716      889.139705      9.94058873e-07  -82.3087002    
666.760716      889.139705      1.76771443e-06  -181.330439    
666.760716      889.139705      3.14349017e-06  -388.970974    
666.760716      889.139705      5.59000384e-06  -811.083693    
666.760716      889.139705      9.94058873e-06  -1646.0116     
666.760716      889.139705      1.76771443e-05  -3259.96053    
666.760716      889.139705      3.14349017e-05  -6321.70292    
666.760716      889.139705      5.59000384e-05  -12042.0737    
666.760716      889.139705      9.94058873e-05  -22598.7717    
889.139705      1185.68685      0               0.000174826184 
889.139705      1185.68685      1.76771443e-10  -0.00629266569 
889.139705      1185.68685      3.14349017e-10  -0.0113321209  
889.139705      1185.68685      5.59000384e-10  -0.0203065015  
889.139705      1185.68685      9.94058873e-10  -0.0363059036  
889.139705      1185.68685      1.76771443e-09  -0.0648846626  
889.139705      1185.68685      3.14349017e-09  -0.116105356   
889.139705      1185.68685      5.59000384e-09  -0.208437226   
889.139705      1185.68685      9.94058873e-09  -0.376482929   
889.139705      1185.68685      1.76771443e-08  -0.687031499   
889.139705      1185.68685      3.14349017e-08  -1.27398174    
889.139705      1185.68685      5.59000384e-08  -2.41665983    
889.139705      1185.68685      9.94058873e-08  -4.71603532    
889.139705      1185.68685      1.76771443e-07  -9.481743      
889.139705      1185.68685      3.14349017e-07  -19.5465033    
889.139705      1185.68685      5.59000384e-07  -40.8966308    
889.139705      1185.68685      9.94058873e-07  -85.7919683    
889.139705      1185.68685      1.76771443e-06  -178.552097    
889.139705      1185.68685      3.14349017e-06  -366.112064    
889.139705      1185.68685      5.59000384e-06  -737.101627    
889.139705      1185.68685      9.94058873e-06  -1456.06135    
889.139705      1185.68685      1.76771443e-05  -2824.444      
889.139705      1185.68685      3.14349017e-05  -5389.07228    
889.139705      1185.68685      5.59000384e-05  -10134.8436    
889.139705      1185.68685      9.94058873e-05  -18827.1654    
1185.68685      1581.13883      0               0.000655336979 
1185.68685      1581.13883      1.76771443e-10  -0.000563537273
1185.68685      1581.13883      3.14349017e-10  -0.00153447022 
1185.68685      1581.13883      5.59000384e-10  -0.00330900568 
1185.68685      1581.13883      9.94058873e-10  -0.00661491628 
1185.68685      1581.13883      1.76771443e-09  -0.0129617298  
1185.68685      1581.13883      3.14349017e-09  -0.0256887564  
1185.68685      1581.13883      5.59000384e-09  -0.0526711207  
1185.68685      1581.13883      9.94058873e-09  -0.113386281   
1185.68685      1581.13883      1.76771443e-08  -0.25689904    
1185.68685      1581.13883      3.14349017e-08  -0.604993566   
1185.68685      1581.13883      5.59000384e-08  -1.44772939    
1185.68685      1581.13883      9.94058873e-08  -3.43971816    
1185.68685      1581.13883      1.76771443e-07  -7.98279664    
1185.68685      1581.13883      3.14349017e-07  -17.9517168    
1185.68685      1581.13883      5.59000384e-07  -39.0496279    
1185.68685      1581.13883      9.94058873e-07  -82.3145195    
1185.68685      1581.13883      1.76771443e-06  -168.722323    
1185.68685      1581.13883      3.14349017e-06  -337.585977    
1185.68685      1581.13883      5.59000384e-06  -661.752869    
1185.68685      1581.13883      9.94058873e-06  -1274.85177    
1185.68685      1581.13883      1.76771443e-05  -2419.80242    
1185.68685      1581.13883      3.14349017e-05  -4534.908      
1185.68685      1581.13883      5.59000384e-05  -8406.64135    
1185.68685      1581.13883      9.94058873e-05  -15441.1039    
1581.13883      2108.48252      0               3.09665556e-05 
1581.13883      2108.48252      1.76771443e-10  -0.00169530986 
1581.13883      2108.48252      3.14349017e-10  -0.0030516107  
1581.13883      2108.48252      5.59000384e-10  -0.00549102792 
1581.13883      2108.48252      9.94058873e-10  -0.00991566071 
1581.13883      2108.48252      1.76771443e-09  -0.0180556974  
1581.13883      2108.48252      3.14349017e-09  -0.0333780072  
1581.13883      2108.48252      5.59000384e-09  -0.0632363262  
1581.13883      2108.48252      9.94058873e-09  -0.124231997   
1581.13883      2108.48252      1.76771443e-08  -0.255871711   
1581.13883      2108.48252      3.14349017e-08  -0.554719765   
1581.13883      2108.48252      5.59000384e-08  -1.25472898    
1581.13883      2108.48252      9.94058873e-08  -2.89920465    
1581.13883      2108.48252      1.76771443e-07  -6.67390992    
1581.13883      2108.48252      3.14349017e-07  -15.0111615    
1581.13883      2108.48252      5.59000384e-07  -32.6722611    
1581.13883      2108.48252      9.94058873e-07  -68.7155446    
1581.13883      2108.48252      1.76771443e-06  -140.094934    
1581.13883      2108.48252      3.14349017e-06  -278.200179    
1581.13883      2108.48252      5.59000384e-06  -540.653461    
1581.13883      2108.48252      9.94058873e-06  -1032.43109    
1581.13883      2108.48252      1.76771443e-05  -1943.41772    
1581.13883      2108.48252      3.14349017e-05  -3614.95977    
1581.13883      2108.48252      5.59000384e-05  -6657.93664    
1581.13883      2108.48252      9.94058873e-05  -12162.6469    
2108.48252      2811.70663      0               1.23924765e-05 
2108.48252      2811.70663      1.76771443e-10  -0.000686651532
2108.48252      2811.70663      3.14349017e-10  -0.00124733752 
2108.48252      2811.70663      5.59000384e-10  -0.00228015172 
2108.48252      2811.70663      9.94058873e-10  -0.00422890129 
2108.48252      2811.70663      1.76771443e-09  -0.00804359705 
2108.48252      2811.70663      3.14349017e-09  -0.0159032027  
2108.48252      2811.70663      5.59000384e-09  -0.033132802   
2108.48252      2811.70663      9.94058873e-09  -0.0733095076  
2108.48252      2811.70663      1.76771443e-08  -0.171431029   
2108.48252      2811.70663      3.14349017e-08  -0.415715895   
2108.48252      2811.70663      5.59000384e-08  -1.01790665    
2108.48252      2811.70663      9.94058873e-08  -2.45518588    
2108.48252      2811.70663      1.76771443e-07  -5.73614493    
2108.48252      2811.70663      3.14349017e-07  -12.8773716    
2108.48252      2811.70663      5.59000384e-07  -27.7502782    
2108.48252      2811.70663      9.94058873e-07  -57.6059839    
2108.48252      2811.70663      1.76771443e-06  -115.839382    
2108.48252      2811.70663      3.14349017e-06  -226.975393    
2108.48252      2811.70663      5.59000384e-06  -435.613188    
2108.48252      2811.70663      9.94058873e-06  -822.407509    
2108.48252      2811.70663      1.76771443e-05  -1532.51838    
2108.48252      2811.70663      3.14349017e-05  -2826.13718    
2108.48252      2811.70663      5.59000384e-05  -5168.20735    
2108.48252      2811.70663      9.94058873e-05  -9387.89666    
2811.70663      3749.47105      0               5.67020079e-05 
2811.70663      3749.47105      1.76771443e-10  -0.00100897025 
2811.70663      3749.47105      3.14349017e-10  -0.00186381079 
2811.70663      3749.47105      5.59000384e-10  -0.00343834326 
2811.70663      3749.47105      9.94058873e-10  -0.00640739137 
2811.70663      3749.47105      1.76771443e-09  -0.012206217   
2811.70663      3749.47105      3.14349017e-09  -0.0240770059  
2811.70663      3749.47105      5.59000384e-09  -0.0497026583  
2811.70663      3749.47105      9.94058873e-09  -0.107632549   
2811.70663      3749.47105      1.76771443e-08  -0.241783652   
2811.70663      3749.47105      3.14349017e-08  -0.550736281   
2811.70663      3749.47105      5.59000384e-08  -1.24137187    
2811.70663      3749.47105      9.94058873e-08  -2.7248948     
2811.70663      3749.47105      1.76771443e-07  -5.79722868    
2811.70663      3749.47105      3.14349017e-07  -11.9871433    
2811.70663      3749.47105      5.59000384e-07  -24.2125164    
2811.70663      3749.47105      9.94058873e-07  -47.977021     
2811.70663      3749.47105      1.76771443e-06  -93.5103344    
2811.70663      3749.47105      3.14349017e-06  -179.570431    
2811.70663      3749.47105      5.59000384e-06  -340.196486    
2811.70663      3749.47105      9.94058873e-06  -636.711121    
2811.70663      3749.47105      1.76771443e-05  -1179.04868    
2811.70663      3749.47105      3.14349017e-05  -2163.64677    
2811.70663      3749.47105      5.59000384e-05  -3940.77834    
2811.70663      3749.47105      9.94058873e-05  -7134.24555    
3749.47105      5000            0               3.1923264e-09  
3749.47105      5000            1.76771443e-10  -0.00197808359 
3749.47105      5000            3.14349017e-10  -0.00353503494 
3749.47105      5000            5.59000384e-10  -0.00634107825 
3749.47105      5000            9.94058873e-10  -0.0114474078  
3749.47105      5000            1.76771443e-09  -0.0208866886  
3749.47105      5000            3.14349017e-09  -0.0387576224  
3749.47105      5000            5.59000384e-09  -0.0737171515  
3749.47105      5000            9.94058873e-09  -0.144738816   
3749.47105      5000            1.76771443e-08  -0.293854286   
3749.47105      5000            3.14349017e-08  -0.611909687   
3749.47105      5000            5.59000384e-08  -1.28532964    
3749.47105      5000            9.94058873e-08  -2.67590133    
3749.47105      5000            1.76771443e-07  -5.45997063    
3749.47105      5000            3.14349017e-07  -10.8834011    
3749.47105      5000            5.59000384e-07  -21.2339636    
3749.47105      5000            9.94058873e-07  -40.7077519    
3749.47105      5000            1.76771443e-06  -76.9829492    
3749.47105      5000            3.14349017e-06  -144.053428    
3749.47105      5000            5.59000384e-06  -267.285961    
3749.47105      5000            9.94058873e-06  -492.392196    
3749.47105      5000            1.76771443e-05  -901.318587    
3749.47105      5000            3.14349017e-05  -1640.42498    
3749.47105      5000            5.59000384e-05  -2970.55985    
3749.47105      5000            9.94058873e-05  -5356.13564    
5000            6667.60716      0               -0.714480545   
5000            6667.60716      1.76771443e-10  -0.706344401   
5000            6667.60716      3.14349017e-10  -0.700069735   
5000            6667.60716      5.59000384e-10  -0.68903436    
5000            6667.60716      9.94058873e-10  -0.669791072   
5000            6667.60716      1.76771443e-09  -0.636734897   
5000            6667.60716      3.14349017e-09  -0.581422548   
5000            6667.60716      5.59000384e-09  -0.492998416   
5000            6667.60716      9.94058873e-09  -0.362432441   
5000            6667.60716      1.76771443e-08  -0.195441506   
5000            6667.60716      3.14349017e-08  -0.0392143249  
5000            6667.60716      5.59000384e-08  -0.0246931214  
5000            6667.60716      9.94058873e-08  -0.427268231   
5000            6667.60716      1.76771443e-07  -1.7673265     
5000            6667.60716      3.14349017e-07  -5.00243094    
5000            6667.60716      5.59000384e-07  -11.8926234    
5000            6667.60716      9.94058873e-07  -25.6662323    
5000            6667.60716      1.76771443e-06  -52.2092508    
5000            6667.60716      3.14349017e-06  -102.177943    
5000            6667.60716      5.59000384e-06  -194.747965    
5000            6667.60716      9.94058873e-06  -364.271946    
5000            6667.60716      1.76771443e-05  -672.108366    
5000            6667.60716      3.14349017e-05  -1227.64576    
5000            6667.60716      5.59000384e-05  -2225.6753     
5000            6667.60716      9.94058873e-05  -4012.83804    
6667.60716      8891.39705      0               0.000252559639 
6667.60716      8891.39705      1.76771443e-10  -0.00374995843 
6667.60716      8891.39705      3.14349017e-10  -0.00686615803 
6667.60716      8891.39705      5.59000384e-10  -0.0124100517  
6667.60716      8891.39705      9.94058873e-10  -0.0222762674  
6667.60716      8891.39705      1.76771443e-09  -0.0398450994  
6667.60716      8891.39705      3.14349017e-09  -0.0711621999  
6667.60716      8891.39705      5.59000384e-09  -0.127084341   
6667.60716      8891.39705      9.94058873e-09  -0.227235151   
6667.60716      8891.39705      1.76771443e-08  -0.40742394    
6667.60716      8891.39705      3.14349017e-08  -0.733787058   
6667.60716      8891.39705      5.59000384e-08  -1.32987111    
6667.60716      8891.39705      9.94058873e-08  -2.42754594    
6667.60716      8891.39705      1.76771443e-07  -4.4588761     
6667.60716      8891.39705      3.14349017e-07  -8.21577444    
6667.60716      8891.39705      5.59000384e-07  -15.1265499    
6667.60716      8891.39705      9.94058873e-07  -27.7461973    
6667.60716      8891.39705      1.76771443e-06  -50.6382052    
6667.60716      8891.39705      3.14349017e-06  -91.9572763    
6667.60716      8891.39705      5.59000384e-06  -166.276241    
6667.60716      8891.39705      9.94058873e-06  -299.626167    
6667.60716      8891.39705      1.76771443e-05  -538.476538    
6667.60716      8891.39705      3.14349017e-05  -965.719151    
6667.60716      8891.39705      5.59000384e-05  -1729.08609    
6667.60716      8891.39705      9.94058873e-05  -3091.64555    
8891.39705      11856.8685      0               3.57226781e-09 
8891.39705      11856.8685      1.76771443e-10  -0.00220048457 
8891.39705      11856.8685      3.14349017e-10  -0.00391467768 
8891.39705      11856.8685      5.59000384e-10  -0.00696643799 
8891.39705      11856.8685      9.94058873e-10  -0.0124041699  
8891.39705      11856.8685      1.76771443e-09  -0.0221080191  
8891.39705      11856.8685      3.14349017e-09  -0.0394703552  
8891.39705      11856.8685      5.59000384e-09  -0.0706731911  
8891.39705      11856.8685      9.94058873e-09  -0.127154238   
8891.39705      11856.8685      1.76771443e-08  -0.230516453   
8891.39705      11856.8685      3.14349017e-08  -0.422512595   
8891.39705      11856.8685      5.59000384e-08  -0.785234239   
8891.39705      11856.8685      9.94058873e-08  -1.48020423    
8891.39705      11856.8685      1.76771443e-07  -2.81917273    
8891.39705      11856.8685      3.14349017e-07  -5.38622776    
8891.39705      11856.8685      5.59000384e-07  -10.248524     
8891.39705      11856.8685      9.94058873e-07  -19.3289058    
8891.39705      11856.8685      1.76771443e-06  -36.0728573    
8891.39705      11856.8685      3.14349017e-06  -66.6437143    
8891.39705      11856.8685      5.59000384e-06  -122.058427    
8891.39705      11856.8685      9.94058873e-06  -221.987427    
8891.39705      11856.8685      1.76771443e-05  -401.506472    
8891.39705      11856.8685      3.14349017e-05  -723.110847    
8891.39705      11856.8685      5.59000384e-05  -1298.10734    
8891.39705      11856.8685      9.94058873e-05  -2324.68139    
11856.8685      15811.3883      0               4.89148988e-09 
11856.8685      15811.3883      1.76771443e-10  -0.00301164547 
11856.8685      15811.3883      3.14349017e-10  -0.00535555478 
11856.8685      15811.3883      5.59000384e-10  -0.00952368876 
11856.8685      15811.3883      9.94058873e-10  -0.0169358219  
11856.8685      15811.3883      1.76771443e-09  -0.0301167487  
11856.8685      15811.3883      3.14349017e-09  -0.0535563823  
11856.8685      15811.3883      5.59000384e-09  -0.0952394303  
11856.8685      15811.3883      9.94058873e-09  -0.169366158   
11856.8685      15811.3883      1.76771443e-08  -0.301192465   
11856.8685      15811.3883      3.14349017e-08  -0.535642521   
11856.8685      15811.3883      5.59000384e-08  -0.952641993   
11856.8685      15811.3883      9.94058873e-08  -1.69443876    
11856.8685      15811.3883      1.76771443e-07  -3.01434927    
11856.8685      15811.3883      3.14349017e-07  -5.36391449    
11856.8685      15811.3883      5.59000384e-07  -9.54916838    
11856.8685      15811.3883      9.94058873e-07  -17.0116362    
11856.8685      15811.3883      1.76771443e-06  -30.3342285    
11856.8685      15811.3883      3.14349017e-06  -54.1494305    
11856.8685      15811.3883      5.59000384e-06  -96.758317     
11856.8685      15811.3883      9.94058873e-06  -172.997943    
11856.8685      15811.3883      1.76771443e-05  -309.314387    
11856.8685      15811.3883      3.14349017e-05  -552.765628    
11856.8685      15811.3883      5.59000384e-05  -987.037847    
11856.8685      15811.3883      9.94058873e-05  -1760.95181    
15811.3883      21084.8252      0               -0.756385439   
15811.3883      21084.8252      1.76771443e-10  -0.749557291   
15811.3883      21084.8252      3.14349017e-10  -0.744294845   
15811.3883      21084.8252      5.59000384e-10  -0.73504666    
15811.3883      21084.8252      9.94058873e-10  -0.718939426   
15811.3883      21084.8252      1.76771443e-09  -0.691319461   
15811.3883      21084.8252      3.14349017e-09  -0.645196025   
15811.3883      21084.8252      5.59000384e-09  -0.571478036   
15811.3883      21084.8252      9.94058873e-09  -0.461636332   
15811.3883      21084.8252      1.76771443e-08  -0.314880451   
15811.3883      21084.8252      3.14349017e-08  -0.150269265   
15811.3883      21084.8252      5.59000384e-08  -0.0212264771  
15811.3883      21084.8252      9.94058873e-08  -0.0319836488  
15811.3883      21084.8252      1.76771443e-07  -0.365165227   
15811.3883      21084.8252      3.14349017e-07  -1.34007959    
15811.3883      21084.8252      5.59000384e-07  -3.53015572    
15811.3883      21084.8252      9.94058873e-07  -7.98223509    
15811.3883      21084.8252      1.76771443e-06  -16.6067949    
15811.3883      21084.8252      3.14349017e-06  -32.8604732    
15811.3883      21084.8252      5.59000384e-06  -62.9469366    
15811.3883      21084.8252      9.94058873e-06  -117.946423    
15811.3883      21084.8252      1.76771443e-05  -217.59851     
15811.3883      21084.8252      3.14349017e-05  -397.025165    
15811.3883      21084.8252      5.59000384e-05  -718.689749    
15811.3883      21084.8252      9.94058873e-05  -1293.67601    
21084.8252      28117.0663      0               2.8364866e-09  
21084.8252      28117.0663      1.76771443e-10  -0.00174644045 
21084.8252      28117.0663      3.14349017e-10  -0.00310566167 
21084.8252      28117.0663      5.59000384e-10  -0.00552273757 
21084.8252      28117.0663      9.94058873e-10  -0.00982097638 
21084.8252      28117.0663      1.76771443e-09  -0.0174644539  
21084.8252      28117.0663      3.14349017e-09  -0.0310567177  
21084.8252      28117.0663      5.59000384e-09  -0.0552276398  
21084.8252      28117.0663      9.94058873e-09  -0.0982105437  
21084.8252      28117.0663      1.76771443e-08  -0.174646949   
21084.8252      28117.0663      3.14349017e-08  -0.310574735   
21084.8252      28117.0663      5.59000384e-08  -0.552300204   
21084.8252      28117.0663      9.94058873e-08  -0.982180441   
21084.8252      28117.0663      1.76771443e-07  -1.74670538    
21084.8252      28117.0663      3.14349017e-07  -3.10648645    
21084.8252      28117.0663      5.59000384e-07  -5.52530188    
21084.8252      28117.0663      9.94058873e-07  -9.82887661    
21084.8252      28117.0663      1.76771443e-06  -17.4883766    
21084.8252      28117.0663      3.14349017e-06  -31.1271598    
21084.8252      28117.0663      5.59000384e-06  -55.4266336    
21084.8252      28117.0663      9.94058873e-06  -98.7422692    
21084.8252      28117.0663      1.76771443e-05  -175.976816    
21084.8252      28117.0663      3.14349017e-05  -313.678847    
21084.8252      28117.0663      5.59000384e-05  -559.098071    
21084.8252      28117.0663      9.94058873e-05  -996.293516    
28117.0663      37494.7105      0               2.18796004e-09 
28117.0663      37494.7105      1.76771443e-10  -0.00134715599 
28117.0663      37494.7105      3.14349017e-10  -0.00239562185 
28117.0663      37494.7105      5.59000384e-10  -0.00426008795 
28117.0663      37494.7105      9.94058873e-10  -0.00757563228 
28117.0663      37494.7105      1.76771443e-09  -0.0134716049  
28117.0663      37494.7105      3.14349017e-09  -0.0239563182  
28117.0663      37494.7105      5.59000384e-09  -0.0426011521  
28117.0663      37494.7105      9.94058873e-09  -0.0757571421  
28117.0663      37494.7105      1.76771443e-08  -0.134718595   
28117.0663      37494.7105      3.14349017e-08  -0.239571181   
28117.0663      37494.7105      5.59000384e-08  -0.426036713   
28117.0663      37494.7105      9.94058873e-08  -0.757650708   
28117.0663      37494.7105      1.76771443e-07  -1.34743478    
28117.0663      37494.7105      3.14349017e-07  -2.3964884     
28117.0663      37494.7105      5.59000384e-07  -4.26276747    
28117.0663      37494.7105      9.94058873e-07  -7.5838052     
28117.0663      37494.7105      1.76771443e-06  -13.4959504    
28117.0663      37494.7105      3.14349017e-06  -24.0262355    
28117.0663      37494.7105      5.59000384e-06  -42.7919086    
28117.0663      37494.7105      9.94058873e-06  -76.2452401    
28117.0663      37494.7105      1.76771443e-05  -135.882491    
28117.0663      37494.7105      3.14349017e-05  -242.164045    
28117.0663      37494.7105      5.59000384e-05  -431.484415    
28117.0663      37494.7105      9.94058873e-05  -768.578609    
37494.7105      50000           0               1.6620163e-09  
37494.7105      50000           1.76771443e-10  -0.00102330314 
37494.7105      50000           3.14349017e-10  -0.00181972045 
37494.7105      50000           5.59000384e-10  -0.00323597348 
37494.7105      50000           9.94058873e-10  -0.0057544688  
37494.7105      50000           1.76771443e-09  -0.0102330626  
37494.7105      50000           3.14349017e-09  -0.0181972707  
37494.7105      50000           5.59000384e-09  -0.0323599117  
37494.7105      50000           9.94058873e-09  -0.0575452149  
37494.7105      50000           1.76771443e-08  -0.102332258   
37494.7105      50000           3.14349017e-08  -0.181977832   
37494.7105      50000           5.59000384e-08  -0.323615263   
37494.7105      50000           9.94058873e-08  -0.575503003   
37494.7105      50000           1.76771443e-07  -1.02348241    
37494.7105      50000           3.14349017e-07  -1.82027844    
37494.7105      50000           5.59000384e-07  -3.23770536    
37494.7105      50000           9.94058873e-07  -5.75978659    
37494.7105      50000           1.76771443e-06  -10.2490749    
37494.7105      50000           3.14349017e-06  -18.2440068    
37494.7105      50000           5.59000384e-06  -32.490272     
37494.7105      50000           9.94058873e-06  -57.8878377    
37494.7105      50000           1.76771443e-05  -103.172958    
37494.7105      50000           3.14349017e-05  -183.902002    
37494.7105      50000           5.59000384e-05  -327.752845    
37494.7105      50000           9.94058873e-05  -583.958793    
50000           66676.0716      0               1.2726673e-09  
50000           66676.0716      1.76771443e-10  -0.000783583173
50000           66676.0716      3.14349017e-10  -0.00139343081 
50000           66676.0716      5.59000384e-10  -0.00247791032 
50000           66676.0716      9.94058873e-10  -0.00440641789 
50000           66676.0716      1.76771443e-09  -0.00783584321 
50000           66676.0716      3.14349017e-09  -0.0139343197  
50000           66676.0716      5.59000384e-09  -0.0247791149  
50000           66676.0716      9.94058873e-09  -0.0440641911  
50000           66676.0716      1.76771443e-08  -0.078358446   
50000           66676.0716      3.14349017e-08  -0.139343216   
50000           66676.0716      5.59000384e-08  -0.247791185   
50000           66676.0716      9.94058873e-08  -0.440642      
50000           66676.0716      1.76771443e-07  -0.783584716   
50000           66676.0716      3.14349017e-07  -1.39343294    
50000           66676.0716      5.59000384e-07  -2.4779143     
50000           66676.0716      9.94058873e-07  -4.40642773    
50000           66676.0716      1.76771443e-06  -7.83587151    
50000           66676.0716      3.14349017e-06  -13.9344061    
50000           66676.0716      5.59000384e-06  -24.7793837    
50000           66676.0716      9.94058873e-06  -44.0650287    
50000           66676.0716      1.76771443e-05  -78.3610392    
50000           66676.0716      3.14349017e-05  -139.351134    
50000           66676.0716      5.59000384e-05  -247.814807    
50000           66676.0716      9.94058873e-05  -440.709994    
66676.0716      88913.9705      0               9.47650847e-10 
66676.0716      88913.9705      1.76771443e-10  -0.000583474909
66676.0716      88913.9705      3.14349017e-10  -0.00103758216 
66676.0716      88913.9705      5.59000384e-10  -0.00184511174 
66676.0716      88913.9705      9.94058873e-10  -0.00328112499 
66676.0716      88913.9705      1.76771443e-09  -0.00583475787 
66676.0716      88913.9705      3.14349017e-09  -0.0103758309  
66676.0716      88913.9705      5.59000384e-09  -0.0184511284  
66676.0716      88913.9705      9.94058873e-09  -0.0328112662  
66676.0716      88913.9705      1.76771443e-08  -0.0583476118  
66676.0716      88913.9705      3.14349017e-08  -0.103758395   
66676.0716      88913.9705      5.59000384e-08  -0.184511538   
66676.0716      88913.9705      9.94058873e-08  -0.328113447   
66676.0716      88913.9705      1.76771443e-07  -0.58347858    
66676.0716      88913.9705      3.14349017e-07  -1.03759171    
66676.0716      88913.9705      5.59000384e-07  -1.84513984    
66676.0716      88913.9705      9.94058873e-07  -3.28121147    
66676.0716      88913.9705      1.76771443e-06  -5.8350275     
66676.0716      88913.9705      3.14349017e-06  -10.3766716    
66676.0716      88913.9705      5.59000384e-06  -18.4537312    
66676.0716      88913.9705      9.94058873e-06  -32.8192116    
66676.0716      88913.9705      1.76771443e-05  -58.3713006    
66676.0716      88913.9705      3.14349017e-05  -103.826507    
66676.0716      88913.9705      5.59000384e-05  -184.697658    
66676.0716      88913.9705      9.94058873e-05  -328.590535    
88913.9705      118568.685      0               0.000106678789 
88913.9705      118568.685      1.76771443e-10  -0.000331556587
88913.9705      118568.685      3.14349017e-10  -0.000672626157
88913.9705      118568.685      5.59000384e-10  -0.00127914315 
88913.9705      118568.685      9.94058873e-10  -0.00235769983 
88913.9705      118568.685      1.76771443e-09  -0.00427567497 
88913.9705      118568.685      3.14349017e-09  -0.00768637067 
88913.9705      118568.685      5.59000384e-09  -0.0137515406  
88913.9705      118568.685      9.94058873e-09  -0.0245371074  
88913.9705      118568.685      1.76771443e-08  -0.0437168588  
88913.9705      118568.685      3.14349017e-08  -0.0778238159  
88913.9705      118568.685      5.59000384e-08  -0.138475515   
88913.9705      118568.685      9.94058873e-08  -0.246331184   
88913.9705      118568.685      1.76771443e-07  -0.438128698   
88913.9705      118568.685      3.14349017e-07  -0.779198269   
88913.9705      118568.685      5.59000384e-07  -1.38571526    
88913.9705      118568.685      9.94058873e-07  -2.46427195    
88913.9705      118568.685      1.76771443e-06  -4.38224711    
88913.9705      118568.685      3.14349017e-06  -7.79294287    
88913.9705      118568.685      5.59000384e-06  -13.858113     
88913.9705      118568.685      9.94058873e-06  -24.6436804    
88913.9705      118568.685      1.76771443e-05  -43.8234338    
88913.9705      118568.685      3.14349017e-05  -77.9303969    
88913.9705      118568.685      5.59000384e-05  -138.582115    
88913.9705      118568.685      9.94058873e-05  -246.437844    
118568.685      158113.883      0               2.05745509e-05 
118568.685      158113.883      1.76771443e-10  -0.000305425122
118568.685      158113.883      3.14349017e-10  -0.000559143954
118568.685      158113.883      5.59000384e-10  -0.00101032693 
118568.685      158113.883      9.94058873e-10  -0.00181265633 
118568.685      158113.883      1.76771443e-09  -0.00323942217 
118568.685      158113.883      3.14349017e-09  -0.0057766105  
118568.685      158113.883      5.59000384e-09  -0.0102884403  
118568.685      158113.883      9.94058873e-09  -0.0183117342  
118568.685      158113.883      1.76771443e-08  -0.0325793927  
118568.685      158113.883      3.14349017e-08  -0.057951276   
118568.685      158113.883      5.59000384e-08  -0.103069574   
118568.685      158113.883      9.94058873e-08  -0.183302513   
118568.685      158113.883      1.76771443e-07  -0.325979098   
118568.685      158113.883      3.14349017e-07  -0.579697931   
118568.685      158113.883      5.59000384e-07  -1.03088091    
118568.685      158113.883      9.94058873e-07  -1.8332103     
118568.685      158113.883      1.76771443e-06  -3.25997615    
118568.685      158113.883      3.14349017e-06  -5.79716448    
118568.685      158113.883      5.59000384e-06  -10.3089942    
118568.685      158113.883      9.94058873e-06  -18.3322882    
118568.685      158113.883      1.76771443e-05  -32.5999467    
118568.685      158113.883      3.14349017e-05  -57.9718302    
118568.685      158113.883      5.59000384e-05  -103.090128    
118568.685      158113.883      9.94058873e-05  -183.323069    
158113.883      210848.252      0               3.95480981e-10 
158113.883      210848.252      1.76771443e-10  -0.000243501057
158113.883      210848.252      3.14349017e-10  -0.000433013223
158113.883      210848.252      5.59000384e-10  -0.000770018807
158113.883      210848.252      9.94058873e-10  -0.0013693089  
158113.883      210848.252      1.76771443e-09  -0.00243501413 
158113.883      210848.252      3.14349017e-09  -0.0043301358  
158113.883      210848.252      5.59000384e-09  -0.00770019165 
158113.883      210848.252      9.94058873e-09  -0.0136930926  
158113.883      210848.252      1.76771443e-08  -0.0243501451  
158113.883      210848.252      3.14349017e-08  -0.0433013622  
158113.883      210848.252      5.59000384e-08  -0.0770019223  
158113.883      210848.252      9.94058873e-08  -0.136930937   
158113.883      210848.252      1.76771443e-07  -0.243501476   
158113.883      210848.252      3.14349017e-07  -0.433013696   
158113.883      210848.252      5.59000384e-07  -0.770019448   
158113.883      210848.252      9.94058873e-07  -1.36931007    
158113.883      210848.252      1.76771443e-06  -2.43501698    
158113.883      210848.252      3.14349017e-06  -4.33014396    
158113.883      210848.252      5.59000384e-06  -7.70021656    
158113.883      210848.252      9.94058873e-06  -13.6931703    
158113.883      210848.252      1.76771443e-05  -24.3503882    
158113.883      210848.252      3.14349017e-05  -43.302122     
158113.883      210848.252      5.59000384e-05  -77.0042785    
158113.883      210848.252      9.94058873e-05  -136.938146    
210848.252      281170.663      0               3.94062869e-05 
210848.252      281170.663      1.76771443e-10  -0.000142709263
210848.252      281170.663      3.14349017e-10  -0.000284446045
210848.252      281170.663      5.59000384e-10  -0.000536493647
210848.252      281170.663      9.94058873e-10  -0.000984704708
210848.252      281170.663      1.76771443e-09  -0.00178174921 
210848.252      281170.663      3.14349017e-09  -0.00319911703 
210848.252      281170.663      5.59000384e-09  -0.00571959305 
210848.252      281170.663      9.94058873e-09  -0.0102017037  
210848.252      281170.663      1.76771443e-08  -0.0181721487  
210848.252      281170.663      3.14349017e-08  -0.0323458269  
210848.252      281170.663      5.59000384e-08  -0.0575505871  
210848.252      281170.663      9.94058873e-08  -0.102371693   
210848.252      281170.663      1.76771443e-07  -0.182076143   
210848.252      281170.663      3.14349017e-07  -0.323812926   
210848.252      281170.663      5.59000384e-07  -0.575860528   
210848.252      281170.663      9.94058873e-07  -1.02407159    
210848.252      281170.663      1.76771443e-06  -1.82111609    
210848.252      281170.663      3.14349017e-06  -3.23848392    
210848.252      281170.663      5.59000384e-06  -5.75895996    
210848.252      281170.663      9.94058873e-06  -10.2410706    
210848.252      281170.663      1.76771443e-05  -18.2115158    
210848.252      281170.663      3.14349017e-05  -32.3851946    
210848.252      281170.663      5.59000384e-05  -57.5899564    
210848.252      281170.663      9.94058873e-05  -102.411068    
281170.663      374947.105      0               0.000988849939 
281170.663      374947.105      1.76771443e-10  0.000853442884 
281170.663      374947.105      3.14349017e-10  0.000748058362 
281170.663      374947.105      5.59000384e-10  0.000560655235 
281170.663      374947.105      9.94058873e-10  0.000227400114 
281170.663      374947.105      1.76771443e-09  -0.000365220607
281170.663      374947.105      3.14349017e-09  -0.00141906583 
281170.663      374947.105      5.59000384e-09  -0.0032930971  
281170.663      374947.105      9.94058873e-09  -0.00662564831 
281170.663      374947.105      1.76771443e-08  -0.0125518555  
281170.663      374947.105      3.14349017e-08  -0.0230903078  
281170.663      374947.105      5.59000384e-08  -0.0418306204  
281170.663      374947.105      9.94058873e-08  -0.0751561326  
281170.663      374947.105      1.76771443e-07  -0.134418205   
281170.663      374947.105      3.14349017e-07  -0.239802728   
281170.663      374947.105      5.59000384e-07  -0.427205856   
281170.663      374947.105      9.94058873e-07  -0.760460981   
281170.663      374947.105      1.76771443e-06  -1.35308172    
281170.663      374947.105      3.14349017e-06  -2.40692699    
281170.663      374947.105      5.59000384e-06  -4.28095839    
281170.663      374947.105      9.94058873e-06  -7.61351004    
281170.663      374947.105      1.76771443e-05  -13.5397186    
281170.663      374947.105      3.14349017e-05  -24.0781753    
281170.663      374947.105      5.59000384e-05  -42.8185018    
281170.663      374947.105      9.94058873e-05  -76.1440576    
374947.105      500000          0               1.60355285e-10 
374947.105      500000          1.76771443e-10  -9.8731156e-05 
374947.105      500000          3.14349017e-10  -0.000175571707
374947.105      500000          5.59000384e-10  -0.000312215676
374947.105      500000          9.94058873e-10  -0.000555206833
374947.105      500000          1.76771443e-09  -0.000987313004
374947.105      500000          3.14349017e-09  -0.00175571851 
374947.105      500000          5.59000384e-09  -0.00312215821 
374947.105      500000          9.94058873e-09  -0.00555206979 
374947.105      500000          1.76771443e-08  -0.00987313154 
374947.105      500000          3.14349017e-08  -0.0175571868  
374947.105      500000          5.59000384e-08  -0.0312215841  
374947.105      500000          9.94058873e-08  -0.0555207013  
374947.105      500000          1.76771443e-07  -0.0987313231  
374947.105      500000          3.14349017e-07  -0.175571889   
374947.105      500000          5.59000384e-07  -0.312215905   
374947.105      500000          9.94058873e-07  -0.55520721    
374947.105      500000          1.76771443e-06  -0.98731385    
374947.105      500000          3.14349017e-06  -1.75572084    
374947.105      500000          5.59000384e-06  -3.12216521    
374947.105      500000          9.94058873e-06  -5.55209156    
374947.105      500000          1.76771443e-05  -9.87319982    
374947.105      500000          3.14349017e-05  -17.5574011    
374947.105      500000          5.59000384e-05  -31.2222549    
374947.105      500000          9.94058873e-05  -55.5227854    
