### like_segue_1.txt
#[0]emin(MeV) [1]emax(MeV) [2]eflux(MeV/cm^2/s) [3]deltaLogLike
500             666.760716      0               0.000277293726 
500             666.760716      1.768611e-10    -0.00280161415 
500             666.760716      3.14508453e-10  -0.0052029117  
500             666.760716      5.59283906e-10  -0.00948399344 
500             666.760716      9.94563055e-10  -0.0171313916  
500             666.760716      1.768611e-09    -0.0308392712  
500             666.760716      3.14508453e-09  -0.0555580358  
500             666.760716      5.59283906e-09  -0.100590118   
500             666.760716      9.94563055e-09  -0.184029622   
500             666.760716      1.768611e-08    -0.342815317   
500             666.760716      3.14508453e-08  -0.656941685   
500             666.760716      5.59283906e-08  -1.31018985    
500             666.760716      9.94563055e-08  -2.74381904    
500             666.760716      1.768611e-07    -6.03612003    
500             666.760716      3.14508453e-07  -13.7945759    
500             666.760716      5.59283906e-07  -32.1301215    
500             666.760716      9.94563055e-07  -74.7724448    
500             666.760716      1.768611e-06    -171.196067    
500             666.760716      3.14508453e-06  -381.967858    
500             666.760716      5.59283906e-06  -826.890346    
500             666.760716      9.94563055e-06  -1735.85607    
500             666.760716      1.768611e-05    -3540.0958     
500             666.760716      3.14508453e-05  -7035.00678    
500             666.760716      5.59283906e-05  -13669.353     
500             666.760716      9.94563055e-05  -26057.5402    
666.760716      889.139705      0               0.00146244007  
666.760716      889.139705      1.768611e-10    -0.000823978286
666.760716      889.139705      3.14508453e-10  -0.00261035004 
666.760716      889.139705      5.59283906e-10  -0.00580191822 
666.760716      889.139705      9.94563055e-10  -0.0115244513  
666.760716      889.139705      1.768611e-09    -0.0218489705  
666.760716      889.139705      3.14508453e-09  -0.0406750278  
666.760716      889.139705      5.59283906e-09  -0.0756125296  
666.760716      889.139705      9.94563055e-09  -0.142276288   
666.760716      889.139705      1.768611e-08    -0.274734154   
666.760716      889.139705      3.14508453e-08  -0.55204344    
666.760716      889.139705      5.59283906e-08  -1.16631895    
666.760716      889.139705      9.94563055e-08  -2.59256309    
666.760716      889.139705      1.768611e-07    -5.98780784    
666.760716      889.139705      3.14508453e-07  -14.0626998    
666.760716      889.139705      5.59283906e-07  -32.8727125    
666.760716      889.139705      9.94563055e-07  -75.3733201    
666.760716      889.139705      1.768611e-06    -168.305259    
666.760716      889.139705      3.14508453e-06  -365.127581    
666.760716      889.139705      5.59283906e-06  -769.586842    
666.760716      889.139705      9.94563055e-06  -1577.86301    
666.760716      889.139705      1.768611e-05    -3153.40139    
666.760716      889.139705      3.14508453e-05  -6159.70096    
666.760716      889.139705      5.59283906e-05  -11796.1136    
666.760716      889.139705      9.94563055e-05  -22216.5268    
889.139705      1185.68685      0               -0.980891067   
889.139705      1185.68685      1.768611e-10    -0.975230609   
889.139705      1185.68685      3.14508453e-10  -0.970839549   
889.139705      1185.68685      5.59283906e-10  -0.963061983   
889.139705      1185.68685      9.94563055e-10  -0.949328845   
889.139705      1185.68685      1.768611e-09    -0.925213885   
889.139705      1185.68685      3.14508453e-09  -0.88328822    
889.139705      1185.68685      5.59283906e-09  -0.811698364   
889.139705      1185.68685      9.94563055e-09  -0.693441378   
889.139705      1185.68685      1.768611e-08    -0.510098194   
889.139705      1185.68685      3.14508453e-08  -0.261361042   
889.139705      1185.68685      5.59283906e-08  -0.0291345705  
889.139705      1185.68685      9.94563055e-08  -0.148798483   
889.139705      1185.68685      1.768611e-07    -1.60700518    
889.139705      1185.68685      3.14508453e-07  -6.87760325    
889.139705      1185.68685      5.59283906e-07  -21.5716061    
889.139705      1185.68685      9.94563055e-07  -57.5816988    
889.139705      1185.68685      1.768611e-06    -138.916494    
889.139705      1185.68685      3.14508453e-06  -312.27039     
889.139705      1185.68685      5.59283906e-06  -665.934023    
889.139705      1185.68685      9.94563055e-06  -1363.53496    
889.139705      1185.68685      1.768611e-05    -2704.16323    
889.139705      1185.68685      3.14508453e-05  -5229.32491    
889.139705      1185.68685      5.59283906e-05  -9913.03945    
889.139705      1185.68685      9.94563055e-05  -18499.7267    
1185.68685      1581.13883      0               -0.403643752   
1185.68685      1581.13883      1.768611e-10    -0.399464936   
1185.68685      1581.13883      3.14508453e-10  -0.396231568   
1185.68685      1581.13883      5.59283906e-10  -0.390522459   
1185.68685      1581.13883      9.94563055e-10  -0.380497985   
1185.68685      1581.13883      1.768611e-09    -0.363071473   
1185.68685      1581.13883      3.14508453e-09  -0.333320977   
1185.68685      1581.13883      5.59283906e-09  -0.284197955   
1185.68685      1581.13883      9.94563055e-09  -0.208113878   
1185.68685      1581.13883      1.768611e-08    -0.105178525   
1185.68685      1581.13883      3.14508453e-08  -0.0102790311  
1185.68685      1581.13883      5.59283906e-08  -0.0658950881  
1185.68685      1581.13883      9.94563055e-08  -0.693326456   
1185.68685      1581.13883      1.768611e-07    -2.95763126    
1185.68685      1581.13883      3.14508453e-07  -9.29308016    
1185.68685      1581.13883      5.59283906e-07  -24.8852867    
1185.68685      1581.13883      9.94563055e-07  -60.2422172    
1185.68685      1581.13883      1.768611e-06    -135.888667    
1185.68685      1581.13883      3.14508453e-06  -290.805983    
1185.68685      1581.13883      5.59283906e-06  -597.477037    
1185.68685      1581.13883      9.94563055e-06  -1188.63959    
1185.68685      1581.13883      1.768611e-05    -2304.86585    
1185.68685      1581.13883      3.14508453e-05  -4379.27143    
1185.68685      1581.13883      5.59283906e-05  -8188.3592     
1185.68685      1581.13883      9.94563055e-05  -15120.351     
1581.13883      2108.48252      0               -1.25984452    
1581.13883      2108.48252      1.768611e-10    -1.25130719    
1581.13883      2108.48252      3.14508453e-10  -1.24469255    
1581.13883      2108.48252      5.59283906e-10  -1.23299396    
1581.13883      2108.48252      9.94563055e-10  -1.21239167    
1581.13883      2108.48252      1.768611e-09    -1.17638217    
1581.13883      2108.48252      3.14508453e-09  -1.11428325    
1581.13883      2108.48252      5.59283906e-09  -1.0097264     
1581.13883      2108.48252      9.94563055e-09  -0.841098124   
1581.13883      2108.48252      1.768611e-08    -0.589941404   
1581.13883      2108.48252      3.14508453e-08  -0.271629346   
1581.13883      2108.48252      5.59283906e-08  -0.0153076188  
1581.13883      2108.48252      9.94563055e-08  -0.235339239   
1581.13883      2108.48252      1.768611e-07    -1.95956708    
1581.13883      2108.48252      3.14508453e-07  -7.43213933    
1581.13883      2108.48252      5.59283906e-07  -21.2140121    
1581.13883      2108.48252      9.94563055e-07  -52.18297      
1581.13883      2108.48252      1.768611e-06    -117.14104     
1581.13883      2108.48252      3.14508453e-06  -247.280976    
1581.13883      2108.48252      5.59283906e-06  -499.742737    
1581.13883      2108.48252      9.94563055e-06  -978.266025    
1581.13883      2108.48252      1.768611e-05    -1870.07474    
1581.13883      2108.48252      3.14508453e-05  -3511.57424    
1581.13883      2108.48252      5.59283906e-05  -6505.12957    
1581.13883      2108.48252      9.94563055e-05  -11926.59      
2108.48252      2811.70663      0               0.000217540233 
2108.48252      2811.70663      1.768611e-10    -0.00581787316 
2108.48252      2811.70663      3.14508453e-10  -0.010520111   
2108.48252      2811.70663      5.59283906e-10  -0.0188927903  
2108.48252      2811.70663      9.94563055e-10  -0.0338157509  
2108.48252      2811.70663      1.768611e-09    -0.0604598257  
2108.48252      2811.70663      3.14508453e-09  -0.108174942   
2108.48252      2811.70663      5.59283906e-09  -0.194064471   
2108.48252      2811.70663      9.94563055e-09  -0.34998218    
2108.48252      2811.70663      1.768611e-08    -0.636776181   
2108.48252      2811.70663      3.14508453e-08  -1.1742726     
2108.48252      2811.70663      5.59283906e-08  -2.20505995    
2108.48252      2811.70663      9.94563055e-08  -4.22677203    
2108.48252      2811.70663      1.768611e-07    -8.25122409    
2108.48252      2811.70663      3.14508453e-07  -16.2815803    
2108.48252      2811.70663      5.59283906e-07  -32.1624262    
2108.48252      2811.70663      9.94563055e-07  -63.0989863    
2108.48252      2811.70663      1.768611e-06    -122.407014    
2108.48252      2811.70663      3.14508453e-06  -234.489934    
2108.48252      2811.70663      5.59283906e-06  -443.752914    
2108.48252      2811.70663      9.94563055e-06  -830.416002    
2108.48252      2811.70663      1.768611e-05    -1538.50096    
2108.48252      2811.70663      3.14508453e-05  -2825.5095     
2108.48252      2811.70663      5.59283906e-05  -5150.84278    
2108.48252      2811.70663      9.94563055e-05  -9333.22557    
2811.70663      3749.47105      0               1.0686108e-08  
2811.70663      3749.47105      1.768611e-10    -0.00658147144 
2811.70663      3749.47105      3.14508453e-10  -0.0117057616  
2811.70663      3749.47105      5.59283906e-10  -0.0208226221  
2811.70663      3749.47105      9.94563055e-10  -0.0370489465  
2811.70663      3749.47105      1.768611e-09    -0.0659479105  
2811.70663      3749.47105      3.14508453e-09  -0.117476212   
2811.70663      3749.47105      5.59283906e-09  -0.209536512   
2811.70663      3749.47105      9.94563055e-09  -0.374561008   
2811.70663      3749.47105      1.768611e-08    -0.671974501   
2811.70663      3749.47105      3.14508453e-08  -1.21234691    
2811.70663      3749.47105      5.59283906e-08  -2.20501589    
2811.70663      3749.47105      9.94563055e-08  -4.05214302    
2811.70663      3749.47105      1.768611e-07    -7.53166469    
2811.70663      3749.47105      3.14508453e-07  -14.1452414    
2811.70663      3749.47105      5.59283906e-07  -26.7658508    
2811.70663      3749.47105      9.94563055e-07  -50.8184153    
2811.70663      3749.47105      1.768611e-06    -96.3967863    
2811.70663      3749.47105      3.14508453e-06  -182.029944    
2811.70663      3749.47105      5.59283906e-06  -341.370346    
2811.70663      3749.47105      9.94563055e-06  -635.062373    
2811.70663      3749.47105      1.768611e-05    -1171.78788    
2811.70663      3749.47105      3.14508453e-05  -2145.61272    
2811.70663      3749.47105      5.59283906e-05  -3902.37567    
2811.70663      3749.47105      9.94563055e-05  -7057.83849    
3749.47105      5000            0               4.36480327e-05 
3749.47105      5000            1.768611e-10    -0.00238735113 
3749.47105      5000            3.14508453e-10  -0.00429417375 
3749.47105      5000            5.59283906e-10  -0.00771679645 
3749.47105      5000            9.94563055e-10  -0.0139022528  
3749.47105      5000            1.768611e-09    -0.0252076391  
3749.47105      5000            3.14508453e-09  -0.0462397325  
3749.47105      5000            5.59283906e-09  -0.0863726403  
3749.47105      5000            9.94563055e-09  -0.165402774   
3749.47105      5000            1.768611e-08    -0.325899088   
3749.47105      5000            3.14508453e-08  -0.658187631   
3749.47105      5000            5.59283906e-08  -1.34606537    
3749.47105      5000            9.94563055e-08  -2.74523664    
3749.47105      5000            1.768611e-07    -5.52076744    
3749.47105      5000            3.14508453e-07  -10.9018299    
3749.47105      5000            5.59283906e-07  -21.1593102    
3749.47105      5000            9.94563055e-07  -40.4808559    
3749.47105      5000            1.768611e-06    -76.5420589    
3749.47105      5000            3.14508453e-06  -143.304462    
3749.47105      5000            5.59283906e-06  -265.987641    
3749.47105      5000            9.94563055e-06  -489.902347    
3749.47105      5000            1.768611e-05    -896.137861    
3749.47105      5000            3.14508453e-05  -1629.4174     
3749.47105      5000            5.59283906e-05  -2947.59628    
3749.47105      5000            9.94563055e-05  -5309.68735    
5000            6667.60716      0               -3.29515537    
5000            6667.60716      1.768611e-10    -3.27954492    
5000            6667.60716      3.14508453e-10  -3.2674663     
5000            6667.60716      5.59283906e-10  -3.246138      
5000            6667.60716      9.94563055e-10  -3.20867859    
5000            6667.60716      1.768611e-09    -3.14349882    
5000            6667.60716      3.14508453e-09  -3.03187719    
5000            6667.60716      5.59283906e-09  -2.84571333    
5000            6667.60716      9.94563055e-09  -2.54807137    
5000            6667.60716      1.768611e-08    -2.10186943    
5000            6667.60716      3.14508453e-08  -1.49366624    
5000            6667.60716      5.59283906e-08  -0.77846121    
5000            6667.60716      9.94563055e-08  -0.153977494   
5000            6667.60716      1.768611e-07    -0.0861352004  
5000            6667.60716      3.14508453e-07  -1.52395985    
5000            6667.60716      5.59283906e-07  -6.26451156    
5000            6667.60716      9.94563055e-07  -17.5898811    
5000            6667.60716      1.768611e-06    -41.4182509    
5000            6667.60716      3.14508453e-06  -88.3838339    
5000            6667.60716      5.59283906e-06  -177.538324    
5000            6667.60716      9.94563055e-06  -342.905889    
5000            6667.60716      1.768611e-05    -645.139388    
5000            6667.60716      3.14508453e-05  -1192.29638    
5000            6667.60716      5.59283906e-05  -2176.82239    
5000            6667.60716      9.94563055e-05  -3941.28892    
6667.60716      8891.39705      0               0.000128631326 
6667.60716      8891.39705      1.768611e-10    -0.00462689464 
6667.60716      8891.39705      3.14508453e-10  -0.0083280713  
6667.60716      8891.39705      5.59283906e-10  -0.0149099029  
6667.60716      8891.39705      9.94563055e-10  -0.0266145713  
6667.60716      8891.39705      1.768611e-09    -0.0474297942  
6667.60716      8891.39705      3.14508453e-09  -0.0844483989  
6667.60716      8891.39705      5.59283906e-09  -0.150288305   
6667.60716      8891.39705      9.94563055e-09  -0.267403073   
6667.60716      8891.39705      1.768611e-08    -0.475769545   
6667.60716      8891.39705      3.14508453e-08  -0.846627224   
6667.60716      8891.39705      5.59283906e-08  -1.50711802    
6667.60716      8891.39705      9.94563055e-08  -2.68470742    
6667.60716      8891.39705      1.768611e-07    -4.78784087    
6667.60716      8891.39705      3.14508453e-07  -8.55351211    
6667.60716      8891.39705      5.59283906e-07  -15.3184143    
6667.60716      8891.39705      9.94563055e-07  -27.5151584    
6667.60716      8891.39705      1.768611e-06    -49.5683027    
6667.60716      8891.39705      3.14508453e-06  -89.4879439    
6667.60716      8891.39705      5.59283906e-06  -161.68492     
6667.60716      8891.39705      9.94563055e-06  -291.956959    
6667.60716      8891.39705      1.768611e-05    -526.355133    
6667.60716      8891.39705      3.14508453e-05  -946.961812    
6667.60716      8891.39705      5.59283906e-05  -1699.94142    
6667.60716      8891.39705      9.94563055e-05  -3045.39631    
8891.39705      11856.8685      0               2.4417659e-09  
8891.39705      11856.8685      1.768611e-10    -0.00150403097 
8891.39705      11856.8685      3.14508453e-10  -0.0026756959  
8891.39705      11856.8685      5.59283906e-10  -0.0047616323  
8891.39705      11856.8685      9.94563055e-10  -0.00847854474 
8891.39705      11856.8685      1.768611e-09    -0.0151119725  
8891.39705      11856.8685      3.14508453e-09  -0.026982466   
8891.39705      11856.8685      5.59283906e-09  -0.0483235009  
8891.39705      11856.8685      9.94563055e-09  -0.0869894161  
8891.39705      11856.8685      1.768611e-08    -0.15791571    
8891.39705      11856.8685      3.14508453e-08  -0.290411549   
8891.39705      11856.8685      5.59283906e-08  -0.543859858   
8891.39705      11856.8685      9.94563055e-08  -1.0410394     
8891.39705      11856.8685      1.768611e-07    -2.03506664    
8891.39705      11856.8685      3.14508453e-07  -4.03383035    
8891.39705      11856.8685      5.59283906e-07  -8.01754955    
8891.39705      11856.8685      9.94563055e-07  -15.8144655    
8891.39705      11856.8685      1.768611e-06    -30.7641578    
8891.39705      11856.8685      3.14508453e-06  -58.9054472    
8891.39705      11856.8685      5.59283906e-06  -111.09782     
8891.39705      11856.8685      9.94563055e-06  -206.793515    
8891.39705      11856.8685      1.768611e-05    -380.736063    
8891.39705      11856.8685      3.14508453e-05  -694.854236    
8891.39705      11856.8685      5.59283906e-05  -1259.39624    
8891.39705      11856.8685      9.94563055e-05  -2270.5143     
11856.8685      15811.3883      0               0.00914478811  
11856.8685      15811.3883      1.768611e-10    0.00820983609  
11856.8685      15811.3883      3.14508453e-10  0.0074808073   
11856.8685      15811.3883      5.59283906e-10  0.00618142377  
11856.8685      15811.3883      9.94563055e-10  0.00386140404  
11856.8685      15811.3883      1.768611e-09    -0.000293655432
11856.8685      15811.3883      3.14508453e-09  -0.00777464565 
11856.8685      15811.3883      5.59283906e-09  -0.0213643955  
11856.8685      15811.3883      9.94563055e-09  -0.0464101097  
11856.8685      15811.3883      1.768611e-08    -0.0935892174  
11856.8685      15811.3883      3.14508453e-08  -0.185132943   
11856.8685      15811.3883      5.59283906e-08  -0.368802755   
11856.8685      15811.3883      9.94563055e-08  -0.747644454   
11856.8685      15811.3883      1.768611e-07    -1.53718584    
11856.8685      15811.3883      3.14508453e-07  -3.16338893    
11856.8685      15811.3883      5.59283906e-07  -6.42085813    
11856.8685      15811.3883      9.94563055e-07  -12.7388814    
11856.8685      15811.3883      1.768611e-06    -24.6600281    
11856.8685      15811.3883      3.14508453e-06  -46.7187761    
11856.8685      15811.3883      5.59283906e-06  -87.0356339    
11856.8685      15811.3883      9.94563055e-06  -160.164854    
11856.8685      15811.3883      1.768611e-05    -292.136664    
11856.8685      15811.3883      3.14508453e-05  -529.379024    
11856.8685      15811.3883      5.59283906e-05  -954.552475    
11856.8685      15811.3883      9.94563055e-05  -1714.71619    
15811.3883      21084.8252      0               0.0095897509   
15811.3883      21084.8252      1.768611e-10    0.00872477818  
15811.3883      21084.8252      3.14508453e-10  0.00805072951  
15811.3883      21084.8252      5.59283906e-10  0.00685023103  
15811.3883      21084.8252      9.94563055e-10  0.00470957271  
15811.3883      21084.8252      1.768611e-09    0.000884531765 
15811.3883      21084.8252      3.14508453e-09  -0.00597491421 
15811.3883      21084.8252      5.59283906e-09  -0.0183514201  
15811.3883      21084.8252      9.94563055e-09  -0.0409075016  
15811.3883      21084.8252      1.768611e-08    -0.0826583499  
15811.3883      21084.8252      3.14508453e-08  -0.161636039   
15811.3883      21084.8252      5.59283906e-08  -0.314955586   
15811.3883      21084.8252      9.94563055e-08  -0.61971764    
15811.3883      21084.8252      1.768611e-07    -1.23316407    
15811.3883      21084.8252      3.14508453e-07  -2.46383208    
15811.3883      21084.8252      5.59283906e-07  -4.89365135    
15811.3883      21084.8252      9.94563055e-07  -9.59124642    
15811.3883      21084.8252      1.768611e-06    -18.4891756    
15811.3883      21084.8252      3.14508453e-06  -35.0477011    
15811.3883      21084.8252      5.59283906e-06  -65.4266038    
15811.3883      21084.8252      9.94563055e-06  -120.57318     
15811.3883      21084.8252      1.768611e-05    -219.951846    
15811.3883      21084.8252      3.14508453e-05  -398.192888    
15811.3883      21084.8252      5.59283906e-05  -716.929565    
15811.3883      21084.8252      9.94563055e-05  -1285.85856    
21084.8252      28117.0663      0               2.68374833e-09 
21084.8252      28117.0663      1.768611e-10    -0.00165236787 
21084.8252      28117.0663      3.14508453e-10  -0.00293837683 
21084.8252      28117.0663      5.59283906e-10  -0.00522526649 
21084.8252      28117.0663      9.94563055e-10  -0.00929201559 
21084.8252      28117.0663      1.768611e-09    -0.016523896   
21084.8252      28117.0663      3.14508453e-09  -0.0293844029  
21084.8252      28117.0663      5.59283906e-09  -0.0522546186  
21084.8252      28117.0663      9.94563055e-09  -0.0929262772  
21084.8252      28117.0663      1.768611e-08    -0.165258238   
21084.8252      28117.0663      3.14508453e-08  -0.293904792   
21084.8252      28117.0663      5.59283906e-08  -0.522737454   
21084.8252      28117.0663      9.94563055e-08  -0.929862959   
21084.8252      28117.0663      1.768611e-07    -1.65445497    
21084.8252      28117.0663      3.14508453e-07  -2.94483264    
21084.8252      28117.0663      5.59283906e-07  -5.24494769    
21084.8252      28117.0663      9.94563055e-07  -9.35058537    
21084.8252      28117.0663      1.768611e-06    -16.6919143    
21084.8252      28117.0663      3.14508453e-06  -29.8424881    
21084.8252      28117.0663      5.59283906e-06  -53.4272649    
21084.8252      28117.0663      9.94563055e-06  -95.7279769    
21084.8252      28117.0663      1.768611e-05    -171.517506    
21084.8252      28117.0663      3.14508453e-05  -307.08546     
21084.8252      28117.0663      5.59283906e-05  -549.180147    
21084.8252      28117.0663      9.94563055e-05  -980.929219    
28117.0663      37494.7105      0               2.12037321e-09 
28117.0663      37494.7105      1.768611e-10    -0.00130547838 
28117.0663      37494.7105      3.14508453e-10  -0.00232150866 
28117.0663      37494.7105      5.59283906e-10  -0.00412829803 
28117.0663      37494.7105      9.94563055e-10  -0.00734128587 
28117.0663      37494.7105      1.768611e-09    -0.0130549124  
28117.0663      37494.7105      3.14508453e-09  -0.0232154517  
28117.0663      37494.7105      5.59283906e-09  -0.0412840929  
28117.0663      37494.7105      9.94563055e-09  -0.0734163328  
28117.0663      37494.7105      1.768611e-08    -0.130560051   
28117.0663      37494.7105      3.14508453e-08  -0.232188937   
28117.0663      37494.7105      5.59283906e-08  -0.412949197   
28117.0663      37494.7105      9.94563055e-08  -0.734502692   
28117.0663      37494.7105      1.768611e-07    -1.30665736    
28117.0663      37494.7105      3.14508453e-07  -2.32514369    
28117.0663      37494.7105      5.59283906e-07  -4.13932513    
28117.0663      37494.7105      9.94563055e-07  -7.37384695    
28117.0663      37494.7105      1.768611e-06    -13.1472314    
28117.0663      37494.7105      3.14508453e-06  -23.4630959    
28117.0663      37494.7105      5.59283906e-06  -41.9053205    
28117.0663      37494.7105      9.94563055e-06  -74.8675915    
28117.0663      37494.7105      1.768611e-05    -133.731335    
28117.0663      37494.7105      3.14508453e-05  -238.738016    
28117.0663      37494.7105      5.59283906e-05  -425.883379    
28117.0663      37494.7105      9.94563055e-05  -759.184057    
37494.7105      50000           0               1.56884994e-09 
37494.7105      50000           1.768611e-10    -0.000965968446
37494.7105      50000           3.14508453e-10  -0.0017177647  
37494.7105      50000           5.59283906e-10  -0.00305467213 
37494.7105      50000           9.94563055e-10  -0.00543207858 
37494.7105      50000           1.768611e-09    -0.00965980783 
37494.7105      50000           3.14508453e-09  -0.0171780065  
37494.7105      50000           5.59283906e-09  -0.0305478272  
37494.7105      50000           9.94563055e-09  -0.05432425    
37494.7105      50000           1.768611e-08    -0.0966089886  
37494.7105      50000           3.14508453e-08  -0.171814458   
37494.7105      50000           5.59283906e-08  -0.305586563   
37494.7105      50000           9.94563055e-08  -0.543582487   
37494.7105      50000           1.768611e-07    -0.967151621   
37494.7105      50000           3.14508453e-07  -1.7214296     
37494.7105      50000           5.59283906e-07  -3.06587149    
37494.7105      50000           9.94563055e-07  -5.46553448    
37494.7105      50000           1.768611e-06    -9.7563355     
37494.7105      50000           3.14508453e-06  -17.4432666    
37494.7105      50000           5.59283906e-06  -31.2334374    
37494.7105      50000           9.94563055e-06  -55.9790862    
37494.7105      50000           1.768611e-05    -100.340118    
37494.7105      50000           3.14508453e-05  -179.725983    
37494.7105      50000           5.59283906e-05  -321.525056    
37494.7105      50000           9.94563055e-05  -574.415538    
50000           66676.0716      0               1.25791644e-09 
50000           66676.0716      1.768611e-10    -0.000774503307
50000           66676.0716      3.14508453e-10  -0.00137728426 
50000           66676.0716      5.59283906e-10  -0.00244919723 
50000           66676.0716      9.94563055e-10  -0.00435535798 
50000           66676.0716      1.768611e-09    -0.0077450444  
50000           66676.0716      3.14508453e-09  -0.013772854   
50000           66676.0716      5.59283906e-09  -0.0244919836  
50000           66676.0716      9.94563055e-09  -0.0435535913  
50000           66676.0716      1.768611e-08    -0.077450456   
50000           66676.0716      3.14508453e-08  -0.137728553   
50000           66676.0716      5.59283906e-08  -0.244919854   
50000           66676.0716      9.94563055e-08  -0.435535945   
50000           66676.0716      1.768611e-07    -0.774504637   
50000           66676.0716      3.14508453e-07  -1.37728575    
50000           66676.0716      5.59283906e-07  -2.44919922    
50000           66676.0716      9.94563055e-07  -4.35536155    
50000           66676.0716      1.768611e-06    -7.74505298    
50000           66676.0716      3.14508453e-06  -13.7728784    
50000           66676.0716      5.59283906e-06  -24.4920578    
50000           66676.0716      9.94563055e-06  -43.5538217    
50000           66676.0716      1.768611e-05    -77.4511743    
50000           66676.0716      3.14508453e-05  -137.730781    
50000           66676.0716      5.59283906e-05  -244.926679    
50000           66676.0716      9.94563055e-05  -435.556416    
66676.0716      88913.9705      0               9.28118027e-10 
66676.0716      88913.9705      1.768611e-10    -0.000571457532
66676.0716      88913.9705      3.14508453e-10  -0.00101621192 
66676.0716      88913.9705      5.59283906e-10  -0.00180710957 
66676.0716      88913.9705      9.94563055e-10  -0.00321354681 
66676.0716      88913.9705      1.768611e-09    -0.00571458597 
66676.0716      88913.9705      3.14508453e-09  -0.0101621348  
66676.0716      88913.9705      5.59283906e-09  -0.018071127   
66676.0716      88913.9705      9.94563055e-09  -0.0321355492  
66676.0716      88913.9705      1.768611e-08    -0.0571460978  
66676.0716      88913.9705      3.14508453e-08  -0.101622083   
66676.0716      88913.9705      5.59283906e-08  -0.180713574   
66676.0716      88913.9705      9.94563055e-08  -0.321362749   
66676.0716      88913.9705      1.768611e-07    -0.571483858   
66676.0716      88913.9705      3.14508453e-07  -1.01629287    
66676.0716      88913.9705      5.59283906e-07  -1.80736192    
66676.0716      88913.9705      9.94563055e-07  -3.2143338     
66676.0716      88913.9705      1.768611e-06    -5.71702371    
66676.0716      88913.9705      3.14508453e-06  -10.1695826    
66676.0716      88913.9705      5.59283906e-06  -18.0933622    
66676.0716      88913.9705      9.94563055e-06  -32.1996068    
66676.0716      88913.9705      1.768611e-05    -57.3215742    
66676.0716      88913.9705      3.14508453e-05  -102.073087    
66676.0716      88913.9705      5.59283906e-05  -181.793287    
66676.0716      88913.9705      9.94563055e-05  -323.773955    
88913.9705      118568.685      0               6.99102998e-10 
88913.9705      118568.685      1.768611e-10    -0.000430451042
88913.9705      118568.685      3.14508453e-10  -0.000765462772
88913.9705      118568.685      5.59283906e-10  -0.00136120724 
88913.9705      118568.685      9.94563055e-10  -0.00242060739 
88913.9705      118568.685      1.768611e-09    -0.00430451694 
88913.9705      118568.685      3.14508453e-09  -0.00765463475 
88913.9705      118568.685      5.59283906e-09  -0.013612081   
88913.9705      118568.685      9.94563055e-09  -0.0242060875  
88913.9705      118568.685      1.768611e-08    -0.0430451989  
88913.9705      118568.685      3.14508453e-08  -0.0765464272  
88913.9705      118568.685      5.59283906e-08  -0.136121049   
88913.9705      118568.685      9.94563055e-08  -0.242061616   
88913.9705      118568.685      1.768611e-07    -0.430454316   
88913.9705      118568.685      3.14508453e-07  -0.765471606   
88913.9705      118568.685      5.59283906e-07  -1.36123361    
88913.9705      118568.685      9.94563055e-07  -2.42068898    
88913.9705      118568.685      1.768611e-06    -4.30477181    
88913.9705      118568.685      3.14508453e-06  -7.65543017    
88913.9705      118568.685      5.59283906e-06  -13.6145459    
88913.9705      118568.685      9.94563055e-06  -24.2136213    
88913.9705      118568.685      1.768611e-05    -43.0677047    
88913.9705      118568.685      3.14508453e-05  -76.6113313    
88913.9705      118568.685      5.59283906e-05  -136.299146    
88913.9705      118568.685      9.94563055e-05  -242.520589    
118568.685      158113.883      0               0.000406354553 
118568.685      158113.883      1.768611e-10    8.44163235e-05 
118568.685      158113.883      3.14508453e-10  -0.000166141572
118568.685      158113.883      5.59283906e-10  -0.000611703518
118568.685      158113.883      9.94563055e-10  -0.00140403715 
118568.685      158113.883      1.768611e-09    -0.00281302774 
118568.685      158113.883      3.14508453e-09  -0.0053186067  
118568.685      158113.883      5.59283906e-09  -0.00977422618 
118568.685      158113.883      9.94563055e-09  -0.0176975626  
118568.685      158113.883      1.768611e-08    -0.0317874686  
118568.685      158113.883      3.14508453e-08  -0.0568432585  
118568.685      158113.883      5.59283906e-08  -0.101399454   
118568.685      158113.883      9.94563055e-08  -0.180632822   
118568.685      158113.883      1.768611e-07    -0.321531893   
118568.685      158113.883      3.14508453e-07  -0.572089828   
118568.685      158113.883      5.59283906e-07  -1.0176519     
118568.685      158113.883      9.94563055e-07  -1.80998593    
118568.685      158113.883      1.768611e-06    -3.21897776    
118568.685      158113.883      3.14508453e-06  -5.72456065    
118568.685      158113.883      5.59283906e-06  -10.1801925    
118568.685      158113.883      9.94563055e-06  -18.103568     
118568.685      158113.883      1.768611e-05    -32.1935968    
118568.685      158113.883      3.14508453e-05  -57.2497706    
118568.685      158113.883      5.59283906e-05  -101.807156    
118568.685      158113.883      9.94563055e-05  -181.044156    
158113.883      210848.252      0               6.29906931e-05 
158113.883      210848.252      1.768611e-10    -0.00017792867 
158113.883      210848.252      3.14508453e-10  -0.000365431251
158113.883      210848.252      5.59283906e-10  -0.000698863228
158113.883      210848.252      9.94563055e-10  -0.00129179845 
158113.883      210848.252      1.768611e-09    -0.00234620294 
158113.883      210848.252      3.14508453e-09  -0.00422122875 
158113.883      210848.252      5.59283906e-09  -0.00755554852 
158113.883      210848.252      9.94563055e-09  -0.0134849007  
158113.883      210848.252      1.768611e-08    -0.0240289457  
158113.883      210848.252      3.14508453e-08  -0.0427792037  
158113.883      210848.252      5.59283906e-08  -0.0761224015  
158113.883      210848.252      9.94563055e-08  -0.135415924   
158113.883      210848.252      1.768611e-07    -0.240856373   
158113.883      210848.252      3.14508453e-07  -0.428358953   
158113.883      210848.252      5.59283906e-07  -0.761790931   
158113.883      210848.252      9.94563055e-07  -1.35472615    
158113.883      210848.252      1.768611e-06    -2.40913065    
158113.883      210848.252      3.14508453e-06  -4.28415646    
158113.883      210848.252      5.59283906e-06  -7.61847626    
158113.883      210848.252      9.94563055e-06  -13.5478285    
158113.883      210848.252      1.768611e-05    -24.0918737    
158113.883      210848.252      3.14508453e-05  -42.8421324    
158113.883      210848.252      5.59283906e-05  -76.1853324    
158113.883      210848.252      9.94563055e-05  -135.478862    
210848.252      281170.663      0               0.000467091703 
210848.252      281170.663      1.768611e-10    0.000287202371 
210848.252      281170.663      3.14508453e-10  0.000147198208 
210848.252      281170.663      5.59283906e-10  -0.000101768313
210848.252      281170.663      9.94563055e-10  -0.000544500351
210848.252      281170.663      1.768611e-09    -0.00133180162 
210848.252      281170.663      3.14508453e-09  -0.00273184325 
210848.252      281170.663      5.59283906e-09  -0.00522150846 
210848.252      281170.663      9.94563055e-09  -0.00964882886 
210848.252      281170.663      1.768611e-08    -0.0175218416  
210848.252      281170.663      3.14508453e-08  -0.0315222581  
210848.252      281170.663      5.59283906e-08  -0.0564189108  
210848.252      281170.663      9.94563055e-08  -0.100692117   
210848.252      281170.663      1.768611e-07    -0.17942225    
210848.252      281170.663      3.14508453e-07  -0.319426433   
210848.252      281170.663      5.59283906e-07  -0.568393017   
210848.252      281170.663      9.94563055e-07  -1.01112525    
210848.252      281170.663      1.768611e-06    -1.79842716    
210848.252      281170.663      3.14508453e-06  -3.19847079    
210848.252      281170.663      5.59283906e-06  -5.68814232    
210848.252      281170.663      9.94563055e-06  -10.1154826    
210848.252      281170.663      1.768611e-05    -17.9885581    
210848.252      281170.663      3.14508453e-05  -31.9891713    
210848.252      281170.663      5.59283906e-05  -56.8864368    
210848.252      281170.663      9.94563055e-05  -101.161531    
281170.663      374947.105      0               1.81065393e-05 
281170.663      374947.105      1.768611e-10    -0.000115779407
281170.663      374947.105      3.14508453e-10  -0.000219980082
281170.663      374947.105      5.59283906e-10  -0.000405277997
281170.663      374947.105      9.94563055e-10  -0.000734789465
281170.663      374947.105      1.768611e-09    -0.00132075292 
281170.663      374947.105      3.14508453e-09  -0.00236275968 
281170.663      374947.105      5.59283906e-09  -0.00421573883 
281170.663      374947.105      9.94563055e-09  -0.0075108535  
281170.663      374947.105      1.768611e-08    -0.0133704881  
281170.663      374947.105      3.14508453e-08  -0.0237905556  
281170.663      374947.105      5.59283906e-08  -0.0423203471  
281170.663      374947.105      9.94563055e-08  -0.0752714939  
281170.663      374947.105      1.768611e-07    -0.13386784    
281170.663      374947.105      3.14508453e-07  -0.238068515   
281170.663      374947.105      5.59283906e-07  -0.42336643    
281170.663      374947.105      9.94563055e-07  -0.752877898   
281170.663      374947.105      1.768611e-06    -1.33884136    
281170.663      374947.105      3.14508453e-06  -2.38084811    
281170.663      374947.105      5.59283906e-06  -4.23382726    
281170.663      374947.105      9.94563055e-06  -7.52894195    
281170.663      374947.105      1.768611e-05    -13.3885765    
281170.663      374947.105      3.14508453e-05  -23.8086441    
281170.663      374947.105      5.59283906e-05  -42.3384359    
281170.663      374947.105      9.94563055e-05  -75.2895834    
374947.105      500000          0               9.25761324e-05 
374947.105      500000          1.768611e-10    -5.21624508e-06
374947.105      500000          3.14508453e-10  -8.13260389e-05
374947.105      500000          5.59283906e-10  -0.000216670518
374947.105      500000          9.94563055e-10  -0.000457350819
374947.105      500000          1.768611e-09    -0.000885347642
374947.105      500000          3.14508453e-09  -0.00164644558 
374947.105      500000          5.59283906e-09  -0.00299989037 
374947.105      500000          9.94563055e-09  -0.00540669338 
374947.105      500000          1.768611e-08    -0.00968666161 
374947.105      500000          3.14508453e-08  -0.017297641   
374947.105      500000          5.59283906e-08  -0.0308320889  
374947.105      500000          9.94563055e-08  -0.054900119   
374947.105      500000          1.768611e-07    -0.0976998013  
374947.105      500000          3.14508453e-07  -0.173809595   
374947.105      500000          5.59283906e-07  -0.309154075   
374947.105      500000          9.94563055e-07  -0.549834376   
374947.105      500000          1.768611e-06    -0.977831199   
374947.105      500000          3.14508453e-06  -1.73892914    
374947.105      500000          5.59283906e-06  -3.09237394    
374947.105      500000          9.94563055e-06  -5.49917696    
374947.105      500000          1.768611e-05    -9.77914525    
374947.105      500000          3.14508453e-05  -17.3901248    
374947.105      500000          5.59283906e-05  -30.9245733    
374947.105      500000          9.94563055e-05  -54.9926052    
