### like_canes_venatici_II.txt
#[0]emin(MeV) [1]emax(MeV) [2]eflux(MeV/cm^2/s) [3]deltaLogLike
500             666.760716      0               0.00399223805  
500             666.760716      1.77033507e-10  -3.32962591e-05
500             666.760716      3.14815041e-10  -0.00317324763 
500             666.760716      5.59829106e-10  -0.00877199493 
500             666.760716      9.95532572e-10  -0.0187756125  
500             666.760716      1.77033507e-09  -0.0367146002  
500             666.760716      3.14815041e-09  -0.0690865646  
500             666.760716      5.59829106e-09  -0.128131819   
500             666.760716      9.95532572e-09  -0.237741783   
500             666.760716      1.77033507e-08  -0.446886766   
500             666.760716      3.14815041e-08  -0.861948013   
500             666.760716      5.59829106e-08  -1.72725357    
500             666.760716      9.95532572e-08  -3.62558151    
500             666.760716      1.77033507e-07  -7.95994569    
500             666.760716      3.14815041e-07  -18.0436351    
500             666.760716      5.59829106e-07  -41.4054753    
500             666.760716      9.95532572e-07  -94.3898223    
500             666.760716      1.77033507e-06  -210.975447    
500             666.760716      3.14815041e-06  -459.291007    
500             666.760716      5.59829106e-06  -972.056435    
500             666.760716      9.95532572e-06  -2001.86222    
500             666.760716      1.77033507e-05  -4020.27802    
500             666.760716      3.14815041e-05  -7894.11551    
500             666.760716      5.59829106e-05  -15197.798     
500             666.760716      9.95532572e-05  -28766.5559    
666.760716      889.139705      0               0.000136499808 
666.760716      889.139705      1.77033507e-10  -0.00290023757 
666.760716      889.139705      3.14815041e-10  -0.00527644533 
666.760716      889.139705      5.59829106e-10  -0.00952954949 
666.760716      889.139705      9.95532572e-10  -0.0171794617  
666.760716      889.139705      1.77033507e-09  -0.0310551482  
666.760716      889.139705      3.14815041e-09  -0.0565782108  
666.760716      889.139705      5.59829106e-09  -0.104583463   
666.760716      889.139705      9.95532572e-09  -0.197895442   
666.760716      889.139705      1.77033507e-08  -0.387304845   
666.760716      889.139705      3.14815041e-08  -0.790817287   
666.760716      889.139705      5.59829106e-08  -1.68827054    
666.760716      889.139705      9.95532572e-08  -3.74099765    
666.760716      889.139705      1.77033507e-07  -8.48036924    
666.760716      889.139705      3.14815041e-07  -19.3474759    
666.760716      889.139705      5.59829106e-07  -43.8031477    
666.760716      889.139705      9.95532572e-07  -97.4140333    
666.760716      889.139705      1.77033507e-06  -211.477558    
666.760716      889.139705      3.14815041e-06  -446.93259     
666.760716      889.139705      5.59829106e-06  -919.450284    
666.760716      889.139705      9.95532572e-06  -1844.40938    
666.760716      889.139705      1.77033507e-05  -3617.16661    
666.760716      889.139705      3.14815041e-05  -6955.92506    
666.760716      889.139705      5.59829106e-05  -13155.6463    
666.760716      889.139705      9.95532572e-05  -24539.0163    
889.139705      1185.68685      0               0.00321577318  
889.139705      1185.68685      1.77033507e-10  0.000725410404 
889.139705      1185.68685      3.14815041e-10  -0.00123150991 
889.139705      1185.68685      5.59829106e-10  -0.00475180222 
889.139705      1185.68685      9.95532572e-10  -0.0111387871  
889.139705      1185.68685      1.77033507e-09  -0.0228943941  
889.139705      1185.68685      3.14815041e-09  -0.0450372303  
889.139705      1185.68685      5.59829106e-09  -0.0882219816  
889.139705      1185.68685      9.95532572e-09  -0.176502681   
889.139705      1185.68685      1.77033507e-08  -0.367034278   
889.139705      1185.68685      3.14815041e-08  -0.799104218   
889.139705      1185.68685      5.59829106e-08  -1.80931449    
889.139705      1185.68685      9.95532572e-08  -4.18065964    
889.139705      1185.68685      1.77033507e-07  -9.63926741    
889.139705      1185.68685      3.14815041e-07  -21.797893     
889.139705      1185.68685      5.59829106e-07  -47.9294896    
889.139705      1185.68685      9.95532572e-07  -102.29896     
889.139705      1185.68685      1.77033507e-06  -212.33612     
889.139705      1185.68685      3.14815041e-06  -429.864348    
889.139705      1185.68685      5.59829106e-06  -851.296823    
889.139705      1185.68685      9.95532572e-06  -1653.75744    
889.139705      1185.68685      1.77033507e-05  -3159.45491    
889.139705      1185.68685      3.14815041e-05  -5950.23397    
889.139705      1185.68685      5.59829106e-05  -11071.3883    
889.139705      1185.68685      9.95532572e-05  -20394.1823    
1185.68685      1581.13883      0               0.000165679859 
1185.68685      1581.13883      1.77033507e-10  -0.00902676887 
1185.68685      1581.13883      3.14815041e-10  -0.0161880506  
1185.68685      1581.13883      5.59829106e-10  -0.0289378884  
1185.68685      1581.13883      9.95532572e-10  -0.0516581932  
1185.68685      1581.13883      1.77033507e-09  -0.0922107148  
1185.68685      1581.13883      3.14815041e-09  -0.164792484   
1185.68685      1581.13883      5.59829106e-09  -0.295318024   
1185.68685      1581.13883      9.95532572e-09  -0.531894342   
1185.68685      1581.13883      1.77033507e-08  -0.966013541   
1185.68685      1581.13883      3.14815041e-08  -1.77700287    
1185.68685      1581.13883      5.59829106e-08  -3.3269954     
1185.68685      1581.13883      9.95532572e-08  -6.36170204    
1185.68685      1581.13883      1.77033507e-07  -12.4190366    
1185.68685      1581.13883      3.14815041e-07  -24.6207682    
1185.68685      1581.13883      5.59829106e-07  -49.1467851    
1185.68685      1581.13883      9.95532572e-07  -97.933527     
1185.68685      1581.13883      1.77033507e-06  -193.603828    
1185.68685      1581.13883      3.14815041e-06  -378.43492     
1185.68685      1581.13883      5.59829106e-06  -730.480533    
1185.68685      1581.13883      9.95532572e-06  -1392.2626     
1185.68685      1581.13883      1.77033507e-05  -2621.69464    
1185.68685      1581.13883      3.14815041e-05  -4882.58387    
1185.68685      1581.13883      5.59829106e-05  -9005.64584    
1185.68685      1581.13883      9.95532572e-05  -16474.9488    
1581.13883      2108.48252      0               -0.00547905151 
1581.13883      2108.48252      1.77033507e-10  -0.0049073931  
1581.13883      2108.48252      3.14815041e-10  -0.00448449595 
1581.13883      2108.48252      5.59829106e-10  -0.00377976852 
1581.13883      2108.48252      9.95532572e-10  -0.00267480117 
1581.13883      2108.48252      1.77033507e-09  -0.00117123573 
1581.13883      2108.48252      3.14815041e-09  8.32689984e-05 
1581.13883      2108.48252      5.59829106e-09  -0.0019667473  
1581.13883      2108.48252      9.95532572e-09  -0.0181237083  
1581.13883      2108.48252      1.77033507e-08  -0.0817295605  
1581.13883      2108.48252      3.14815041e-08  -0.285958384   
1581.13883      2108.48252      5.59829106e-08  -0.869331569   
1581.13883      2108.48252      9.95532572e-08  -2.39649042    
1581.13883      2108.48252      1.77033507e-07  -6.11708764    
1581.13883      2108.48252      3.14815041e-07  -14.6425305    
1581.13883      2108.48252      5.59829106e-07  -33.1719433    
1581.13883      2108.48252      9.95532572e-07  -71.6712663    
1581.13883      2108.48252      1.77033507e-06  -148.749521    
1581.13883      2108.48252      3.14815041e-06  -298.589218    
1581.13883      2108.48252      5.59829106e-06  -583.330163    
1581.13883      2108.48252      9.95532572e-06  -1115.13632    
1581.13883      2108.48252      1.77033507e-05  -2095.47752    
1581.13883      2108.48252      3.14815041e-05  -3885.05032    
1581.13883      2108.48252      5.59829106e-05  -7128.21052    
1581.13883      2108.48252      9.95532572e-05  -12974.32      
2108.48252      2811.70663      0               2.71838107e-05 
2108.48252      2811.70663      1.77033507e-10  -0.00300867053 
2108.48252      2811.70663      3.14815041e-10  -0.00540092277 
2108.48252      2811.70663      5.59829106e-10  -0.00971810021 
2108.48252      2811.70663      9.95532572e-10  -0.0175914794  
2108.48252      2811.70663      1.77033507e-09  -0.0321954623  
2108.48252      2811.70663      3.14815041e-09  -0.0599794324  
2108.48252      2811.70663      5.59829106e-09  -0.114660044   
2108.48252      2811.70663      9.95532572e-09  -0.226423398   
2108.48252      2811.70663      1.77033507e-08  -0.46222283    
2108.48252      2811.70663      3.14815041e-08  -0.967284839   
2108.48252      2811.70663      5.59829106e-08  -2.04422762    
2108.48252      2811.70663      9.95532572e-08  -4.29972583    
2108.48252      2811.70663      1.77033507e-07  -8.915965      
2108.48252      2811.70663      3.14815041e-07  -18.1461131    
2108.48252      2811.70663      5.59829106e-07  -36.2070323    
2108.48252      2811.70663      9.95532572e-07  -70.8991991    
2108.48252      2811.70663      1.77033507e-06  -136.562402    
2108.48252      2811.70663      3.14815041e-06  -259.413368    
2108.48252      2811.70663      5.59829106e-06  -487.06093     
2108.48252      2811.70663      9.95532572e-06  -905.38614     
2108.48252      2811.70663      1.77033507e-05  -1668.51073    
2108.48252      2811.70663      3.14815041e-05  -3052.06909    
2108.48252      2811.70663      5.59829106e-05  -5547.94016    
2108.48252      2811.70663      9.95532572e-05  -10032.7153    
2811.70663      3749.47105      0               -0.00315085679 
2811.70663      3749.47105      1.77033507e-10  -0.00253117786 
2811.70663      3749.47105      3.14815041e-10  -0.00209641596 
2811.70663      3749.47105      5.59829106e-10  -0.00142445472 
2811.70663      3749.47105      9.95532572e-10  -0.000542333473
2811.70663      3749.47105      1.77033507e-09  7.50690306e-05 
2811.70663      3749.47105      3.14815041e-09  -0.00163985617 
2811.70663      3749.47105      5.59829106e-09  -0.0126389185  
2811.70663      3749.47105      9.95532572e-09  -0.0531737318  
2811.70663      3749.47105      1.77033507e-08  -0.175603373   
2811.70663      3749.47105      3.14815041e-08  -0.50116487    
2811.70663      3749.47105      5.59829106e-08  -1.28622583    
2811.70663      3749.47105      9.95532572e-08  -3.041696      
2811.70663      3749.47105      1.77033507e-07  -6.7522733     
2811.70663      3749.47105      3.14815041e-07  -14.2714266    
2811.70663      3749.47105      5.59829106e-07  -29.0175403    
2811.70663      3749.47105      9.95532572e-07  -57.2032944    
2811.70663      3749.47105      1.77033507e-06  -110.0318      
2811.70663      3749.47105      3.14815041e-06  -207.649269    
2811.70663      3749.47105      5.59829106e-06  -386.254569    
2811.70663      3749.47105      9.95532572e-06  -710.805032    
2811.70663      3749.47105      1.77033507e-05  -1297.60875    
2811.70663      3749.47105      3.14815041e-05  -2354.46246    
2811.70663      3749.47105      5.59829106e-05  -4252.01679    
2811.70663      3749.47105      9.95532572e-05  -7650.70917    
3749.47105      5000            0               1.36478775e-08 
3749.47105      5000            1.77033507e-10  -0.00840320594 
3749.47105      5000            3.14815041e-10  -0.0149435978  
3749.47105      5000            5.59829106e-10  -0.0265749746  
3749.47105      5000            9.95532572e-10  -0.0472611269  
3749.47105      5000            1.77033507e-09  -0.08405419    
3749.47105      5000            3.14815041e-09  -0.149505558   
3749.47105      5000            5.59829106e-09  -0.26596874    
3749.47105      5000            9.95532572e-09  -0.473299236   
3749.47105      5000            1.77033507e-08  -0.842693546   
3749.47105      5000            3.14815041e-08  -1.50173096    
3749.47105      5000            5.59829106e-08  -2.68011547    
3749.47105      5000            9.95532572e-08  -4.79412228    
3749.47105      5000            1.77033507e-07  -8.60364404    
3749.47105      5000            3.14815041e-07  -15.503454     
3749.47105      5000            5.59829106e-07  -28.0551836    
3749.47105      5000            9.95532572e-07  -50.9401756    
3749.47105      5000            1.77033507e-06  -92.6478164    
3749.47105      5000            3.14815041e-06  -168.467112    
3749.47105      5000            5.59829106e-06  -305.803961    
3749.47105      5000            9.95532572e-06  -553.642426    
3749.47105      5000            1.77033507e-05  -999.372438    
3749.47105      5000            3.14815041e-05  -1798.71798    
3749.47105      5000            5.59829106e-05  -3228.98496    
3749.47105      5000            9.95532572e-05  -5783.8053     
5000            6667.60716      0               7.68704922e-09 
5000            6667.60716      1.77033507e-10  -0.00473515915 
5000            6667.60716      3.14815041e-10  -0.00842349915 
5000            6667.60716      5.59829106e-10  -0.0149889809  
5000            6667.60716      9.95532572e-10  -0.0266849315  
5000            6667.60716      1.77033507e-09  -0.0475483221  
5000            6667.60716      3.14815041e-09  -0.0848500684  
5000            6667.60716      5.59829106e-09  -0.151797191   
5000            6667.60716      9.95532572e-09  -0.272681383   
5000            6667.60716      1.77033507e-08  -0.492905765   
5000            6667.60716      3.14815041e-08  -0.898690391   
5000            6667.60716      5.59829106e-08  -1.65512201    
5000            6667.60716      9.95532572e-08  -3.07638617    
5000            6667.60716      1.77033507e-07  -5.74952199    
5000            6667.60716      3.14815041e-07  -10.7500122    
5000            6667.60716      5.59829106e-07  -20.0252051    
5000            6667.60716      9.95532572e-07  -37.086434     
5000            6667.60716      1.77033507e-06  -68.2564205    
5000            6667.60716      3.14815041e-06  -124.904826    
5000            6667.60716      5.59829106e-06  -227.437378    
5000            6667.60716      9.95532572e-06  -412.394824    
5000            6667.60716      1.77033507e-05  -745.071589    
5000            6667.60716      3.14815041e-05  -1341.94316    
5000            6667.60716      5.59829106e-05  -2410.53986    
5000            6667.60716      9.95532572e-05  -4320.36089    
6667.60716      8891.39705      0               8.89963303e-09 
6667.60716      8891.39705      1.77033507e-10  -0.00547961301 
6667.60716      8891.39705      3.14815041e-10  -0.00974432095 
6667.60716      8891.39705      5.59829106e-10  -0.0173282304  
6667.60716      8891.39705      9.95532572e-10  -0.0308147524  
6667.60716      8891.39705      1.77033507e-09  -0.0547982271  
6667.60716      8891.39705      3.14815041e-09  -0.0974496631  
6667.60716      8891.39705      5.59829106e-09  -0.173302512   
6667.60716      8891.39705      9.95532572e-09  -0.308211108   
6667.60716      8891.39705      1.77033507e-08  -0.548182341   
6667.60716      8891.39705      3.14815041e-08  -0.97512455    
6667.60716      8891.39705      5.59829106e-08  -1.7349854     
6667.60716      8891.39705      9.95532572e-08  -3.0881735     
6667.60716      8891.39705      1.77033507e-07  -5.50027711    
6667.60716      8891.39705      3.14815041e-07  -9.80599491    
6667.60716      8891.39705      5.59829106e-07  -17.5060629    
6667.60716      8891.39705      9.95532572e-07  -31.3036344    
6667.60716      8891.39705      1.77033507e-06  -56.0654819    
6667.60716      8891.39705      3.14815041e-06  -100.530638    
6667.60716      8891.39705      5.59829106e-06  -180.339701    
6667.60716      8891.39705      9.95532572e-06  -323.413367    
6667.60716      8891.39705      1.77033507e-05  -579.515093    
6667.60716      8891.39705      3.14815041e-05  -1037.25731    
6667.60716      8891.39705      5.59829106e-05  -1854.34401    
6667.60716      8891.39705      9.95532572e-05  -3311.3604     
8891.39705      11856.8685      0               5.78393156e-09 
8891.39705      11856.8685      1.77033507e-10  -0.00356169026 
8891.39705      11856.8685      3.14815041e-10  -0.00633416349 
8891.39705      11856.8685      5.59829106e-10  -0.0112654285  
8891.39705      11856.8685      9.95532572e-10  -0.0200378536  
8891.39705      11856.8685      1.77033507e-09  -0.0356479332  
8891.39705      11856.8685      3.14815041e-09  -0.0634391918  
8891.39705      11856.8685      5.59829106e-09  -0.112960133   
8891.39705      11856.8685      9.95532572e-09  -0.201331643   
8891.39705      11856.8685      1.77033507e-08  -0.359417877   
8891.39705      11856.8685      3.14815041e-08  -0.643289509   
8891.39705      11856.8685      5.59829106e-08  -1.15576543    
8891.39705      11856.8685      9.95532572e-08  -2.08689584    
8891.39705      11856.8685      1.77033507e-07  -3.78851025    
8891.39705      11856.8685      3.14815041e-07  -6.90668184    
8891.39705      11856.8685      5.59829106e-07  -12.6111171    
8891.39705      11856.8685      9.95532572e-07  -22.9943443    
8891.39705      11856.8685      1.77033507e-06  -41.7806224    
8891.39705      11856.8685      3.14815041e-06  -75.5972485    
8891.39705      11856.8685      5.59829106e-06  -136.249961    
8891.39705      11856.8685      9.95532572e-06  -244.778244    
8891.39705      11856.8685      1.77033507e-05  -438.666536    
8891.39705      11856.8685      3.14815041e-05  -784.661966    
8891.39705      11856.8685      5.59829106e-05  -1401.56548    
8891.39705      11856.8685      9.95532572e-05  -2500.77105    
11856.8685      15811.3883      0               -0.200514854   
11856.8685      15811.3883      1.77033507e-10  -0.198147689   
11856.8685      15811.3883      3.14815041e-10  -0.196319958   
11856.8685      15811.3883      5.59829106e-10  -0.193100993   
11856.8685      15811.3883      9.95532572e-10  -0.187474305   
11856.8685      15811.3883      1.77033507e-09  -0.177769822   
11856.8685      15811.3883      3.14815041e-09  -0.161427675   
11856.8685      15811.3883      5.59829106e-09  -0.135066245   
11856.8685      15811.3883      9.95532572e-09  -0.0957838641  
11856.8685      15811.3883      1.77033507e-08  -0.0458099575  
11856.8685      15811.3883      3.14815041e-08  -0.00395879374 
11856.8685      15811.3883      5.59829106e-08  -0.027518147   
11856.8685      15811.3883      9.95532572e-08  -0.247671203   
11856.8685      15811.3883      1.77033507e-07  -0.925640519   
11856.8685      15811.3883      3.14815041e-07  -2.54854804    
11856.8685      15811.3883      5.59829106e-07  -5.99951691    
11856.8685      15811.3883      9.95532572e-07  -12.8597482    
11856.8685      15811.3883      1.77033507e-06  -25.944914     
11856.8685      15811.3883      3.14815041e-06  -50.2597123    
11856.8685      15811.3883      5.59829106e-06  -94.6998514    
11856.8685      15811.3883      9.95532572e-06  -175.08569     
11856.8685      15811.3883      1.77033507e-05  -319.562425    
11856.8685      15811.3883      3.14815041e-05  -578.209027    
11856.8685      15811.3883      5.59829106e-05  -1040.13198    
11856.8685      15811.3883      9.95532572e-05  -1863.86169    
15811.3883      21084.8252      0               0.0091835507   
15811.3883      21084.8252      1.77033507e-10  0.00675830475  
15811.3883      21084.8252      3.14815041e-10  0.00487078193  
15811.3883      21084.8252      5.59829106e-10  0.00151423071  
15811.3883      21084.8252      9.95532572e-10  -0.00445468133 
15811.3883      21084.8252      1.77033507e-09  -0.0150691573  
15811.3883      21084.8252      3.14815041e-09  -0.0339449223  
15811.3883      21084.8252      5.59829106e-09  -0.0675121307  
15811.3883      21084.8252      9.95532572e-09  -0.127206607   
15811.3883      21084.8252      1.77033507e-08  -0.233368256   
15811.3883      21084.8252      3.14815041e-08  -0.422179057   
15811.3883      21084.8252      5.59829106e-08  -0.758017786   
15811.3883      21084.8252      9.95532572e-08  -1.35548165    
15811.3883      21084.8252      1.77033507e-07  -2.41869712    
15811.3883      21084.8252      3.14815041e-07  -4.31163796    
15811.3883      21084.8252      5.59829106e-07  -7.68418771    
15811.3883      21084.8252      9.95532572e-07  -13.698396     
15811.3883      21084.8252      1.77033507e-06  -24.4338384    
15811.3883      21084.8252      3.14815041e-06  -43.6102216    
15811.3883      21084.8252      5.59829106e-06  -77.8693504    
15811.3883      21084.8252      9.95532572e-06  -139.047971    
15811.3883      21084.8252      1.77033507e-05  -248.215895    
15811.3883      21084.8252      3.14815041e-05  -442.859471    
15811.3883      21084.8252      5.59829106e-05  -789.662291    
15811.3883      21084.8252      9.95532572e-05  -1407.24474    
21084.8252      28117.0663      0               1.6507536e-05  
21084.8252      28117.0663      1.77033507e-10  -0.00181412094 
21084.8252      28117.0663      3.14815041e-10  -0.00323886241 
21084.8252      28117.0663      5.59829106e-10  -0.00577245306 
21084.8252      28117.0663      9.95532572e-10  -0.0102778922  
21084.8252      28117.0663      1.77033507e-09  -0.018289844   
21084.8252      28117.0663      3.14815041e-09  -0.0325374031  
21084.8252      28117.0663      5.59829106e-09  -0.057873766   
21084.8252      28117.0663      9.95532572e-09  -0.1029296     
21084.8252      28117.0663      1.77033507e-08  -0.183053675   
21084.8252      28117.0663      3.14815041e-08  -0.325543654   
21084.8252      28117.0663      5.59829106e-08  -0.578952642   
21084.8252      28117.0663      9.95532572e-08  -1.02965364    
21084.8252      28117.0663      1.77033507e-07  -1.83134125    
21084.8252      28117.0663      3.14815041e-07  -3.25763066    
21084.8252      28117.0663      5.59829106e-07  -5.79598872    
21084.8252      28117.0663      9.95532572e-07  -10.3158392    
21084.8252      28117.0663      1.77033507e-06  -18.3700769    
21084.8252      28117.0663      3.14815041e-06  -32.7363211    
21084.8252      28117.0663      5.59829106e-06  -58.3863661    
21084.8252      28117.0663      9.95532572e-06  -104.213704    
21084.8252      28117.0663      1.77033507e-05  -186.098088    
21084.8252      28117.0663      3.14815041e-05  -332.337446    
21084.8252      28117.0663      5.59829106e-05  -593.290452    
21084.8252      28117.0663      9.95532572e-05  -1058.51752    
28117.0663      37494.7105      0               -1.76888755    
28117.0663      37494.7105      1.77033507e-10  -1.75052554    
28117.0663      37494.7105      3.14815041e-10  -1.73649874    
28117.0663      37494.7105      5.59829106e-10  -1.71210317    
28117.0663      37494.7105      9.95532572e-10  -1.67035686    
28117.0663      37494.7105      1.77033507e-09  -1.60080954    
28117.0663      37494.7105      3.14815041e-09  -1.48974297    
28117.0663      37494.7105      5.59829106e-09  -1.32307207    
28117.0663      37494.7105      9.95532572e-09  -1.09310707    
28117.0663      37494.7105      1.77033507e-08  -0.807185564   
28117.0663      37494.7105      3.14815041e-08  -0.493567497   
28117.0663      37494.7105      5.59829106e-08  -0.203848671   
28117.0663      37494.7105      9.95532572e-08  -0.0184048269  
28117.0663      37494.7105      1.77033507e-07  -0.0638043801  
28117.0663      37494.7105      3.14815041e-07  -0.550752452   
28117.0663      37494.7105      5.59829106e-07  -1.84528416    
28117.0663      37494.7105      9.95532572e-07  -4.59797282    
28117.0663      37494.7105      1.77033507e-06  -9.97807523    
28117.0663      37494.7105      3.14815041e-06  -20.0962551    
28117.0663      37494.7105      5.59829106e-06  -38.7583752    
28117.0663      37494.7105      9.95532572e-06  -72.7930873    
28117.0663      37494.7105      1.77033507e-05  -134.386235    
28117.0663      37494.7105      3.14815041e-05  -245.215158    
28117.0663      37494.7105      5.59829106e-05  -443.811432    
28117.0663      37494.7105      9.95532572e-05  -798.679692    
37494.7105      50000           0               0.000413939496 
37494.7105      50000           1.77033507e-10  0.000291953721 
37494.7105      50000           3.14815041e-10  0.000196367097 
37494.7105      50000           5.59829106e-10  2.4989917e-05  
37494.7105      50000           9.95532572e-10  -0.00028417261 
37494.7105      50000           1.77033507e-09  -0.000847809673
37494.7105      50000           3.14815041e-09  -0.00189353442 
37494.7105      50000           5.59829106e-09  -0.0038881867  
37494.7105      50000           9.95532572e-09  -0.0078501489  
37494.7105      50000           1.77033507e-08  -0.0161432891  
37494.7105      50000           3.14815041e-08  -0.0345107784  
37494.7105      50000           5.59829106e-08  -0.0770901996  
37494.7105      50000           9.95532572e-08  -0.177723708   
37494.7105      50000           1.77033507e-07  -0.412241002   
37494.7105      50000           3.14815041e-07  -0.936318822   
37494.7105      50000           5.59829106e-07  -2.04452646    
37494.7105      50000           9.95532572e-07  -4.26600523    
37494.7105      50000           1.77033507e-06  -8.53350299    
37494.7105      50000           3.14815041e-06  -16.4913927    
37494.7105      50000           5.59829106e-06  -31.0523497    
37494.7105      50000           9.95532572e-06  -57.3934549    
37494.7105      50000           1.77033507e-05  -104.730091    
37494.7105      50000           3.14815041e-05  -189.46756     
37494.7105      50000           5.59829106e-05  -340.797214    
37494.7105      50000           9.95532572e-05  -610.641577    
50000           66676.0716      0               1.33761091e-09 
50000           66676.0716      1.77033507e-10  -0.000823563035
50000           66676.0716      3.14815041e-10  -0.00146452623 
50000           66676.0716      5.59829106e-10  -0.00260433789 
50000           66676.0716      9.95532572e-10  -0.00463124151 
50000           66676.0716      1.77033507e-09  -0.00823564253 
50000           66676.0716      3.14815041e-09  -0.0146452748  
50000           66676.0716      5.59829106e-09  -0.0260433924  
50000           66676.0716      9.95532572e-09  -0.0463124317  
50000           66676.0716      1.77033507e-08  -0.0823564518  
50000           66676.0716      3.14815041e-08  -0.146452806   
50000           66676.0716      5.59829106e-08  -0.260434081   
50000           66676.0716      9.95532572e-08  -0.463124787   
50000           66676.0716      1.77033507e-07  -0.823565977   
50000           66676.0716      3.14815041e-07  -1.46453264    
50000           66676.0716      5.59829106e-07  -2.60435525    
50000           66676.0716      9.95532572e-07  -4.6312934     
50000           66676.0716      1.77033507e-06  -8.23580306    
50000           66676.0716      3.14815041e-06  -14.6457758    
50000           66676.0716      5.59829106e-06  -26.0449531    
50000           66676.0716      9.95532572e-06  -46.3172532    
50000           66676.0716      1.77033507e-05  -82.3711166    
50000           66676.0716      3.14815041e-05  -146.496301    
50000           66676.0716      5.59829106e-05  -260.558367    
50000           66676.0716      9.95532572e-05  -463.462646    
66676.0716      88913.9705      0               1.0012684e-09  
66676.0716      88913.9705      1.77033507e-10  -0.00061647066 
66676.0716      88913.9705      3.14815041e-10  -0.00109625786 
66676.0716      88913.9705      5.59829106e-10  -0.00194945356 
66676.0716      88913.9705      9.95532572e-10  -0.00346667391 
66676.0716      88913.9705      1.77033507e-09  -0.00616471561 
66676.0716      88913.9705      3.14815041e-09  -0.0109625876  
66676.0716      88913.9705      5.59829106e-09  -0.0194945447  
66676.0716      88913.9705      9.95532572e-09  -0.0346667482  
66676.0716      88913.9705      1.77033507e-08  -0.0616471655  
66676.0716      88913.9705      3.14815041e-08  -0.109625886   
66676.0716      88913.9705      5.59829106e-08  -0.194945459   
66676.0716      88913.9705      9.95532572e-08  -0.346667502   
66676.0716      88913.9705      1.77033507e-07  -0.616471699   
66676.0716      88913.9705      3.14815041e-07  -1.09625898    
66676.0716      88913.9705      5.59829106e-07  -1.94945495    
66676.0716      88913.9705      9.95532572e-07  -3.46667613    
66676.0716      88913.9705      1.77033507e-06  -6.16472047    
66676.0716      88913.9705      3.14815041e-06  -10.9626008    
66676.0716      88913.9705      5.59829106e-06  -19.4945841    
66676.0716      88913.9705      9.95532572e-06  -34.6668702    
66676.0716      88913.9705      1.77033507e-05  -61.6475467    
66676.0716      88913.9705      3.14815041e-05  -109.627076    
66676.0716      88913.9705      5.59829106e-05  -194.949141    
66676.0716      88913.9705      9.95532572e-05  -346.678745    
88913.9705      118568.685      0               0.00147726105  
88913.9705      118568.685      1.77033507e-10  0.00118261765  
88913.9705      118568.685      3.14815041e-10  0.000953283652 
88913.9705      118568.685      5.59829106e-10  0.000545422431 
88913.9705      118568.685      9.95532572e-10  -0.000179999308
88913.9705      118568.685      1.77033507e-09  -0.00147041424 
88913.9705      118568.685      3.14815041e-09  -0.00376643452 
88913.9705      118568.685      5.59829106e-09  -0.00785350551 
88913.9705      118568.685      9.95532572e-09  -0.0151343762  
88913.9705      118568.685      1.77033507e-08  -0.028122277   
88913.9705      118568.685      3.14815041e-08  -0.0513443744  
88913.9705      118568.685      5.59829106e-08  -0.0930271464  
88913.9705      118568.685      9.95532572e-08  -0.168317608   
88913.9705      118568.685      1.77033507e-07  -0.305599828   
88913.9705      118568.685      3.14815041e-07  -0.559065756   
88913.9705      118568.685      5.59829106e-07  -1.03341087    
88913.9705      118568.685      9.95532572e-07  -1.93001542    
88913.9705      118568.685      1.77033507e-06  -3.62765818    
88913.9705      118568.685      3.14815041e-06  -6.81807836    
88913.9705      118568.685      5.59829106e-06  -12.737394     
88913.9705      118568.685      9.95532572e-06  -23.5756158    
88913.9705      118568.685      1.77033507e-05  -43.2112866    
88913.9705      118568.685      3.14815041e-05  -78.5253942    
88913.9705      118568.685      5.59829106e-05  -141.741757    
88913.9705      118568.685      9.95532572e-05  -254.589592    
118568.685      158113.883      0               0.00024696905  
118568.685      158113.883      1.77033507e-10  -9.54418506e-05
118568.685      158113.883      3.14815041e-10  -0.000361933205
118568.685      158113.883      5.59829106e-10  -0.000835829293
118568.685      158113.883      9.95532572e-10  -0.00167854895 
118568.685      158113.883      1.77033507e-09  -0.00317713997 
118568.685      158113.883      3.14815041e-09  -0.00584205355 
118568.685      158113.883      5.59829106e-09  -0.0105810146  
118568.685      158113.883      9.95532572e-09  -0.0190082116  
118568.685      158113.883      1.77033507e-08  -0.0339941231  
118568.685      158113.883      3.14815041e-08  -0.0606432629  
118568.685      158113.883      5.59829106e-08  -0.108032886   
118568.685      158113.883      9.95532572e-08  -0.192304896   
118568.685      158113.883      1.77033507e-07  -0.342164138   
118568.685      158113.883      3.14815041e-07  -0.608655939   
118568.685      158113.883      5.59829106e-07  -1.08255344    
118568.685      158113.883      9.95532572e-07  -1.92527755    
118568.685      158113.883      1.77033507e-06  -3.42388263    
118568.685      158113.883      3.14815041e-06  -6.08884049    
118568.685      158113.883      5.59829106e-06  -10.8279405    
118568.685      158113.883      9.95532572e-06  -19.2555718    
118568.685      158113.883      1.77033507e-05  -34.2428272    
118568.685      158113.883      3.14815041e-05  -60.8960607    
118568.685      158113.883      5.59829106e-05  -108.297838    
118568.685      158113.883      9.95532572e-05  -192.604525    
158113.883      210848.252      0               8.32299542e-05 
158113.883      210848.252      1.77033507e-10  -0.000173201324
158113.883      210848.252      3.14815041e-10  -0.000372776508
158113.883      210848.252      5.59829106e-10  -0.000727676949
158113.883      210848.252      9.95532572e-10  -0.0013587891  
158113.883      210848.252      1.77033507e-09  -0.00248108283 
158113.883      210848.252      3.14815041e-09  -0.00447683467 
158113.883      210848.252      5.59829106e-09  -0.00802583908 
158113.883      210848.252      9.95532572e-09  -0.0143369605  
158113.883      210848.252      1.77033507e-08  -0.0255598979  
158113.883      210848.252      3.14815041e-08  -0.0455174163  
158113.883      210848.252      5.59829106e-08  -0.0810074604  
158113.883      210848.252      9.95532572e-08  -0.144118675   
158113.883      210848.252      1.77033507e-07  -0.256348049   
158113.883      210848.252      3.14815041e-07  -0.455923233   
158113.883      210848.252      5.59829106e-07  -0.810823676   
158113.883      210848.252      9.95532572e-07  -1.44193583    
158113.883      210848.252      1.77033507e-06  -2.56422958    
158113.883      210848.252      3.14815041e-06  -4.55998148    
158113.883      210848.252      5.59829106e-06  -8.10898607    
158113.883      210848.252      9.95532572e-06  -14.4201081    
158113.883      210848.252      1.77033507e-05  -25.6430473    
158113.883      210848.252      3.14815041e-05  -45.6005715    
158113.883      210848.252      5.59829106e-05  -81.0906338    
158113.883      210848.252      9.95532572e-05  -144.201906    
210848.252      281170.663      0               1.38182232e-05 
210848.252      281170.663      1.77033507e-10  -0.00017776102 
210848.252      281170.663      3.14815041e-10  -0.0003268632  
210848.252      281170.663      5.59829106e-10  -0.000592008537
210848.252      281170.663      9.95532572e-10  -0.00106351103 
210848.252      281170.663      1.77033507e-09  -0.0019019742  
210848.252      281170.663      3.14815041e-09  -0.00339299601 
210848.252      281170.663      5.59829106e-09  -0.00604444937 
210848.252      281170.663      9.95532572e-09  -0.0107594743  
210848.252      281170.663      1.77033507e-08  -0.0191441061  
210848.252      281170.663      3.14815041e-08  -0.0340543241  
210848.252      281170.663      5.59829106e-08  -0.0605688577  
210848.252      281170.663      9.95532572e-08  -0.107719107   
210848.252      281170.663      1.77033507e-07  -0.191565425   
210848.252      281170.663      3.14815041e-07  -0.340667605   
210848.252      281170.663      5.59829106e-07  -0.605812942   
210848.252      281170.663      9.95532572e-07  -1.07731543    
210848.252      281170.663      1.77033507e-06  -1.91577861    
210848.252      281170.663      3.14815041e-06  -3.40680041    
210848.252      281170.663      5.59829106e-06  -6.05825379    
210848.252      281170.663      9.95532572e-06  -10.7732787    
210848.252      281170.663      1.77033507e-05  -19.1579106    
210848.252      281170.663      3.14815041e-05  -34.0681288    
210848.252      281170.663      5.59829106e-05  -60.5826632    
210848.252      281170.663      9.95532572e-05  -107.732915    
281170.663      374947.105      0               2.31362929e-10 
281170.663      374947.105      1.77033507e-10  -0.000142452093
281170.663      374947.105      3.14815041e-10  -0.000253319805
281170.663      374947.105      5.59829106e-10  -0.000450473573
281170.663      374947.105      9.95532572e-10  -0.000801068059
281170.663      374947.105      1.77033507e-09  -0.00142452302 
281170.663      374947.105      3.14815041e-09  -0.00253320013 
281170.663      374947.105      5.59829106e-09  -0.00450473781 
281170.663      374947.105      9.95532572e-09  -0.00801068268 
281170.663      374947.105      1.77033507e-08  -0.0142452322  
281170.663      374947.105      3.14815041e-08  -0.0253320034  
281170.663      374947.105      5.59829106e-08  -0.0450473802  
281170.663      374947.105      9.95532572e-08  -0.0801068288  
281170.663      374947.105      1.77033507e-07  -0.142452325   
281170.663      374947.105      3.14815041e-07  -0.253320036   
281170.663      374947.105      5.59829106e-07  -0.450473804   
281170.663      374947.105      9.95532572e-07  -0.80106829    
281170.663      374947.105      1.77033507e-06  -1.42452325    
281170.663      374947.105      3.14815041e-06  -2.53320036    
281170.663      374947.105      5.59829106e-06  -4.50473804    
281170.663      374947.105      9.95532572e-06  -8.01068291    
281170.663      374947.105      1.77033507e-05  -14.2452325    
281170.663      374947.105      3.14815041e-05  -25.3320036    
281170.663      374947.105      5.59829106e-05  -45.0473804    
281170.663      374947.105      9.95532572e-05  -80.1068291    
374947.105      500000          0               0.000110640949 
374947.105      500000          1.77033507e-10  6.64193124e-06 
374947.105      500000          3.14815041e-10  -7.4298363e-05 
374947.105      500000          5.59829106e-10  -0.000218232822
374947.105      500000          9.95532572e-10  -0.000474188506
374947.105      500000          1.77033507e-09  -0.00092934923 
374947.105      500000          3.14815041e-09  -0.00173875217 
374947.105      500000          5.59829106e-09  -0.00317809676 
374947.105      500000          9.95532572e-09  -0.0057376536  
374947.105      500000          1.77033507e-08  -0.0102892608  
374947.105      500000          3.14815041e-08  -0.0183832903  
374947.105      500000          5.59829106e-08  -0.0327767361  
374947.105      500000          9.95532572e-08  -0.0583723046  
374947.105      500000          1.77033507e-07  -0.103888377   
374947.105      500000          3.14815041e-07  -0.184828671   
374947.105      500000          5.59829106e-07  -0.32876313    
374947.105      500000          9.95532572e-07  -0.584718815   
374947.105      500000          1.77033507e-06  -1.03987954    
374947.105      500000          3.14815041e-06  -1.84928248    
374947.105      500000          5.59829106e-06  -3.28862708    
374947.105      500000          9.95532572e-06  -5.84818394    
374947.105      500000          1.77033507e-05  -10.3997912    
374947.105      500000          3.14815041e-05  -18.4938209    
374947.105      500000          5.59829106e-05  -32.8872675    
374947.105      500000          9.95532572e-05  -58.4828381    
