# Energy is in (MeV).  Bin-by-bin limits have units of (MeV/cm^2/s).
# Column 00 emin
# Column 01 emax
# Column 03 bootes_I
# Column 04 bootes_II
# Column 05 bootes_III
# Column 06 canes_venatici_I
# Column 07 canes_venatici_II
# Column 08 carina
# Column 09 cetus_II
# Column 10 columba_I
# Column 11 coma_berenices
# Column 12 draco
# Column 13 draco_II
# Column 14 eridanus_II
# Column 15 eridanus_III
# Column 16 fornax
# Column 17 grus_I
# Column 18 grus_II
# Column 19 hercules
# Column 20 horologium_I
# Column 21 horologium_II
# Column 22 hydra_II
# Column 23 indus_II
# Column 24 kim_2
# Column 25 leo_I
# Column 26 leo_II
# Column 27 leo_IV
# Column 28 leo_V
# Column 29 pegasus_III
# Column 30 phoenix_II
# Column 31 pictor_I
# Column 32 pisces_II
# Column 33 reticulum_II
# Column 34 reticulum_III
# Column 35 sagittarius_II
# Column 36 sculptor
# Column 37 segue_1
# Column 38 sextans
# Column 39 triangulum_II
# Column 40 tucana_II
# Column 41 tucana_III
# Column 42 tucana_IV
# Column 43 tucana_V
# Column 44 ursa_major_I
# Column 45 ursa_major_II
# Column 46 ursa_minor
# Column 47 willman_1
# 
  3.6644e-07   1.7067e-07   1.0935e-07   1.8767e-07   1.8143e-07   2.0535e-07   2.0489e-07   1.9492e-07   5.0615e-07   1.7206e-07   3.0727e-07   2.7579e-07   1.0608e-06   4.7177e-07   6.0775e-07    8.035e-07    1.063e-06   1.4263e-06   1.9005e-06    2.555e-06     3.42e-06   4.5735e-06   6.1532e-06   8.4856e-06
   2.919e-07   1.3738e-07   1.4769e-07    2.654e-07    1.665e-07   2.3638e-07   1.8822e-07   4.9226e-07   5.3502e-07   1.9732e-07    3.119e-07   2.6824e-07   4.4894e-07   5.0741e-07    6.106e-07   8.0263e-07   1.0693e-06   1.5152e-06    1.913e-06   2.5722e-06   3.4407e-06   4.6124e-06   6.1942e-06   8.5621e-06
  5.1004e-07   5.7712e-07   4.0676e-07   6.7863e-08   1.4123e-07   9.1452e-08   2.7181e-07   1.0282e-07   1.4587e-07   1.6181e-07   3.7775e-07   4.2837e-07   5.5462e-07   9.0389e-07   6.3269e-07   7.8658e-07   1.0247e-06   1.3927e-06   1.8365e-06   2.4662e-06   4.5731e-06   4.4147e-06    5.943e-06   8.1646e-06
  1.6701e-07   2.7296e-07   1.6779e-07   6.3217e-08   9.1435e-08   1.6818e-07   8.2464e-08   9.4571e-08   2.6946e-07   3.6185e-07   2.2505e-07   2.7791e-07   4.3094e-07   4.4557e-07   5.8537e-07   7.5788e-07   1.0971e-06   1.3522e-06   1.8239e-06   2.4936e-06   3.2536e-06   4.3501e-06   5.8527e-06    8.052e-06
  1.5855e-07   1.6495e-07   1.5789e-07   8.4403e-08   2.4666e-07   1.4148e-07   1.9969e-07   9.7768e-08   1.5963e-07   1.5216e-07   2.2715e-07   7.4322e-07   3.4335e-07   4.5596e-07   1.6469e-06   1.4319e-06   1.0132e-06   1.3533e-06   2.4967e-06   2.4364e-06   3.2524e-06   4.3542e-06   5.8579e-06   8.0604e-06
  1.6884e-07    9.865e-08    1.799e-07   4.4314e-07   2.4455e-07   2.4987e-07    1.941e-07   3.0727e-07   1.4683e-07   2.3128e-07    2.271e-07   2.6815e-07   3.5407e-07   5.2392e-07   5.9239e-07   7.7334e-07   1.6875e-06   3.3725e-06   1.9104e-06   2.5637e-06   3.2484e-06    4.349e-06   5.8523e-06   8.0625e-06
  1.6417e-07   1.4152e-07   2.2932e-07   1.9295e-07   2.5855e-07   3.4099e-07   1.4278e-07    1.099e-07   4.5955e-07    1.886e-07   2.1259e-07   2.8718e-07   3.8815e-07   5.0995e-07   6.4933e-07    8.518e-07   1.2542e-06   1.5202e-06   3.4177e-06   2.7767e-06   3.6546e-06   4.9077e-06   6.5819e-06   9.0575e-06
  3.9431e-07   5.9112e-07   1.5885e-07   4.3146e-07   3.1404e-07   9.3759e-08   2.1095e-07   1.5504e-07   2.6678e-07   7.0734e-07   4.6919e-07   4.4067e-07   3.8835e-07   9.9186e-07   6.2866e-07   8.0736e-07   1.0757e-06   1.4415e-06   1.9512e-06   2.5917e-06   3.4899e-06   4.6391e-06   6.2397e-06   8.5861e-06
  2.8599e-07   1.6083e-07   2.3181e-07   3.3979e-07   1.9135e-07   2.0015e-07   1.2701e-07   1.4322e-07   1.6087e-07   2.2178e-07   3.0986e-07   4.5259e-07    3.681e-07   7.4594e-07   9.7643e-07   7.9204e-07   1.0685e-06   1.4375e-06   2.4027e-06   2.5619e-06   3.6327e-06   4.5425e-06   6.0855e-06   8.3686e-06
  4.4493e-07   6.3327e-08   3.2774e-07   1.3762e-07   2.4044e-07   7.8523e-08   7.5377e-08   1.6372e-07   1.1783e-07   1.3354e-07   1.6028e-07    5.305e-07   2.6786e-07    4.709e-07    5.064e-07    1.392e-06   8.2002e-07   1.0983e-06   1.4711e-06    1.976e-06   2.6435e-06   3.5655e-06   4.7482e-06   6.5323e-06
   2.714e-07   2.1666e-07   1.8809e-07   1.6983e-07   2.0926e-07   2.4141e-07   1.3361e-07   1.1078e-07   2.6607e-07   2.7511e-07   6.5062e-07   3.6954e-07    2.592e-07   3.5374e-07   5.9114e-07   5.8833e-07   8.7245e-07   2.5339e-06    1.404e-06   1.8817e-06   2.5151e-06   3.3667e-06    4.529e-06   6.2293e-06
  2.4637e-07   2.5994e-07   1.4932e-07   2.9823e-07   1.0966e-07   5.9268e-08   1.2712e-07   2.9651e-07   1.5409e-07   4.7529e-07   2.3168e-07   2.7378e-07   4.3397e-07   4.6426e-07   5.9931e-07   1.0338e-06   1.2013e-06   3.0578e-06   1.8845e-06   2.5316e-06   3.3852e-06   4.5359e-06   6.1018e-06   8.4005e-06
  1.2591e-07   1.2999e-07   2.2854e-07   3.8907e-07   9.3342e-08   1.5767e-07   1.2817e-07     1.32e-07   1.4343e-07    1.787e-07   2.1933e-07   2.6325e-07   3.5247e-07   6.3507e-07   5.9479e-07   7.6858e-07   1.2084e-06   1.3711e-06   1.8352e-06    2.912e-06   3.2949e-06   4.4136e-06   5.9368e-06   8.1729e-06
  7.5783e-07   4.3381e-07   1.1474e-07   2.7372e-07   1.1179e-07   5.6144e-07   3.1954e-07   1.2329e-07   1.3371e-07   5.7462e-07   2.1893e-07   2.9486e-07   3.8012e-07   1.3719e-06   6.2338e-07   8.1848e-07   1.0839e-06   1.4527e-06   1.9521e-06   2.6143e-06   3.4945e-06   4.6895e-06   6.2991e-06   8.6663e-06
  2.8183e-07   6.1048e-07   2.7359e-07   1.9066e-07    2.502e-07   2.5675e-07   1.4204e-07   1.2428e-07   1.9932e-07   2.2408e-07   2.1045e-07   2.7073e-07   3.8825e-07   6.1405e-07   7.0819e-07   7.8297e-07   1.5199e-06   1.4015e-06   1.8663e-06   2.5091e-06   3.3545e-06   4.4904e-06   6.0535e-06   8.5635e-06
   4.394e-07   5.1858e-07   1.4509e-07   3.1859e-07   2.8247e-07   4.1082e-07   1.1826e-07   1.6083e-07   6.9866e-07   1.8417e-07    2.092e-07   2.9544e-07   6.0614e-07   4.5474e-07   6.1473e-07   7.8999e-07   1.0429e-06    1.394e-06   3.0235e-06   2.5088e-06    3.358e-06   8.7696e-06   6.0344e-06   2.0411e-05
  1.7659e-07   2.8305e-07   3.3984e-07   5.7039e-07   2.4331e-07   1.7832e-07   5.4976e-07   1.4637e-07   3.0429e-07    3.877e-07    4.973e-07   3.2163e-07   6.1506e-07   4.4817e-07    5.843e-07   9.3744e-07    2.598e-06   1.3661e-06   2.2087e-06   2.4478e-06   3.3001e-06   4.3796e-06   5.9003e-06   8.1076e-06
  2.5184e-07   3.5633e-07   3.3662e-07   1.2808e-07   1.3717e-07    1.645e-07   2.6612e-07   4.2183e-07   1.7121e-07    1.626e-07    3.838e-07   2.6461e-07   3.3323e-07   4.3219e-07   5.8954e-07   7.5336e-07   1.0021e-06   1.3415e-06   1.7959e-06   2.5238e-06   3.2217e-06   4.3136e-06   5.8034e-06   7.9867e-06
  5.5684e-07   3.2369e-07   2.1575e-07   4.3094e-07   2.2692e-07   7.6213e-08   1.2727e-07     5.03e-07   1.3632e-07   1.8347e-07   2.3054e-07   2.7645e-07   3.7529e-07   4.4936e-07   5.8489e-07   8.2223e-07   1.0311e-06     1.38e-06   1.8461e-06   2.4796e-06   3.3164e-06   4.4411e-06   5.9767e-06   8.2303e-06
  4.1953e-07   3.5219e-07    1.665e-07   2.9692e-07   1.3308e-07   1.4161e-07   2.3745e-07   1.3811e-07   3.1234e-07   1.7804e-07   4.3195e-07   3.1086e-07   5.6841e-07   5.0884e-07   6.2227e-07    9.357e-07   1.1133e-06   1.4418e-06   1.9792e-06   2.6898e-06   3.4659e-06   4.6395e-06   6.2411e-06   8.5836e-06
  1.6876e-07   1.1918e-07   2.7681e-07   3.6301e-07   6.0113e-07   5.9066e-07   3.0634e-07   3.4655e-07   7.1298e-07   6.0134e-07   3.3094e-07   2.9094e-07   6.5335e-07   8.2922e-07   9.0281e-07   7.7866e-07    1.009e-06   5.3831e-06   1.8109e-06   2.4383e-06   3.2499e-06   4.6947e-06    5.852e-06   8.1167e-06
  4.4201e-07   2.8687e-07   3.9724e-07   3.7701e-07   7.9147e-08    2.025e-07   1.1882e-07   3.3179e-07   7.8701e-07   2.0013e-07   2.1591e-07   2.6021e-07   3.3428e-07   4.3389e-07   9.9245e-07   7.5239e-07   9.9812e-07   3.5494e-06   1.8914e-06   2.4063e-06   3.2442e-06      4.3e-06   5.7877e-06   7.9794e-06
  8.3611e-07   5.3418e-07   2.6467e-07   3.8393e-07   1.6166e-07   2.6873e-07   3.7077e-07    1.938e-07   1.4501e-07   4.4096e-07    4.947e-07   2.8737e-07   4.9351e-07   4.8052e-07   6.8397e-07   8.5704e-07    1.122e-06   1.4609e-06   1.9622e-06   2.6256e-06   3.5108e-06   4.6996e-06   6.3248e-06   8.7014e-06
  4.5625e-07   2.7782e-07   1.9806e-07   1.4264e-07    1.172e-07   1.0679e-07   8.0623e-08   1.9288e-07    1.331e-07   1.6823e-07   2.6135e-07   2.7256e-07   3.7171e-07   1.4589e-06   6.3314e-07   1.7516e-06   1.0702e-06   1.4208e-06   1.9489e-06   2.5532e-06   3.4149e-06   4.5669e-06   6.1397e-06   8.4502e-06
  2.7421e-07   4.1018e-07    1.613e-07   3.9602e-07   2.5554e-07     1.29e-07   1.1402e-07   1.9705e-07   1.6319e-07   1.9747e-07   2.5749e-07    3.143e-07   4.1802e-07   5.2093e-07   7.0256e-07   8.9988e-07   1.2489e-06   1.5435e-06   2.0655e-06   2.8246e-06   3.7029e-06   4.9574e-06    6.673e-06   9.1962e-06
  5.9738e-07   3.7634e-07   5.3392e-07   3.4647e-07   2.8437e-07   3.1699e-07   1.2778e-07   6.5653e-07    1.489e-07   2.4542e-07   2.4774e-07   3.4758e-07   4.8792e-07   5.1565e-07   1.1158e-06   8.5982e-07   1.1612e-06   1.5341e-06   2.1514e-06   2.7615e-06   3.6862e-06   4.9352e-06    6.642e-06   9.1517e-06
  6.8348e-07   1.8972e-07   2.6014e-07   1.9674e-07   3.1392e-07    1.413e-07   1.2409e-07   1.2805e-07   1.7643e-07   3.6595e-07   2.2182e-07   4.0335e-07   4.9163e-07   5.2878e-07   6.4183e-07   8.4155e-07    1.119e-06   1.5111e-06   2.1777e-06   2.7105e-06   3.6171e-06   4.8208e-06   6.4857e-06   8.9335e-06
    9.82e-08   1.5562e-07   1.7321e-07   1.6996e-07   2.0468e-07   1.7041e-07   1.0115e-07   2.9657e-07   2.6256e-07   1.7669e-07   2.0597e-07   2.4996e-07   3.3074e-07   4.4567e-07   6.0448e-07   1.5543e-06   1.0123e-06   1.3585e-06   1.8159e-06   2.4433e-06   3.2598e-06   4.3681e-06   5.8711e-06   8.0812e-06
  3.8096e-07   5.0319e-07   1.5215e-07   1.5958e-07   6.8833e-08   1.6517e-07   1.4917e-07   3.6419e-07    1.814e-07   1.9131e-07   1.9858e-07   2.6566e-07   3.5042e-07   4.4842e-07   5.7836e-07   8.1448e-07   1.0172e-06    1.358e-06    1.969e-06   2.4429e-06   3.5059e-06   4.3726e-06   5.8854e-06   8.1038e-06
  3.5366e-07    5.413e-07   2.8074e-07   1.3464e-07    1.908e-07   3.1966e-07   2.1688e-07   1.2949e-07   1.3586e-07   1.7573e-07   3.7595e-07   3.1916e-07   4.1903e-07   7.9204e-07   6.4002e-07   8.8334e-07   1.1225e-06   4.3047e-06   2.0251e-06   2.7557e-06   3.6157e-06     4.84e-06   6.5013e-06   8.9526e-06
  2.8935e-07   2.3024e-07   1.3432e-07    1.166e-07   1.3146e-07   2.6817e-07    6.231e-07   1.6571e-07   5.7261e-07   5.9922e-07   1.9865e-07   2.6087e-07   4.5728e-07   4.4546e-07   7.1222e-07   7.5316e-07   1.0365e-06   1.8053e-06   1.7846e-06   2.5046e-06   3.2024e-06   4.2886e-06   5.7686e-06   7.9391e-06
  3.4851e-07   1.4396e-07   4.4206e-07    2.235e-07   1.6735e-07   1.2665e-07   3.5531e-07   1.7205e-07   4.1237e-07   2.0657e-07   1.8718e-07   3.7941e-07   4.6336e-07   5.3052e-07   5.4365e-07   7.2279e-07   9.5893e-07   1.2841e-06   1.7263e-06   2.2973e-06    3.069e-06   4.1093e-06   5.5244e-06    7.599e-06
  3.7746e-07   2.7094e-07   1.9299e-07   5.6559e-07   2.1085e-07   4.8448e-07   2.6047e-07   4.6106e-07   6.5127e-07   4.8387e-07   2.7248e-07   2.7275e-07   3.4903e-07   4.7281e-07   6.3676e-07   7.9353e-07   1.0413e-06   1.4044e-06   1.8823e-06   2.4917e-06   3.3299e-06   4.4692e-06   5.9944e-06   8.2442e-06
  5.3867e-07   4.7018e-07   1.5489e-07   2.6884e-07   2.4679e-07   3.9699e-07   3.6785e-07    1.652e-07   1.5172e-07   2.4921e-07   4.6593e-07   4.0165e-07   4.9174e-07    5.597e-07   7.3285e-07   8.3057e-07   1.1121e-06   1.4808e-06   2.2029e-06    2.669e-06   3.5987e-06    4.766e-06   6.4332e-06   8.8185e-06
  1.9181e-07   1.9895e-07   5.3031e-07   3.9276e-07   4.8903e-07   1.0824e-07   1.1093e-07   1.8314e-07   8.7874e-07   1.6734e-07   3.2012e-07   4.3094e-07   4.9535e-07   4.8323e-07   6.1543e-07   8.4537e-07   1.0729e-06   1.4501e-06   1.9292e-06   2.5811e-06    3.448e-06   4.6186e-06   6.2074e-06   8.5402e-06
  1.6838e-07    2.648e-07   5.2655e-07   2.6792e-07   4.2434e-07   1.1298e-07   9.4649e-08   1.5023e-07   2.3631e-07   1.9153e-07   2.3588e-07   5.7421e-07   3.9422e-07   5.3462e-07   6.7188e-07   8.5652e-07   1.1442e-06   1.5297e-06   2.0465e-06   2.7499e-06   3.6796e-06   4.9247e-06   6.6261e-06   9.1562e-06
  5.0291e-07   2.0004e-07   6.0816e-07    8.245e-08   3.9356e-07   1.4079e-07   1.5806e-07   4.3014e-07   1.4248e-07   2.8086e-07   2.2087e-07   5.9811e-07   3.2834e-07   4.3584e-07   5.5814e-07   7.4909e-07   1.0143e-06   1.3111e-06   1.7566e-06   2.3583e-06   3.1653e-06   4.2184e-06   5.6741e-06   7.8074e-06
  5.2977e-07   1.4063e-07   4.7969e-07   3.5669e-07   4.0729e-07   1.1188e-07   2.0932e-07   1.1076e-07   1.2413e-07    1.449e-07    2.009e-07    2.544e-07   3.1595e-07   4.3236e-07   5.5744e-07   7.7265e-07   9.6973e-07   1.3201e-06   4.6089e-06   2.3294e-06   3.1189e-06   4.1669e-06   5.6036e-06   7.7101e-06
  2.2638e-07   3.8002e-07   2.4801e-07   2.7932e-07    5.327e-07   1.8893e-07   1.8296e-07   3.4599e-07   4.8155e-07   4.9492e-07   1.9257e-07   2.7129e-07   4.8173e-07   4.3834e-07   5.5793e-07   7.2901e-07   9.8147e-07   1.3094e-06    1.801e-06   2.3375e-06   3.2674e-06   4.1808e-06   5.6227e-06   7.7355e-06
  1.4631e-07   3.2597e-07   2.2409e-07    1.027e-07   1.8984e-07   3.5096e-07   2.5338e-07   3.0845e-07   2.0347e-07   3.6112e-07   2.2721e-07   8.8051e-07   3.1856e-07   6.1721e-07   5.5504e-07   7.2644e-07   9.7668e-07   1.2976e-06   1.7388e-06   2.3292e-06   3.1249e-06   4.1673e-06   5.6012e-06   7.7053e-06
  2.9964e-07   1.6349e-07    1.718e-07   1.8046e-07   1.2004e-07   1.1939e-07   9.4388e-08   1.5921e-07   1.2298e-07   1.7186e-07   1.8612e-07    2.334e-07   3.6661e-07   4.2201e-07   5.9402e-07   7.1591e-07   9.5385e-07   3.2221e-06   1.7584e-06   3.5269e-06   3.1085e-06   4.1002e-06   5.5157e-06   7.5885e-06
  1.4468e-07   3.3936e-07   1.1935e-07   1.8526e-07   3.5229e-07    8.492e-08   2.8731e-07   8.3112e-08   1.1741e-07   2.0349e-07   1.8833e-07   4.4543e-07   4.8496e-07   3.9453e-07   5.3423e-07   1.2344e-06   9.0636e-07   1.2405e-06   1.6554e-06   2.2847e-06   2.9097e-06   4.0398e-06   5.2444e-06    7.222e-06
  6.8733e-07    3.359e-07    1.576e-07   1.2416e-07   2.8823e-07   8.7609e-08   9.2352e-08   2.1152e-07   3.4178e-07   1.3189e-07   1.9225e-07   2.4701e-07   4.5752e-07   3.5679e-07   4.5568e-07   8.8199e-07   7.8462e-07   1.1323e-06   1.4108e-06   1.8854e-06   2.5212e-06   3.3731e-06   4.5387e-06   6.2436e-06
  3.6825e-07   2.3441e-07   1.5015e-07   1.6173e-07   5.0734e-08   6.2635e-08   1.1483e-07   9.4533e-08    1.365e-07   1.7159e-07   3.7063e-07   2.0129e-07   2.6111e-07   8.6136e-07   4.6777e-07   5.7898e-07   1.0774e-06   1.5063e-06   1.3782e-06   1.8498e-06   2.4733e-06   3.3092e-06   4.4515e-06   6.1234e-06
  4.0014e-07   2.1843e-07   3.4024e-07   8.0587e-08   3.1815e-07   2.2128e-07    3.527e-07   1.2811e-07   2.5108e-07   4.3471e-07   2.5346e-07   2.3518e-07   3.0947e-07   3.9408e-07   5.3844e-07   6.8693e-07   9.1324e-07   1.2945e-06   1.6645e-06   2.2303e-06   2.9407e-06   4.0843e-06    5.301e-06   7.2998e-06
