# Energy is in (MeV).  Bin-by-bin limits have units of (MeV/cm^2/s).
# Column 00 emin
# Column 01 emax
# Column 03 bootes_I
# Column 04 bootes_II
# Column 05 bootes_III
# Column 06 canes_venatici_I
# Column 07 canes_venatici_II
# Column 08 carina
# Column 09 cetus_II
# Column 10 columba_I
# Column 11 coma_berenices
# Column 12 draco
# Column 13 draco_II
# Column 14 eridanus_II
# Column 15 eridanus_III
# Column 16 fornax
# Column 17 grus_I
# Column 18 grus_II
# Column 19 hercules
# Column 20 horologium_I
# Column 21 horologium_II
# Column 22 hydra_II
# Column 23 indus_II
# Column 24 kim_2
# Column 25 leo_I
# Column 26 leo_II
# Column 27 leo_IV
# Column 28 leo_V
# Column 29 pegasus_III
# Column 30 phoenix_II
# Column 31 pictor_I
# Column 32 pisces_II
# Column 33 reticulum_II
# Column 34 reticulum_III
# Column 35 sagittarius_II
# Column 36 sculptor
# Column 37 segue_1
# Column 38 sextans
# Column 39 triangulum_II
# Column 40 tucana_II
# Column 41 tucana_III
# Column 42 tucana_IV
# Column 43 tucana_V
# Column 44 ursa_major_I
# Column 45 ursa_major_II
# Column 46 ursa_minor
# Column 47 willman_1
# 
  1.0547e-07   4.9123e-08   3.1474e-08    5.401e-08   5.2226e-08   5.9103e-08   5.8973e-08   5.6102e-08   1.4568e-07   4.9522e-08   8.8444e-08   7.9369e-08   3.0537e-07   1.3578e-07   1.7493e-07   2.3126e-07   3.0595e-07   4.1052e-07   5.4703e-07    7.353e-07   9.8446e-07   1.3163e-06   1.7711e-06   2.4423e-06
  8.4016e-08   3.9541e-08   4.2511e-08   7.6378e-08   4.7929e-08   6.8033e-08   5.4175e-08   1.4168e-07   1.5399e-07   5.6793e-08   8.9775e-08   7.7195e-08   1.2923e-07   1.4604e-07   1.7575e-07   2.3101e-07   3.0776e-07    4.361e-07   5.5063e-07   7.4024e-07   9.9044e-07   1.3275e-06   1.7829e-06   2.4643e-06
   1.468e-07   1.6611e-07   1.1708e-07    1.953e-08   4.0655e-08   2.6321e-08   7.8236e-08   2.9592e-08   4.1985e-08   4.6572e-08   1.0873e-07   1.2328e-07   1.5965e-07   2.6015e-07   1.8211e-07   2.2639e-07   2.9492e-07   4.0084e-07    5.286e-07   7.0975e-07   1.3164e-06   1.2706e-06   1.7106e-06   2.3499e-06
   4.807e-08   7.8564e-08   4.8297e-08   1.8193e-08    2.632e-08   4.8405e-08   2.3736e-08   2.7219e-08   7.7557e-08   1.0415e-07   6.4776e-08    7.998e-08   1.2405e-07   1.2824e-07   1.6849e-07   2.1813e-07   3.1578e-07   3.8919e-07   5.2498e-07   7.1764e-07   9.3656e-07    1.252e-06   1.6846e-06   2.3175e-06
  4.5634e-08   4.7476e-08   4.5447e-08    2.429e-08   7.1002e-08    4.072e-08   5.7477e-08   2.8139e-08   4.5944e-08   4.3794e-08   6.5382e-08   2.1389e-07   9.8836e-08   1.3123e-07   4.7404e-07   4.1211e-07   2.9161e-07    3.895e-07   7.1864e-07   7.0116e-07   9.3621e-07   1.2532e-06   1.6861e-06   2.3199e-06
  4.8595e-08   2.8394e-08   5.1781e-08   1.2753e-07   7.0395e-08   7.1916e-08   5.5869e-08   8.8437e-08   4.2262e-08   6.6567e-08   6.5366e-08   7.7169e-08   1.0192e-07   1.5079e-07   1.7051e-07   2.2258e-07    4.857e-07   9.7069e-07   5.4988e-07   7.3781e-07   9.3506e-07   1.2517e-06   1.6845e-06   2.3205e-06
  4.7252e-08   4.0732e-08   6.6005e-08   5.5529e-08   7.4426e-08   9.8141e-08   4.1098e-08   3.1631e-08   1.3227e-07   5.4283e-08   6.1192e-08   8.2647e-08   1.1173e-07   1.4677e-07    1.869e-07   2.4516e-07     3.61e-07   4.3756e-07   9.8372e-07    7.991e-07    1.052e-06   1.4125e-06   1.8945e-06   2.6069e-06
  1.1349e-07   1.7014e-07   4.5721e-08   1.2417e-07   9.0397e-08   2.6985e-08   6.0719e-08   4.4623e-08   7.6784e-08   2.0359e-07   1.3505e-07   1.2682e-07   1.1179e-07   2.8547e-07   1.8095e-07   2.3237e-07    3.096e-07    4.149e-07   5.6163e-07   7.4585e-07   1.0046e-06   1.3352e-06    1.796e-06   2.4712e-06
  8.2315e-08    4.629e-08   6.6722e-08   9.7787e-08   5.5082e-08   5.7605e-08   3.6559e-08   4.1222e-08   4.6302e-08   6.3833e-08   8.9189e-08   1.3025e-07   1.0596e-07   2.1469e-07   2.8105e-07   2.2796e-07   3.0754e-07   4.1375e-07   6.9157e-07   7.3729e-07   1.0457e-06   1.3074e-06   1.7516e-06   2.4086e-06
  1.2806e-07   1.8227e-08   9.4335e-08   3.9606e-08   6.9213e-08     2.26e-08   2.1696e-08   4.7122e-08   3.3914e-08   3.8436e-08   4.6133e-08   1.5267e-07   7.7105e-08   1.3553e-07   1.4576e-07   4.0063e-07   2.3602e-07   3.1611e-07   4.2342e-07   5.6868e-07   7.6095e-07   1.0262e-06   1.3667e-06   1.8801e-06
  7.8116e-08   6.2361e-08   5.4139e-08   4.8876e-08   6.0236e-08   6.9481e-08   3.8458e-08   3.1885e-08   7.6582e-08   7.9183e-08   1.8727e-07   1.0635e-07   7.4611e-08   1.0181e-07   1.7015e-07   1.6933e-07   2.5111e-07   7.2931e-07   4.0411e-07   5.4153e-07     7.24e-07   9.6897e-07   1.3036e-06   1.7929e-06
  7.0911e-08   7.4818e-08   4.2978e-08   8.5827e-08   3.1567e-08   1.7058e-08   3.6588e-08    8.534e-08    4.435e-08    1.368e-07   6.6684e-08    7.879e-08   1.2492e-07   1.3362e-07    1.725e-07   2.9755e-07   3.4577e-07    8.801e-07   5.4241e-07   7.2857e-07   9.7445e-07   1.3055e-06   1.7563e-06   2.4178e-06
   3.624e-08   3.7415e-08   6.5781e-08   1.1197e-07   2.6869e-08   4.5379e-08   3.6893e-08   3.7992e-08   4.1283e-08   5.1433e-08   6.3131e-08   7.5759e-08   1.0146e-07   1.8278e-07    1.712e-07   2.2121e-07    3.478e-07   3.9464e-07   5.2822e-07   8.3804e-07   9.4846e-07   1.2703e-06   1.7088e-06   2.3523e-06
  2.1812e-07   1.2486e-07   3.3026e-08   7.8773e-08   3.2179e-08   1.6159e-07   9.1974e-08   3.5486e-08   3.8486e-08   1.6539e-07   6.3015e-08   8.4857e-08   1.0942e-07   3.9484e-07   1.7943e-07   2.3557e-07   3.1196e-07   4.1812e-07   5.6189e-07   7.5236e-07   1.0059e-06   1.3497e-06   1.8131e-06   2.4943e-06
  8.1117e-08   1.7571e-07   7.8749e-08   5.4869e-08   7.2021e-08   7.3896e-08   4.0884e-08   3.5771e-08    5.737e-08   6.4496e-08   6.0576e-08   7.7912e-08   1.1176e-07   1.7673e-07   2.0384e-07   2.2535e-07   4.3747e-07   4.0338e-07   5.3718e-07   7.2209e-07   9.6561e-07   1.2924e-06   1.7424e-06   2.4647e-06
  1.2647e-07   1.4926e-07   4.1761e-08   9.1685e-08    8.131e-08   1.1824e-07   3.4038e-08   4.6288e-08   2.0109e-07   5.3009e-08   6.0216e-08   8.5024e-08   1.7448e-07   1.3088e-07   1.7694e-07   2.2737e-07   3.0018e-07   4.0124e-07   8.7027e-07   7.2201e-07   9.6662e-07    2.524e-06   1.7369e-06   5.8746e-06
  5.0826e-08    8.147e-08   9.7817e-08   1.6415e-07   7.0039e-08   5.1323e-08   1.5824e-07   4.2127e-08    8.758e-08   1.1159e-07   1.4314e-07   9.2561e-08   1.7705e-07   1.2899e-07   1.6818e-07   2.6981e-07   7.4777e-07   3.9319e-07   6.3575e-07   7.0444e-07   9.4994e-07   1.2605e-06   1.6983e-06   2.3335e-06
  7.2484e-08   1.0256e-07   9.6892e-08   3.6861e-08   3.9484e-08   4.7345e-08   7.6599e-08   1.2141e-07   4.9279e-08   4.6799e-08   1.1047e-07   7.6151e-08   9.5921e-08   1.2439e-07   1.6969e-07   2.1683e-07   2.8843e-07   3.8611e-07   5.1691e-07   7.2632e-07    9.274e-07   1.2415e-06   1.6704e-06   2.2987e-06
  1.6027e-07   9.3167e-08   6.2099e-08   1.2402e-07    6.532e-08   2.1935e-08   3.6632e-08   1.4477e-07   3.9236e-08   5.2807e-08   6.6357e-08    7.956e-08   1.0803e-07   1.2933e-07   1.6835e-07   2.3665e-07   2.9676e-07   3.9719e-07   5.3138e-07   7.1359e-07   9.5464e-07   1.2782e-06   1.7203e-06   2.3688e-06
  1.2075e-07   1.0137e-07   4.7925e-08    8.545e-08   3.8307e-08   4.0758e-08   6.8347e-08   3.9751e-08   8.9897e-08   5.1245e-08   1.2433e-07   8.9461e-08   1.6362e-07   1.4645e-07   1.7911e-07   2.6931e-07   3.2043e-07   4.1498e-07   5.6969e-07    7.741e-07   9.9769e-07   1.3353e-06   1.7964e-06   2.4705e-06
  4.8574e-08   3.4302e-08   7.9675e-08   1.0447e-07   1.7304e-07      1.7e-07   8.8176e-08   9.9741e-08   2.0521e-07   1.7308e-07   9.5257e-08   8.3729e-08   1.8807e-07   2.3866e-07   2.5986e-07   2.2411e-07   2.9042e-07   1.5494e-06   5.2125e-07   7.0171e-07   9.3549e-07   1.3512e-06   1.6844e-06   2.3361e-06
  1.2722e-07   8.2567e-08   1.1434e-07    1.085e-07   2.2783e-08   5.8283e-08     3.42e-08   9.5494e-08   2.2652e-07   5.7603e-08   6.2146e-08   7.4885e-08   9.6225e-08   1.2488e-07   2.8566e-07   2.1655e-07   2.8728e-07   1.0216e-06   5.4442e-07    6.925e-07   9.3387e-07   1.2376e-06   1.6659e-06   2.2966e-06
  2.4065e-07   1.5375e-07   7.6181e-08   1.1049e-07   4.6534e-08   7.7344e-08   1.0672e-07   5.5779e-08   4.1738e-08   1.2692e-07   1.4239e-07   8.2701e-08   1.4206e-07    1.383e-07   1.9687e-07   2.4667e-07   3.2295e-07   4.2049e-07   5.6478e-07   7.5562e-07   1.0106e-06   1.3526e-06   1.8205e-06   2.5044e-06
  1.3132e-07   7.9963e-08   5.7007e-08    4.105e-08   3.3736e-08   3.0735e-08   2.3206e-08   5.5513e-08   3.8309e-08    4.842e-08   7.5226e-08   7.8439e-08     1.07e-07   4.1988e-07   1.8224e-07   5.0415e-07   3.0804e-07   4.0895e-07   5.6096e-07   7.3478e-07   9.8301e-07   1.3144e-06   1.7672e-06   2.4321e-06
  7.8925e-08   1.1806e-07   4.6429e-08   1.1397e-07    7.356e-08   3.7129e-08   3.2818e-08   5.6714e-08   4.6969e-08   5.6836e-08   7.4115e-08   9.0452e-08   1.2033e-07   1.4993e-07   2.0222e-07     2.59e-07   3.5947e-07   4.4426e-07   5.9453e-07   8.1288e-07   1.0659e-06   1.4268e-06   1.9207e-06   2.6468e-06
  1.7194e-07   1.0832e-07   1.5368e-07   9.9709e-08   8.1859e-08   9.1233e-08   3.6779e-08   1.8896e-07   4.2857e-08   7.0637e-08   7.1308e-08   1.0003e-07   1.4045e-07   1.4841e-07   3.2116e-07   2.4747e-07   3.3422e-07   4.4156e-07   6.1925e-07   7.9473e-07   1.0611e-06   1.4204e-06   1.9118e-06    2.634e-06
  1.9672e-07   5.4606e-08   7.4878e-08   5.6619e-08   9.0364e-08   4.0668e-08   3.5717e-08   3.6856e-08    5.078e-08   1.0533e-07   6.3846e-08   1.1608e-07   1.4152e-07   1.5219e-07   1.8474e-07   2.4221e-07   3.2208e-07   4.3493e-07   6.2681e-07   7.8005e-07   1.0412e-06   1.3875e-06   1.8668e-06   2.5712e-06
  2.8264e-08   4.4792e-08   4.9856e-08   4.8911e-08   5.8917e-08   4.9045e-08   2.9115e-08   8.5356e-08    7.557e-08   5.0855e-08   5.9284e-08   7.1934e-08   9.5205e-08   1.2827e-07   1.7399e-07   4.4735e-07   2.9135e-07   3.9101e-07   5.2268e-07   7.0314e-07   9.3836e-07   1.2572e-06   1.6899e-06   2.3259e-06
  1.0965e-07   1.4483e-07   4.3795e-08   4.5925e-08   1.9814e-08   4.7539e-08   4.2935e-08   1.0482e-07   5.2211e-08   5.5065e-08   5.7158e-08   7.6455e-08   1.0087e-07   1.2906e-07   1.6647e-07   2.3442e-07   2.9277e-07   3.9088e-07   5.6675e-07   7.0304e-07   1.0092e-06   1.2585e-06    1.694e-06   2.3324e-06
  1.0179e-07    1.558e-07   8.0806e-08   3.8748e-08   5.4924e-08   9.2001e-08   6.2424e-08   3.7268e-08   3.9104e-08   5.0579e-08   1.0821e-07   9.1851e-08   1.2062e-07   2.2796e-07   1.8422e-07   2.5424e-07   3.2307e-07    1.239e-06    5.829e-07   7.9305e-07   1.0408e-06    1.393e-06   1.8713e-06   2.5767e-06
  8.3282e-08    6.627e-08   3.8662e-08   3.3556e-08   3.7842e-08   7.7184e-08   1.7935e-07   4.7695e-08   1.6481e-07   1.7247e-07   5.7179e-08   7.5076e-08   1.3163e-07   1.2821e-07     2.05e-07   2.1677e-07   2.9833e-07    5.196e-07   5.1366e-07    7.208e-07   9.2184e-07   1.2343e-06   1.6604e-06    2.285e-06
  1.0031e-07   4.1435e-08   1.2724e-07    6.432e-08   4.8174e-08   3.6452e-08   1.0227e-07    4.952e-08   1.1869e-07   5.9455e-08   5.3878e-08   1.0919e-07   1.3338e-07   1.5269e-07   1.5648e-07   2.0803e-07     2.76e-07    3.696e-07   4.9689e-07   6.6114e-07   8.8343e-07   1.1827e-06   1.5901e-06   2.1871e-06
  1.0864e-07   7.7983e-08    5.555e-08   1.6277e-07   6.0695e-08   1.3944e-07   7.4972e-08    1.327e-07   1.8745e-07   1.3927e-07   7.8429e-08   7.8495e-08   1.0047e-07   1.3608e-07   1.8328e-07   2.2839e-07    2.997e-07   4.0421e-07    5.418e-07   7.1708e-07   9.5854e-07   1.2863e-06   1.7254e-06   2.3728e-06
  1.5504e-07   1.3533e-07   4.4583e-08   7.7369e-08   7.1041e-08   1.1426e-07   1.0588e-07   4.7546e-08   4.3668e-08    7.173e-08   1.3411e-07   1.1559e-07   1.4155e-07   1.6109e-07   2.1094e-07   2.3905e-07   3.2008e-07   4.2621e-07   6.3408e-07   7.6811e-07   1.0359e-06   1.3717e-06   1.8517e-06   2.5381e-06
  5.5208e-08   5.7262e-08   1.5264e-07   1.1303e-07   1.4077e-07   3.1152e-08   3.1928e-08    5.271e-08   2.5292e-07   4.8164e-08    9.214e-08   1.2402e-07   1.4259e-07   1.3908e-07   1.7714e-07   2.4331e-07   3.0879e-07   4.1736e-07    5.553e-07   7.4281e-07   9.9254e-07   1.3293e-06   1.7867e-06    2.458e-06
  4.8464e-08   7.6217e-08   1.5156e-07   7.7105e-08   1.2215e-07   3.2517e-08   2.7243e-08   4.3239e-08   6.8014e-08   5.5126e-08   6.7895e-08   1.6525e-07   1.1348e-07   1.5387e-07   1.9339e-07   2.4652e-07   3.2933e-07   4.4029e-07   5.8904e-07   7.9138e-07   1.0592e-06   1.4174e-06   1.9072e-06   2.6353e-06
  1.4475e-07   5.7576e-08   1.7505e-07   2.3728e-08   1.1329e-07   4.0521e-08   4.5494e-08    1.238e-07   4.1008e-08   8.0838e-08   6.3573e-08   1.7213e-07   9.4515e-08   1.2544e-07   1.6065e-07    2.156e-07   2.9194e-07   3.7736e-07    5.056e-07    6.787e-07   9.1116e-07   1.2141e-06   1.6332e-06   2.2471e-06
  1.5248e-07   4.0478e-08   1.3807e-07   1.0265e-07   1.1724e-07     3.22e-08    6.025e-08   3.1878e-08   3.5728e-08   4.1707e-08   5.7826e-08   7.3212e-08   9.0949e-08   1.2444e-07   1.6045e-07   2.2238e-07   2.7911e-07   3.7997e-07   1.3266e-06   6.7038e-07   8.9778e-07   1.1993e-06   1.6129e-06   2.2191e-06
  6.5156e-08   1.0938e-07   7.1387e-08   8.0386e-08   1.5334e-07   5.4375e-08   5.2661e-08    9.958e-08    1.386e-07   1.4245e-07   5.5428e-08   7.8073e-08   1.3867e-07   1.2616e-07   1.6059e-07   2.0982e-07   2.8249e-07   3.7687e-07   5.1838e-07   6.7269e-07   9.4053e-07   1.2033e-06   1.6184e-06   2.2264e-06
   4.211e-08   9.3823e-08   6.4501e-08   2.9556e-08   5.4648e-08   1.0101e-07    7.293e-08   8.8777e-08   5.8563e-08   1.0394e-07   6.5399e-08    2.534e-07   9.1699e-08   1.7764e-07   1.5976e-07   2.0908e-07   2.8111e-07   3.7349e-07   5.0049e-07   6.7031e-07   8.9953e-07   1.1994e-06   1.6122e-06   2.2177e-06
  8.6244e-08   4.7055e-08    4.945e-08   5.1934e-08   3.4554e-08   3.4361e-08   2.7168e-08   4.5823e-08   3.5395e-08   4.9465e-08   5.3573e-08   6.7169e-08   1.0553e-07   1.2146e-07   1.7098e-07   2.0605e-07   2.7454e-07    9.274e-07   5.0613e-07    1.015e-06   8.9479e-07   1.1801e-06   1.5876e-06   2.1841e-06
  4.1641e-08   9.7675e-08   3.4354e-08   5.3315e-08   1.0141e-07   2.4441e-08   8.2696e-08   2.3921e-08   3.3794e-08    5.857e-08   5.4209e-08   1.2819e-07    1.396e-07   1.1355e-07   1.5377e-07   3.5527e-07   2.6087e-07   3.5705e-07   4.7647e-07    6.575e-07   8.3758e-07   1.1627e-06   1.5095e-06   2.0786e-06
  1.9783e-07   9.6681e-08   4.5363e-08   3.5732e-08   8.2968e-08   2.5215e-08   2.6582e-08   6.0879e-08   9.8373e-08   3.7961e-08   5.5335e-08   7.1085e-08    1.317e-07   1.0269e-07   1.3116e-07   2.5385e-07   2.2583e-07   3.2591e-07   4.0607e-07    5.426e-07   7.2575e-07   9.7083e-07   1.3064e-06    1.797e-06
  1.0599e-07   6.7468e-08   4.3218e-08   4.6543e-08   1.4604e-08   1.8027e-08   3.3052e-08   2.7208e-08   3.9288e-08   4.9387e-08   1.0668e-07    5.793e-08   7.5161e-08   2.4791e-07   1.3464e-07   1.6664e-07   3.1009e-07   4.3356e-07   3.9669e-07   5.3234e-07   7.1194e-07   9.5242e-07   1.2813e-06   1.7624e-06
  1.1517e-07    6.287e-08   9.7933e-08   2.3192e-08   9.1581e-08   6.3688e-08   1.0152e-07   3.6872e-08   7.2267e-08   1.2512e-07   7.2953e-08   6.7683e-08   8.9083e-08   1.1342e-07   1.5498e-07   1.9771e-07   2.6285e-07   3.7258e-07   4.7909e-07   6.4186e-07   8.4649e-07   1.1755e-06   1.5258e-06    2.101e-06
