### /nfs/slac/g/ki/ki20/cta/mdwood/fermi/dsph_pipeline/des_dwarfs/v6/p302_6yr_source_psf0123_point_gs_jsigma0.6/results/like_tucana_IV.txt
#[0]emin(MeV) [1]emax(MeV) [2]eflux(MeV/cm^2/s) [3]deltaLogLike
500             666.760716      0               0.000178872033 
500             666.760716      1.77215601e-10  -0.00379670093 
500             666.760716      3.15138854e-10  -0.00690202275 
500             666.760716      5.60404936e-10  -0.0124483626  
500             666.760716      9.96556558e-10  -0.0223876771  
500             666.760716      1.77215601e-09  -0.0403030286  
500             666.760716      3.15138854e-09  -0.0729162113  
500             666.760716      5.60404936e-09  -0.133266447   
500             666.760716      9.96556558e-09  -0.247862183   
500             666.760716      1.77215601e-08  -0.473760817   
500             666.760716      3.15138854e-08  -0.940941704   
500             666.760716      5.60404936e-08  -1.95799287    
500             666.760716      9.96556558e-08  -4.26824871    
500             666.760716      1.77215601e-07  -9.638004      
500             666.760716      3.15138854e-07  -22.1243412    
500             666.760716      5.60404936e-07  -50.6547806    
500             666.760716      9.96556558e-07  -114.054738    
500             666.760716      1.77215601e-06  -250.564953    
500             666.760716      3.15138854e-06  -535.476093    
500             666.760716      5.60404936e-06  -1113.2327     
500             666.760716      9.96556558e-06  -2255.16714    
500             666.760716      1.77215601e-05  -4462.65097    
500             666.760716      3.15138854e-05  -8650.70297    
500             666.760716      5.60404936e-05  -16473.8685    
500             666.760716      9.96556558e-05  -30903.7908    
666.760716      889.139705      0               -0.20770892    
666.760716      889.139705      1.77215601e-10  -0.204272948   
666.760716      889.139705      3.15138854e-10  -0.201621602   
666.760716      889.139705      5.60404936e-10  -0.196955864   
666.760716      889.139705      9.96556558e-10  -0.188813205   
666.760716      889.139705      1.77215601e-09  -0.174816184   
666.760716      889.139705      3.15138854e-09  -0.15142466    
666.760716      889.139705      5.60404936e-09  -0.114419168   
666.760716      889.139705      9.96556558e-09  -0.0623633332  
666.760716      889.139705      1.77215601e-08  -0.00955376147 
666.760716      889.139705      3.15138854e-08  -0.0249124169  
666.760716      889.139705      5.60404936e-08  -0.333521457   
666.760716      889.139705      9.96556558e-08  -1.55650076    
666.760716      889.139705      1.77215601e-07  -5.24409145    
666.760716      889.139705      3.15138854e-07  -15.0119176    
666.760716      889.139705      5.60404936e-07  -38.8438076    
666.760716      889.139705      9.96556558e-07  -93.505197     
666.760716      889.139705      1.77215601e-06  -212.674543    
666.760716      889.139705      3.15138854e-06  -461.654783    
666.760716      889.139705      5.60404936e-06  -963.771503    
666.760716      889.139705      9.96556558e-06  -1947.48383    
666.760716      889.139705      1.77215601e-05  -3830.18237    
666.760716      889.139705      3.15138854e-05  -7367.04522    
666.760716      889.139705      5.60404936e-05  -13915.4247    
666.760716      889.139705      9.96556558e-05  -25904.5575    
889.139705      1185.68685      0               -0.00231412939 
889.139705      1185.68685      1.77215601e-10  -0.00191590864 
889.139705      1185.68685      3.15138854e-10  -0.001626909   
889.139705      1185.68685      5.60404936e-10  -0.00115809127 
889.139705      1185.68685      9.96556558e-10  -0.000466363257
889.139705      1185.68685      1.77215601e-09  0.000318532337 
889.139705      1185.68685      3.15138854e-09  0.000326996791 
889.139705      1185.68685      5.60404936e-09  -0.00393398125 
889.139705      1185.68685      9.96556558e-09  -0.0244493027  
889.139705      1185.68685      1.77215601e-08  -0.0989124984  
889.139705      1185.68685      3.15138854e-08  -0.337735546   
889.139705      1185.68685      5.60404936e-08  -1.04133061    
889.139705      1185.68685      9.96556558e-08  -2.96403688    
889.139705      1185.68685      1.77215601e-07  -7.85431075    
889.139705      1185.68685      3.15138854e-07  -19.4946383    
889.139705      1185.68685      5.60404936e-07  -45.6519776    
889.139705      1185.68685      9.96556558e-07  -101.684829    
889.139705      1185.68685      1.77215601e-06  -217.117696    
889.139705      1185.68685      3.15138854e-06  -447.484399    
889.139705      1185.68685      5.60404936e-06  -895.491076    
889.139705      1185.68685      9.96556558e-06  -1748.64663    
889.139705      1185.68685      1.77215601e-05  -3346.11464    
889.139705      1185.68685      3.15138854e-05  -6297.62676    
889.139705      1185.68685      5.60404936e-05  -11695.0796    
889.139705      1185.68685      9.96556558e-05  -21488.8282    
1185.68685      1581.13883      0               0.00135729595  
1185.68685      1581.13883      1.77215601e-10  -0.00519695844 
1185.68685      1581.13883      3.15138854e-10  -0.0103133495  
1185.68685      1581.13883      5.60404936e-10  -0.0194447918  
1185.68685      1581.13883      9.96556558e-10  -0.0357870663  
1185.68685      1581.13883      1.77215601e-09  -0.0651740484  
1185.68685      1581.13883      3.15138854e-09  -0.118445812   
1185.68685      1581.13883      5.60404936e-09  -0.216291486   
1185.68685      1581.13883      9.96556558e-09  -0.399656212   
1185.68685      1581.13883      1.77215601e-08  -0.752971412   
1185.68685      1581.13883      3.15138854e-08  -1.45643602    
1185.68685      1581.13883      5.60404936e-08  -2.89998739    
1185.68685      1581.13883      9.96556558e-08  -5.91646629    
1185.68685      1581.13883      1.77215601e-07  -12.2284487    
1185.68685      1581.13883      3.15138854e-07  -25.2753381    
1185.68685      1581.13883      5.60404936e-07  -51.7380513    
1185.68685      1581.13883      9.96556558e-07  -104.347202    
1185.68685      1581.13883      1.77215601e-06  -207.018191    
1185.68685      1581.13883      3.15138854e-06  -404.167414    
1185.68685      1581.13883      5.60404936e-06  -777.462425    
1185.68685      1581.13883      9.96556558e-06  -1475.6667     
1185.68685      1581.13883      1.77215601e-05  -2767.57486    
1185.68685      1581.13883      3.15138854e-05  -5135.9253     
1185.68685      1581.13883      5.60404936e-05  -9444.28043    
1185.68685      1581.13883      9.96556558e-05  -17233.7858    
1581.13883      2108.48252      0               -0.154172963   
1581.13883      2108.48252      1.77215601e-10  -0.147673497   
1581.13883      2108.48252      3.15138854e-10  -0.14274123    
1581.13883      2108.48252      5.60404936e-10  -0.134237347   
1581.13883      2108.48252      9.96556558e-10  -0.119934553   
1581.13883      2108.48252      1.77215601e-09  -0.0969600938  
1581.13883      2108.48252      3.15138854e-09  -0.0632263012  
1581.13883      2108.48252      5.60404936e-09  -0.0227127638  
1581.13883      2108.48252      9.96556558e-09  0.000313909253 
1581.13883      2108.48252      1.77215601e-08  -0.0693928399  
1581.13883      2108.48252      3.15138854e-08  -0.413983589   
1581.13883      2108.48252      5.60404936e-08  -1.41799555    
1581.13883      2108.48252      9.96556558e-08  -3.84207257    
1581.13883      2108.48252      1.77215601e-07  -9.1641394     
1581.13883      2108.48252      3.15138854e-07  -20.2484433    
1581.13883      2108.48252      5.60404936e-07  -42.6050836    
1581.13883      2108.48252      9.96556558e-07  -86.6805536    
1581.13883      2108.48252      1.77215601e-06  -171.947107    
1581.13883      2108.48252      3.15138854e-06  -334.159519    
1581.13883      2108.48252      5.60404936e-06  -638.23123     
1581.13883      2108.48252      9.96556558e-06  -1201.11606    
1581.13883      2108.48252      1.77215601e-05  -2232.52598    
1581.13883      2108.48252      3.15138854e-05  -4107.39332    
1581.13883      2108.48252      5.60404936e-05  -7494.75534    
1581.13883      2108.48252      9.96556558e-05  -13586.9542    
2108.48252      2811.70663      0               -0.339981039   
2108.48252      2811.70663      1.77215601e-10  -0.335073842   
2108.48252      2811.70663      3.15138854e-10  -0.331285727   
2108.48252      2811.70663      5.60404936e-10  -0.324616146   
2108.48252      2811.70663      9.96556558e-10  -0.312964971   
2108.48252      2811.70663      1.77215601e-09  -0.292897278   
2108.48252      2811.70663      3.15138854e-09  -0.259215883   
2108.48252      2811.70663      5.60404936e-09  -0.205370301   
2108.48252      2811.70663      9.96556558e-09  -0.127297327   
2108.48252      2811.70663      1.77215601e-08  -0.0376236092  
2108.48252      2811.70663      3.15138854e-08  -0.00540521344 
2108.48252      2811.70663      5.60404936e-08  -0.247872592   
2108.48252      2811.70663      9.96556558e-08  -1.31095571    
2108.48252      2811.70663      1.77215601e-07  -4.38681043    
2108.48252      2811.70663      3.15138854e-07  -11.8530523    
2108.48252      2811.70663      5.60404936e-07  -28.2148425    
2108.48252      2811.70663      9.96556558e-07  -61.8052563    
2108.48252      2811.70663      1.77215601e-06  -127.874005    
2108.48252      2811.70663      3.15138854e-06  -254.141537    
2108.48252      2811.70663      5.60404936e-06  -490.687359    
2108.48252      2811.70663      9.96556558e-06  -927.499927    
2108.48252      2811.70663      1.77215601e-05  -1725.63532    
2108.48252      2811.70663      3.15138854e-05  -3172.58179    
2108.48252      2811.70663      5.60404936e-05  -5780.71166    
2108.48252      2811.70663      9.96556558e-05  -10462.4404    
2811.70663      3749.47105      0               -0.815791827   
2811.70663      3749.47105      1.77215601e-10  -0.792364759   
2811.70663      3749.47105      3.15138854e-10  -0.774638631   
2811.70663      3749.47105      5.60404936e-10  -0.744158409   
2811.70663      3749.47105      9.96556558e-10  -0.693025972   
2811.70663      3749.47105      1.77215601e-09  -0.610724005   
2811.70663      3749.47105      3.15138854e-09  -0.48691136    
2811.70663      3749.47105      5.60404936e-09  -0.320001173   
2811.70663      3749.47105      9.96556558e-09  -0.134247792   
2811.70663      3749.47105      1.77215601e-08  -0.00620906341 
2811.70663      3749.47105      3.15138854e-08  -0.102702507   
2811.70663      3749.47105      5.60404936e-08  -0.740624982   
2811.70663      3749.47105      9.96556558e-08  -2.49417893    
2811.70663      3749.47105      1.77215601e-07  -6.39994807    
2811.70663      3749.47105      3.15138854e-07  -14.3486951    
2811.70663      3749.47105      5.60404936e-07  -29.8131393    
2811.70663      3749.47105      9.96556558e-07  -59.1675425    
2811.70663      3749.47105      1.77215601e-06  -114.048944    
2811.70663      3749.47105      3.15138854e-06  -215.559185    
2811.70663      3749.47105      5.60404936e-06  -401.728404    
2811.70663      3749.47105      9.96556558e-06  -740.765454    
2811.70663      3749.47105      1.77215601e-05  -1354.59456    
2811.70663      3749.47105      3.15138854e-05  -2460.69607    
2811.70663      3749.47105      5.60404936e-05  -4446.52739    
2811.70663      3749.47105      9.96556558e-05  -8001.91263    
3749.47105      5000            0               -0.051039976   
3749.47105      5000            1.77215601e-10  -0.0492369014  
3749.47105      5000            3.15138854e-10  -0.0478591062  
3749.47105      5000            5.60404936e-10  -0.0454637084  
3749.47105      5000            9.96556558e-10  -0.0413750522  
3749.47105      5000            1.77215601e-09  -0.0346343486  
3749.47105      5000            3.15138854e-09  -0.0242658599  
3749.47105      5000            5.60404936e-09  -0.0106450931  
3749.47105      5000            9.96556558e-09  -0.000180948091
3749.47105      5000            1.77215601e-08  -0.0184202754  
3749.47105      5000            3.15138854e-08  -0.140881181   
3749.47105      5000            5.60404936e-08  -0.553983468   
3749.47105      5000            9.96556558e-08  -1.658962      
3749.47105      5000            1.77215601e-07  -4.24010079    
3749.47105      5000            3.15138854e-07  -9.75440131    
3749.47105      5000            5.60404936e-07  -20.8636739    
3749.47105      5000            9.96556558e-07  -42.4119029    
3749.47105      5000            1.77215601e-06  -83.183719     
3749.47105      5000            3.15138854e-06  -159.044276    
3749.47105      5000            5.60404936e-06  -298.543884    
3749.47105      5000            9.96556558e-06  -552.897012    
3749.47105      5000            1.77215601e-05  -1013.69375    
3749.47105      5000            3.15138854e-05  -1844.31824    
3749.47105      5000            5.60404936e-05  -3335.75606    
3749.47105      5000            9.96556558e-05  -6005.84348    
5000            6667.60716      0               5.27279553e-09 
5000            6667.60716      1.77215601e-10  -0.00325006725 
5000            6667.60716      3.15138854e-10  -0.00578470288 
5000            6667.60716      5.60404936e-10  -0.010303121   
5000            6667.60716      9.96556558e-10  -0.0183730743  
5000            6667.60716      1.77215601e-09  -0.0328328501  
5000            6667.60716      3.15138854e-09  -0.0588841017  
5000            6667.60716      5.60404936e-09  -0.106238892   
5000            6667.60716      9.96556558e-09  -0.193497002   
5000            6667.60716      1.77215601e-08  -0.357316254   
5000            6667.60716      3.15138854e-08  -0.671620822   
5000            6667.60716      5.60404936e-08  -1.28638314    
5000            6667.60716      9.96556558e-08  -2.50139934    
5000            6667.60716      1.77215601e-07  -4.90016653    
5000            6667.60716      3.15138854e-07  -9.58925679    
5000            6667.60716      5.60404936e-07  -18.6244551    
5000            6667.60716      9.96556558e-07  -35.7614802    
5000            6667.60716      1.77215601e-06  -67.7749286    
5000            6667.60716      3.15138854e-06  -126.79649     
5000            6667.60716      5.60404936e-06  -234.491365    
5000            6667.60716      9.96556558e-06  -429.515828    
5000            6667.60716      1.77215601e-05  -780.790625    
5000            6667.60716      3.15138854e-05  -1411.09226    
5000            6667.60716      5.60404936e-05  -2538.99351    
5000            6667.60716      9.96556558e-05  -4553.44086    
6667.60716      8891.39705      0               -0.735398105   
6667.60716      8891.39705      1.77215601e-10  -0.71507348    
6667.60716      8891.39705      3.15138854e-10  -0.699717674   
6667.60716      8891.39705      5.60404936e-10  -0.673358445   
6667.60716      8891.39705      9.96556558e-10  -0.629263712   
6667.60716      8891.39705      1.77215601e-09  -0.558595206   
6667.60716      8891.39705      3.15138854e-09  -0.452874012   
6667.60716      8891.39705      5.60404936e-09  -0.310850322   
6667.60716      8891.39705      9.96556558e-09  -0.150366712   
6667.60716      8891.39705      1.77215601e-08  -0.0226880466  
6667.60716      8891.39705      3.15138854e-08  -0.0279689955  
6667.60716      8891.39705      5.60404936e-08  -0.339077269   
6667.60716      8891.39705      9.96556558e-08  -1.24985094    
6667.60716      8891.39705      1.77215601e-07  -3.27021033    
6667.60716      8891.39705      3.15138854e-07  -7.3026126     
6667.60716      8891.39705      5.60404936e-07  -14.9601767    
6667.60716      8891.39705      9.96556558e-07  -29.1329187    
6667.60716      8891.39705      1.77215601e-06  -54.9910538    
6667.60716      8891.39705      3.15138854e-06  -101.767152    
6667.60716      8891.39705      5.60404936e-06  -185.931863    
6667.60716      8891.39705      9.96556558e-06  -336.851485    
6667.60716      8891.39705      1.77215601e-05  -606.850485    
6667.60716      8891.39705      3.15138854e-05  -1089.09556    
6667.60716      8891.39705      5.60404936e-05  -1949.38659    
6667.60716      8891.39705      9.96556558e-05  -3482.68827    
8891.39705      11856.8685      0               5.77483661e-09 
8891.39705      11856.8685      1.77215601e-10  -0.00355615821 
8891.39705      11856.8685      3.15138854e-10  -0.00632433918 
8891.39705      11856.8685      5.60404936e-10  -0.0112479999  
8891.39705      11856.8685      9.96556558e-10  -0.020006993   
8891.39705      11856.8685      1.77215601e-09  -0.0355934724  
8891.39705      11856.8685      3.15138854e-09  -0.0633436659  
8891.39705      11856.8685      5.60404936e-09  -0.11279443    
8891.39705      11856.8685      9.96556558e-09  -0.201050123   
8891.39705      11856.8685      1.77215601e-08  -0.358958611   
8891.39705      11856.8685      3.15138854e-08  -0.642602424   
8891.39705      11856.8685      5.60404936e-08  -1.15494725    
8891.39705      11856.8685      9.96556558e-08  -2.08668449    
8891.39705      11856.8685      1.77215601e-07  -3.79189944    
8891.39705      11856.8685      3.15138854e-07  -6.92379099    
8891.39705      11856.8685      5.60404936e-07  -12.6727565    
8891.39705      11856.8685      9.96556558e-07  -23.186346     
8891.39705      11856.8685      1.77215601e-06  -42.3213092    
8891.39705      11856.8685      3.15138854e-06  -76.9925495    
8891.39705      11856.8685      5.60404936e-06  -139.575486    
8891.39705      11856.8685      9.96556558e-06  -252.16806     
8891.39705      11856.8685      1.77215601e-05  -454.15718     
8891.39705      11856.8685      3.15138854e-05  -815.671453    
8891.39705      11856.8685      5.60404936e-05  -1461.5163     
8891.39705      11856.8685      9.96556558e-05  -2613.76058    
11856.8685      15811.3883      0               -2.7839378     
11856.8685      15811.3883      1.77215601e-10  -2.72981203    
11856.8685      15811.3883      3.15138854e-10  -2.68957379    
11856.8685      15811.3883      5.60404936e-10  -2.62168956    
11856.8685      15811.3883      9.96556558e-10  -2.51103426    
11856.8685      15811.3883      1.77215601e-09  -2.3395718     
11856.8685      15811.3883      3.15138854e-09  -2.09128296    
11856.8685      15811.3883      5.60404936e-09  -1.75955339    
11856.8685      15811.3883      9.96556558e-09  -1.35301971    
11856.8685      15811.3883      1.77215601e-08  -0.898613549   
11856.8685      15811.3883      3.15138854e-08  -0.448206991   
11856.8685      15811.3883      5.60404936e-08  -0.0974167955  
11856.8685      15811.3883      9.96556558e-08  -0.0204569485  
11856.8685      15811.3883      1.77215601e-07  -0.525604931   
11856.8685      15811.3883      3.15138854e-07  -2.1494262     
11856.8685      15811.3883      5.60404936e-07  -5.82863049    
11856.8685      15811.3883      9.96556558e-07  -13.2144734    
11856.8685      15811.3883      1.77215601e-06  -27.2394882    
11856.8685      15811.3883      3.15138854e-06  -53.1298429    
11856.8685      15811.3883      5.60404936e-06  -100.205859    
11856.8685      15811.3883      9.96556558e-06  -185.080269    
11856.8685      15811.3883      1.77215601e-05  -337.342719    
11856.8685      15811.3883      3.15138854e-05  -609.667313    
11856.8685      15811.3883      5.60404936e-05  -1095.78302    
11856.8685      15811.3883      9.96556558e-05  -1962.42528    
15811.3883      21084.8252      0               0.00879133312  
15811.3883      21084.8252      1.77215601e-10  0.00617711618  
15811.3883      21084.8252      3.15138854e-10  0.00414252466  
15811.3883      21084.8252      5.60404936e-10  0.000524451792 
15811.3883      21084.8252      9.96556558e-10  -0.00590949481 
15811.3883      21084.8252      1.77215601e-09  -0.0173508562  
15811.3883      21084.8252      3.15138854e-09  -0.0376968147  
15811.3883      21084.8252      5.60404936e-09  -0.0738776803  
15811.3883      21084.8252      9.96556558e-09  -0.138217579   
15811.3883      21084.8252      1.77215601e-08  -0.25263256    
15811.3883      21084.8252      3.15138854e-08  -0.456096464   
15811.3883      21084.8252      5.60404936e-08  -0.817918752   
15811.3883      21084.8252      9.96556558e-08  -1.4613607     
15811.3883      21084.8252      1.77215601e-07  -2.60564553    
15811.3883      21084.8252      3.15138854e-07  -4.64070697    
15811.3883      21084.8252      5.60404936e-07  -8.26024062    
15811.3883      21084.8252      9.96556558e-07  -14.6986721    
15811.3883      21084.8252      1.77215601e-06  -26.1535238    
15811.3883      21084.8252      3.15138854e-06  -46.5387848    
15811.3883      21084.8252      5.60404936e-06  -82.8289866    
15811.3883      21084.8252      9.96556558e-06  -147.455307    
15811.3883      21084.8252      1.77215601e-05  -262.570531    
15811.3883      21084.8252      3.15138854e-05  -467.630653    
15811.3883      21084.8252      5.60404936e-05  -832.867553    
15811.3883      21084.8252      9.96556558e-05  -1483.2374     
21084.8252      28117.0663      0               1.08766741e-05 
21084.8252      28117.0663      1.77215601e-10  -0.00119550178 
21084.8252      28117.0663      3.15138854e-10  -0.00213467138 
21084.8252      28117.0663      5.60404936e-10  -0.00380536061 
21084.8252      28117.0663      9.96556558e-10  -0.00677815409 
21084.8252      28117.0663      1.77215601e-09  -0.0120704157  
21084.8252      28117.0663      3.15138854e-09  -0.021499788   
21084.8252      28117.0663      5.60404936e-09  -0.0383249984  
21084.8252      28117.0663      9.96556558e-09  -0.0684225363  
21084.8252      28117.0663      1.77215601e-08  -0.122489166   
21084.8252      28117.0663      3.15138854e-08  -0.220268939   
21084.8252      28117.0663      5.60404936e-08  -0.398872767   
21084.8252      28117.0663      9.96556558e-08  -0.729361521   
21084.8252      28117.0663      1.77215601e-07  -1.34929741    
21084.8252      28117.0663      3.15138854e-07  -2.52369989    
21084.8252      28117.0663      5.60404936e-07  -4.75289712    
21084.8252      28117.0663      9.96556558e-07  -8.95792828    
21084.8252      28117.0663      1.77215601e-06  -16.8019173    
21084.8252      28117.0663      3.15138854e-06  -31.2566732    
21084.8252      28117.0663      5.60404936e-06  -57.6104995    
21084.8252      28117.0663      9.96556558e-06  -105.265311    
21084.8252      28117.0663      1.77215601e-05  -190.937235    
21084.8252      28117.0663      3.15138854e-05  -344.348836    
21084.8252      28117.0663      5.60404936e-05  -618.354064    
21084.8252      28117.0663      9.96556558e-05  -1106.95365    
28117.0663      37494.7105      0               2.4370479e-09  
28117.0663      37494.7105      1.77215601e-10  -0.00150045353 
28117.0663      37494.7105      3.15138854e-10  -0.00266822767 
28117.0663      37494.7105      5.60404936e-10  -0.00474485673 
28117.0663      37494.7105      9.96556558e-10  -0.0084376845  
28117.0663      37494.7105      1.77215601e-09  -0.0150045675  
28117.0663      37494.7105      3.15138854e-09  -0.0266823311  
28117.0663      37494.7105      5.60404936e-09  -0.0474486919  
28117.0663      37494.7105      9.96556558e-09  -0.0843771916  
28117.0663      37494.7105      1.77215601e-08  -0.150046723   
28117.0663      37494.7105      3.15138854e-08  -0.266826576   
28117.0663      37494.7105      5.60404936e-08  -0.474497179   
28117.0663      37494.7105      9.96556558e-08  -0.843804226   
28117.0663      37494.7105      1.77215601e-07  -1.50056887    
28117.0663      37494.7105      3.15138854e-07  -2.66858443    
28117.0663      37494.7105      5.60404936e-07  -4.74596467    
28117.0663      37494.7105      9.96556558e-07  -8.4411022     
28117.0663      37494.7105      1.77215601e-06  -15.0149475    
28117.0663      37494.7105      3.15138854e-06  -26.713041     
28117.0663      37494.7105      5.60404936e-06  -47.5360119    
28117.0663      37494.7105      9.96556558e-06  -84.6123159    
28117.0663      37494.7105      1.77215601e-05  -150.639208    
28117.0663      37494.7105      3.15138854e-05  -268.217455    
28117.0663      37494.7105      5.60404936e-05  -477.551917    
28117.0663      37494.7105      9.96556558e-05  -850.146623    
37494.7105      50000           0               1.86224725e-09 
37494.7105      50000           1.77215601e-10  -0.00114659995 
37494.7105      50000           3.15138854e-10  -0.00203897653 
37494.7105      50000           5.60404936e-10  -0.00362587143 
37494.7105      50000           9.96556558e-10  -0.00644781396 
37494.7105      50000           1.77215601e-09  -0.0114660163  
37494.7105      50000           3.15138854e-09  -0.0203897821  
37494.7105      50000           5.60404936e-09  -0.0362587311  
37494.7105      50000           9.96556558e-09  -0.0644781566  
37494.7105      50000           1.77215601e-08  -0.11466018    
37494.7105      50000           3.15138854e-08  -0.20389784    
37494.7105      50000           5.60404936e-08  -0.362587335   
37494.7105      50000           9.96556558e-08  -0.644781606   
37494.7105      50000           1.77215601e-07  -1.14660189    
37494.7105      50000           3.15138854e-07  -2.03897865    
37494.7105      50000           5.60404936e-07  -3.6258741     
37494.7105      50000           9.96556558e-07  -6.44781839    
37494.7105      50000           1.77215601e-06  -11.4660262    
37494.7105      50000           3.15138854e-06  -20.3898096    
37494.7105      50000           5.60404936e-06  -36.2588138    
37494.7105      50000           9.96556558e-06  -64.4784125    
37494.7105      50000           1.77215601e-05  -114.660977    
37494.7105      50000           3.15138854e-05  -203.900308    
37494.7105      50000           5.60404936e-05  -362.594886    
37494.7105      50000           9.96556558e-05  -644.804207    
50000           66676.0716      0               1.3849899e-09  
50000           66676.0716      1.77215601e-10  -0.000852754832
50000           66676.0716      3.15138854e-10  -0.00151643747 
50000           66676.0716      5.60404936e-10  -0.00269665073 
50000           66676.0716      9.96556558e-10  -0.00479539989 
50000           66676.0716      1.77215601e-09  -0.00852756308 
50000           66676.0716      3.15138854e-09  -0.0151643945  
50000           66676.0716      5.60404936e-09  -0.0269665427  
50000           66676.0716      9.96556558e-09  -0.047954084   
50000           66676.0716      1.77215601e-08  -0.0852758727  
50000           66676.0716      3.15138854e-08  -0.151644682   
50000           66676.0716      5.60404936e-08  -0.269667731   
50000           66676.0716      9.96556558e-08  -0.47954809    
50000           66676.0716      1.77215601e-07  -0.852781576   
50000           66676.0716      3.15138854e-07  -1.51651876    
50000           66676.0716      5.60404936e-07  -2.69690315    
50000           66676.0716      9.96556558e-07  -4.79618614    
50000           66676.0716      1.77215601e-06  -8.52999765    
50000           66676.0716      3.15138854e-06  -15.171832     
50000           66676.0716      5.60404936e-06  -26.9887483    
50000           66676.0716      9.96556558e-06  -48.0180646    
50000           66676.0716      1.77215601e-05  -85.4511744    
50000           66676.0716      3.15138854e-05  -152.095373    
50000           66676.0716      5.60404936e-05  -270.747155    
50000           66676.0716      9.96556558e-05  -481.960107    
66676.0716      88913.9705      0               0.000596055379 
66676.0716      88913.9705      1.77215601e-10  -4.58110223e-05
66676.0716      88913.9705      3.15138854e-10  -0.000545362427
66676.0716      88913.9705      5.60404936e-10  -0.0014337044  
66676.0716      88913.9705      9.96556558e-10  -0.00301342465 
66676.0716      88913.9705      1.77215601e-09  -0.00582260864 
66676.0716      88913.9705      3.15138854e-09  -0.0108181227  
66676.0716      88913.9705      5.60404936e-09  -0.0197015425  
66676.0716      88913.9705      9.96556558e-09  -0.0354987451  
66676.0716      88913.9705      1.77215601e-08  -0.0635905852  
66676.0716      88913.9705      3.15138854e-08  -0.113545727   
66676.0716      88913.9705      5.60404936e-08  -0.202379927   
66676.0716      88913.9705      9.96556558e-08  -0.360351961   
66676.0716      88913.9705      1.77215601e-07  -0.641270389   
66676.0716      88913.9705      3.15138854e-07  -1.14082189    
66676.0716      88913.9705      5.60404936e-07  -2.02916415    
66676.0716      88913.9705      9.96556558e-07  -3.60888532    
66676.0716      88913.9705      1.77215601e-06  -6.4180722     
66676.0716      88913.9705      3.15138854e-06  -11.4135954    
66676.0716      88913.9705      5.60404936e-06  -20.297044     
66676.0716      88913.9705      9.96556558e-06  -36.0943371    
66676.0716      88913.9705      1.77215601e-05  -64.1864608    
66676.0716      88913.9705      3.15138854e-05  -114.142484    
66676.0716      88913.9705      5.60404936e-05  -202.97939     
66676.0716      88913.9705      9.96556558e-05  -360.959558    
88913.9705      118568.685      0               0.000513901716 
88913.9705      118568.685      1.77215601e-10  3.49094902e-05 
88913.9705      118568.685      3.15138854e-10  -0.000337880297
88913.9705      118568.685      5.60404936e-10  -0.0010008047  
88913.9705      118568.685      9.96556558e-10  -0.00217966952 
88913.9705      118568.685      1.77215601e-09  -0.00427602057 
88913.9705      118568.685      3.15138854e-09  -0.00800391852 
88913.9705      118568.685      5.60404936e-09  -0.0146331628  
88913.9705      118568.685      9.96556558e-09  -0.0264218118  
88913.9705      118568.685      1.77215601e-08  -0.0473853248  
88913.9705      118568.685      3.15138854e-08  -0.0846643121  
88913.9705      118568.685      5.60404936e-08  -0.15095678    
88913.9705      118568.685      9.96556558e-08  -0.268843347   
88913.9705      118568.685      1.77215601e-07  -0.478478723   
88913.9705      118568.685      3.15138854e-07  -0.851269373   
88913.9705      118568.685      5.60404936e-07  -1.5141965     
88913.9705      118568.685      9.96556558e-07  -2.69306993    
88913.9705      118568.685      1.77215601e-06  -4.78944813    
88913.9705      118568.685      3.15138854e-06  -8.51743146    
88913.9705      118568.685      5.60404936e-06  -15.1469432    
88913.9705      118568.685      9.96556558e-06  -26.9364245    
88913.9705      118568.685      1.77215601e-05  -47.9024958    
88913.9705      118568.685      3.15138854e-05  -85.1891922    
88913.9705      118568.685      5.60404936e-05  -151.504164    
88913.9705      118568.685      9.96556558e-05  -269.453401    
118568.685      158113.883      0               0.000296649169 
118568.685      158113.883      1.77215601e-10  -6.09944443e-05
118568.685      158113.883      3.15138854e-10  -0.000339341105
118568.685      158113.883      5.60404936e-10  -0.000834319239
118568.685      158113.883      9.96556558e-10  -0.00171452866 
118568.685      158113.883      1.77215601e-09  -0.00327978696 
118568.685      158113.883      3.15138854e-09  -0.00606325356 
118568.685      158113.883      5.60404936e-09  -0.0110130349  
118568.685      158113.883      9.96556558e-09  -0.0198151292  
118568.685      158113.883      1.77215601e-08  -0.0354677121  
118568.685      158113.883      3.15138854e-08  -0.0633023782  
118568.685      158113.883      5.60404936e-08  -0.112800192   
118568.685      158113.883      9.96556558e-08  -0.200821134   
118568.685      158113.883      1.77215601e-07  -0.357346965   
118568.685      158113.883      3.15138854e-07  -0.635693627   
118568.685      158113.883      5.60404936e-07  -1.13067177    
118568.685      158113.883      9.96556558e-07  -2.01088121    
118568.685      158113.883      1.77215601e-06  -3.57613957    
118568.685      158113.883      3.15138854e-06  -6.35960635    
118568.685      158113.883      5.60404936e-06  -11.3093883    
118568.685      158113.883      9.96556558e-06  -20.1114844    
118568.685      158113.883      1.77215601e-05  -35.7640732    
118568.685      158113.883      3.15138854e-05  -63.5987575    
118568.685      158113.883      5.60404936e-05  -113.096629    
118568.685      158113.883      9.96556558e-05  -201.117753    
158113.883      210848.252      0               4.32841318e-10 
158113.883      210848.252      1.77215601e-10  -0.0002665058  
158113.883      210848.252      3.15138854e-10  -0.000473922114
158113.883      210848.252      5.60404936e-10  -0.000842766277
158113.883      210848.252      9.96556558e-10  -0.00149867426 
158113.883      210848.252      1.77215601e-09  -0.00266506194 
158113.883      210848.252      3.15138854e-09  -0.0047392252  
158113.883      210848.252      5.60404936e-09  -0.00842766717 
158113.883      210848.252      9.96556558e-09  -0.0149867481  
158113.883      210848.252      1.77215601e-08  -0.0266506283  
158113.883      210848.252      3.15138854e-08  -0.0473922716  
158113.883      210848.252      5.60404936e-08  -0.0842767255  
158113.883      210848.252      9.96556558e-08  -0.149867643   
158113.883      210848.252      1.77215601e-07  -0.266506786   
158113.883      210848.252      3.15138854e-07  -0.473924298   
158113.883      210848.252      5.60404936e-07  -0.842772241   
158113.883      210848.252      9.96556558e-07  -1.49869216    
158113.883      210848.252      1.77215601e-06  -2.66511743    
158113.883      210848.252      3.15138854e-06  -4.7393988     
158113.883      210848.252      5.60404936e-06  -8.42821006    
158113.883      210848.252      9.96556558e-06  -14.9884358    
158113.883      210848.252      1.77215601e-05  -26.6558142    
158113.883      210848.252      3.15138854e-05  -47.4078946    
158113.883      210848.252      5.60404936e-05  -84.3223507    
158113.883      210848.252      9.96556558e-05  -149.994987    
210848.252      281170.663      0               3.2462566e-10  
210848.252      281170.663      1.77215601e-10  -0.000199876909
210848.252      281170.663      3.15138854e-10  -0.000355437245
210848.252      281170.663      5.60404936e-10  -0.000632066987
210848.252      281170.663      9.96556558e-10  -0.00112399196 
210848.252      281170.663      1.77215601e-09  -0.00199877202 
210848.252      281170.663      3.15138854e-09  -0.00355437537 
210848.252      281170.663      5.60404936e-09  -0.0063206728  
210848.252      281170.663      9.96556558e-09  -0.0112399226  
210848.252      281170.663      1.77215601e-08  -0.0199877231  
210848.252      281170.663      3.15138854e-08  -0.0355437568  
210848.252      281170.663      5.60404936e-08  -0.0632067315  
210848.252      281170.663      9.96556558e-08  -0.11239923    
210848.252      281170.663      1.77215601e-07  -0.19987724    
210848.252      281170.663      3.15138854e-07  -0.355437589   
210848.252      281170.663      5.60404936e-07  -0.632067373   
210848.252      281170.663      9.96556558e-07  -1.12399248    
210848.252      281170.663      1.77215601e-06  -1.99877295    
210848.252      281170.663      3.15138854e-06  -3.55437763    
210848.252      281170.663      5.60404936e-06  -6.32067922    
210848.252      281170.663      9.96556558e-06  -11.2399421    
210848.252      281170.663      1.77215601e-05  -19.9877842    
210848.252      281170.663      3.15138854e-05  -35.5439484    
210848.252      281170.663      5.60404936e-05  -63.2073319    
210848.252      281170.663      9.96556558e-05  -112.401103    
281170.663      374947.105      0               2.41502152e-10 
281170.663      374947.105      1.77215601e-10  -0.000148695054
281170.663      374947.105      3.15138854e-10  -0.000264421542
281170.663      374947.105      5.60404936e-10  -0.000470215571
281170.663      374947.105      9.96556558e-10  -0.000836174856
281170.663      374947.105      1.77215601e-09  -0.00148695272 
281170.663      374947.105      3.15138854e-09  -0.00264421759 
281170.663      374947.105      5.60404936e-09  -0.00470215788 
281170.663      374947.105      9.96556558e-09  -0.00836175074 
281170.663      374947.105      1.77215601e-08  -0.0148695294  
281170.663      374947.105      3.15138854e-08  -0.0264421781  
281170.663      374947.105      5.60404936e-08  -0.047021581   
281170.663      374947.105      9.96556558e-08  -0.0836175095  
281170.663      374947.105      1.77215601e-07  -0.148695296   
281170.663      374947.105      3.15138854e-07  -0.264421783   
281170.663      374947.105      5.60404936e-07  -0.470215812   
281170.663      374947.105      9.96556558e-07  -0.836175098   
281170.663      374947.105      1.77215601e-06  -1.48695296    
281170.663      374947.105      3.15138854e-06  -2.64421783    
281170.663      374947.105      5.60404936e-06  -4.70215813    
281170.663      374947.105      9.96556558e-06  -8.36175098    
281170.663      374947.105      1.77215601e-05  -14.8695296    
281170.663      374947.105      3.15138854e-05  -26.4421783    
281170.663      374947.105      5.60404936e-05  -47.0215813    
281170.663      374947.105      9.96556558e-05  -83.6175098    
374947.105      500000          0               1.75565784e-10 
374947.105      500000          1.77215601e-10  -0.000108097481
374947.105      500000          3.15138854e-10  -0.000192227661
374947.105      500000          5.60404936e-10  -0.000341834629
374947.105      500000          9.96556558e-10  -0.000607877619
374947.105      500000          1.77215601e-09  -0.00108097639 
374947.105      500000          3.15138854e-09  -0.00192227819 
374947.105      500000          5.60404936e-09  -0.00341834787 
374947.105      500000          9.96556558e-09  -0.00607877777 
374947.105      500000          1.77215601e-08  -0.0108097655  
374947.105      500000          3.15138854e-08  -0.0192227835  
374947.105      500000          5.60404936e-08  -0.0341834803  
374947.105      500000          9.96556558e-08  -0.0607877793  
374947.105      500000          1.77215601e-07  -0.108097656   
374947.105      500000          3.15138854e-07  -0.192227837   
374947.105      500000          5.60404936e-07  -0.341834804   
374947.105      500000          9.96556558e-07  -0.607877794   
374947.105      500000          1.77215601e-06  -1.08097657    
374947.105      500000          3.15138854e-06  -1.92227837    
374947.105      500000          5.60404936e-06  -3.41834805    
374947.105      500000          9.96556558e-06  -6.07877795    
374947.105      500000          1.77215601e-05  -10.8097657    
374947.105      500000          3.15138854e-05  -19.2227837    
374947.105      500000          5.60404936e-05  -34.1834805    
374947.105      500000          9.96556558e-05  -60.7877795    
