### /nfs/slac/g/ki/ki20/cta/mdwood/fermi/dsph_pipeline/des_dwarfs/v6/p302_6yr_source_psf0123_point_gs_jsigma0.6/results/like_leo_I.txt
#[0]emin(MeV) [1]emax(MeV) [2]eflux(MeV/cm^2/s) [3]deltaLogLike
500             666.760716      0               -1.81040542    
500             666.760716      1.77215601e-10  -1.8046295     
500             666.760716      3.15138854e-10  -1.80014183    
500             666.760716      5.60404936e-10  -1.79217795    
500             666.760716      9.96556558e-10  -1.77806789    
500             666.760716      1.77215601e-09  -1.75314002    
500             666.760716      3.15138854e-09  -1.70932678    
500             666.760716      5.60404936e-09  -1.63303115    
500             666.760716      9.96556558e-09  -1.50239395    
500             666.760716      1.77215601e-08  -1.28561602    
500             666.760716      3.15138854e-08  -0.947157195   
500             666.760716      5.60404936e-08  -0.483688404   
500             666.760716      9.96556558e-08  -0.049725812   
500             666.760716      1.77215601e-07  -0.315536648   
500             666.760716      3.15138854e-07  -3.35496179    
500             666.760716      5.60404936e-07  -14.625147     
500             666.760716      9.96556558e-07  -47.0463834    
500             666.760716      1.77215601e-06  -128.970541    
500             666.760716      3.15138854e-06  -319.209937    
500             666.760716      5.60404936e-06  -734.737118    
500             666.760716      9.96556558e-06  -1600.96015    
500             666.760716      1.77215601e-05  -3341.9928     
500             666.760716      3.15138854e-05  -6741.48736    
500             666.760716      5.60404936e-05  -13227.8906    
500             666.760716      9.96556558e-05  -25379.4251    
666.760716      889.139705      0               -0.457771087   
666.760716      889.139705      1.77215601e-10  -0.454449096   
666.760716      889.139705      3.15138854e-10  -0.451873043   
666.760716      889.139705      5.60404936e-10  -0.447312361   
666.760716      889.139705      9.96556558e-10  -0.439266127   
666.760716      889.139705      1.77215601e-09  -0.425159087   
666.760716      889.139705      3.15138854e-09  -0.400705494   
666.760716      889.139705      5.60404936e-09  -0.359197394   
666.760716      889.139705      9.96556558e-09  -0.291509368   
666.760716      889.139705      1.77215601e-08  -0.189832903   
666.760716      889.139705      3.15138854e-08  -0.0646784252  
666.760716      889.139705      5.60404936e-08  -0.00156844821 
666.760716      889.139705      9.96556558e-08  -0.321273684   
666.760716      889.139705      1.77215601e-07  -1.97657131    
666.760716      889.139705      3.15138854e-07  -7.42885377    
666.760716      889.139705      5.60404936e-07  -22.4317473    
666.760716      889.139705      9.96556558e-07  -59.5161507    
666.760716      889.139705      1.77215601e-06  -144.69648     
666.760716      889.139705      3.15138854e-06  -330.132664    
666.760716      889.139705      5.60404936e-06  -717.364921    
666.760716      889.139705      9.96556558e-06  -1498.95118    
666.760716      889.139705      1.77215601e-05  -3032.33521    
666.760716      889.139705      3.15138854e-05  -5970.81781    
666.760716      889.139705      5.60404936e-05  -11496.1103    
666.760716      889.139705      9.96556558e-05  -21731.3992    
889.139705      1185.68685      0               0.00195698184  
889.139705      1185.68685      1.77215601e-10  0.00102859291  
889.139705      1185.68685      3.15138854e-10  0.000296891001 
889.139705      1185.68685      5.60404936e-10  -0.00102403024 
889.139705      1185.68685      9.96556558e-10  -0.00343523981 
889.139705      1185.68685      1.77215601e-09  -0.00791867595 
889.139705      1185.68685      3.15138854e-09  -0.0165035177  
889.139705      1185.68685      5.60404936e-09  -0.0336692731  
889.139705      1185.68685      9.96556558e-09  -0.0700106373  
889.139705      1185.68685      1.77215601e-08  -0.152051843   
889.139705      1185.68685      3.15138854e-08  -0.348335383   
889.139705      1185.68685      5.60404936e-08  -0.836179922   
889.139705      1185.68685      9.96556558e-08  -2.06249232    
889.139705      1185.68685      1.77215601e-07  -5.10573749    
889.139705      1185.68685      3.15138854e-07  -12.443168     
889.139705      1185.68685      5.60404936e-07  -29.503366     
889.139705      1185.68685      9.96556558e-07  -67.6928934    
889.139705      1185.68685      1.77215601e-06  -150.099744    
889.139705      1185.68685      3.15138854e-06  -321.936569    
889.139705      1185.68685      5.60404936e-06  -669.312123    
889.139705      1185.68685      9.96556558e-06  -1352.68589    
889.139705      1185.68685      1.77215601e-05  -2666.33087    
889.139705      1185.68685      3.15138854e-05  -5144.00163    
889.139705      1185.68685      5.60404936e-05  -9746.72372    
889.139705      1185.68685      9.96556558e-05  -18196.3971    
1185.68685      1581.13883      0               -0.265733356   
1185.68685      1581.13883      1.77215601e-10  -0.262103411   
1185.68685      1581.13883      3.15138854e-10  -0.259299035   
1185.68685      1581.13883      5.60404936e-10  -0.254356705   
1185.68685      1581.13883      9.96556558e-10  -0.245708092   
1185.68685      1581.13883      1.77215601e-09  -0.230766822   
1185.68685      1581.13883      3.15138854e-09  -0.205555699   
1185.68685      1581.13883      5.60404936e-09  -0.164871988   
1185.68685      1581.13883      9.96556558e-09  -0.104884622   
1185.68685      1581.13883      1.77215601e-08  -0.0336126428  
1185.68685      1581.13883      3.15138854e-08  -0.00252697422 
1185.68685      1581.13883      5.60404936e-08  -0.18620826    
1185.68685      1581.13883      9.96556558e-08  -1.05702138    
1185.68685      1581.13883      1.77215601e-07  -3.73373664    
1185.68685      1581.13883      3.15138854e-07  -10.649703     
1185.68685      1581.13883      5.60404936e-07  -26.8254329    
1185.68685      1581.13883      9.96556558e-07  -62.286678     
1185.68685      1581.13883      1.77215601e-06  -136.601454    
1185.68685      1581.13883      3.15138854e-06  -287.21512     
1185.68685      1581.13883      5.60404936e-06  -584.450725    
1185.68685      1581.13883      9.96556558e-06  -1158.17601    
1185.68685      1581.13883      1.77215601e-05  -2245.06138    
1185.68685      1581.13883      3.15138854e-05  -4272.42933    
1185.68685      1581.13883      5.60404936e-05  -8007.20475    
1185.68685      1581.13883      9.96556558e-05  -14820.5855    
1581.13883      2108.48252      0               0.000746500105 
1581.13883      2108.48252      1.77215601e-10  -0.00320076453 
1581.13883      2108.48252      3.15138854e-10  -0.00628048069 
1581.13883      2108.48252      5.60404936e-10  -0.0117735566  
1581.13883      2108.48252      9.96556558e-10  -0.0215936992  
1581.13883      2108.48252      1.77215601e-09  -0.0392197467  
1581.13883      2108.48252      3.15138854e-09  -0.071073491   
1581.13883      2108.48252      5.60404936e-09  -0.129297303   
1581.13883      2108.48252      9.96556558e-09  -0.237653309   
1581.13883      2108.48252      1.77215601e-08  -0.444676039   
1581.13883      2108.48252      3.15138854e-08  -0.853807131   
1581.13883      2108.48252      5.60404936e-08  -1.69181551    
1581.13883      2108.48252      9.96556558e-08  -3.45697125    
1581.13883      2108.48252      1.77215601e-07  -7.21861977    
1581.13883      2108.48252      3.15138854e-07  -15.1874108    
1581.13883      2108.48252      5.60404936e-07  -31.7687021    
1581.13883      2108.48252      9.96556558e-07  -65.4994089    
1581.13883      2108.48252      1.77215601e-06  -132.607913    
1581.13883      2108.48252      3.15138854e-06  -263.49609     
1581.13883      2108.48252      5.60404936e-06  -514.34944     
1581.13883      2108.48252      9.96556558e-06  -987.689142    
1581.13883      2108.48252      1.77215601e-05  -1868.72357    
1581.13883      2108.48252      3.15138854e-05  -3489.91247    
1581.13883      2108.48252      5.60404936e-05  -6445.91147    
1581.13883      2108.48252      9.96556558e-05  -11798.2123    
2108.48252      2811.70663      0               -0.137691066   
2108.48252      2811.70663      1.77215601e-10  -0.132737577   
2108.48252      2811.70663      3.15138854e-10  -0.128966941   
2108.48252      2811.70663      5.60404936e-10  -0.122440594   
2108.48252      2811.70663      9.96556558e-10  -0.111383163   
2108.48252      2811.70663      1.77215601e-09  -0.0933619784  
2108.48252      2811.70663      3.15138854e-09  -0.0660502039  
2108.48252      2811.70663      5.60404936e-09  -0.0303448297  
2108.48252      2811.70663      9.96556558e-09  0.00111775801  
2108.48252      2811.70663      1.77215601e-08  -0.0141731604  
2108.48252      2811.70663      3.15138854e-08  -0.181228317   
2108.48252      2811.70663      5.60404936e-08  -0.724973867   
2108.48252      2811.70663      9.96556558e-08  -2.10258294    
2108.48252      2811.70663      1.77215601e-07  -5.23572655    
2108.48252      2811.70663      3.15138854e-07  -11.9714902    
2108.48252      2811.70663      5.60404936e-07  -25.9434268    
2108.48252      2811.70663      9.96556558e-07  -54.1217297    
2108.48252      2811.70663      1.77215601e-06  -109.568328    
2108.48252      2811.70663      3.15138854e-06  -216.326849    
2108.48252      2811.70663      5.60404936e-06  -418.120331    
2108.48252      2811.70663      9.96556558e-06  -793.850763    
2108.48252      2811.70663      1.77215601e-05  -1485.21016    
2108.48252      2811.70663      3.15138854e-05  -2745.81762    
2108.48252      2811.70663      5.60404936e-05  -5028.64342    
2108.48252      2811.70663      9.96556558e-05  -9141.5237     
2811.70663      3749.47105      0               -0.204150411   
2811.70663      3749.47105      1.77215601e-10  -0.200119358   
2811.70663      3749.47105      3.15138854e-10  -0.197020472   
2811.70663      3749.47105      5.60404936e-10  -0.19159181    
2811.70663      3749.47105      9.96556558e-10  -0.182193003   
2811.70663      3749.47105      1.77215601e-09  -0.166260923   
2811.70663      3749.47105      3.15138854e-09  -0.140273662   
2811.70663      3749.47105      5.60404936e-09  -0.100842276   
2811.70663      3749.47105      9.96556558e-09  -0.0492659509  
2811.70663      3749.47105      1.77215601e-08  -0.00436962857 
2811.70663      3749.47105      3.15138854e-08  -0.0314280071  
2811.70663      3749.47105      5.60404936e-08  -0.298352482   
2811.70663      3749.47105      9.96556558e-08  -1.17837679    
2811.70663      3749.47105      1.77215601e-07  -3.43883654    
2811.70663      3749.47105      3.15138854e-07  -8.59213105    
2811.70663      3749.47105      5.60404936e-07  -19.5398261    
2811.70663      3749.47105      9.96556558e-07  -41.7276777    
2811.70663      3749.47105      1.77215601e-06  -85.1954283    
2811.70663      3749.47105      3.15138854e-06  -168.231737    
2811.70663      3749.47105      5.60404936e-06  -323.923172    
2811.70663      3749.47105      9.96556558e-06  -611.864624    
2811.70663      3749.47105      1.77215601e-05  -1138.99364    
2811.70663      3749.47105      3.15138854e-05  -2096.5448     
2811.70663      3749.47105      5.60404936e-05  -3825.61615    
2811.70663      3749.47105      9.96556558e-05  -6933.70327    
3749.47105      5000            0               6.46558956e-05 
3749.47105      5000            1.77215601e-10  -0.00352362785 
3749.47105      5000            3.15138854e-10  -0.00632040204 
3749.47105      5000            5.60404936e-10  -0.0113026554  
3749.47105      5000            9.96556558e-10  -0.0201902101  
3749.47105      5000            1.77215601e-09  -0.0360816611  
3749.47105      5000            3.15138854e-09  -0.064611755   
3749.47105      5000            5.60404936e-09  -0.116179738   
3749.47105      5000            9.96556558e-09  -0.21039994    
3749.47105      5000            1.77215601e-08  -0.38531937    
3749.47105      5000            3.15138854e-08  -0.716907012   
3749.47105      5000            5.60404936e-08  -1.35983775    
3749.47105      5000            9.96556558e-08  -2.62917018    
3749.47105      5000            1.77215601e-07  -5.15436475    
3749.47105      5000            3.15138854e-07  -10.1557961    
3749.47105      5000            5.60404936e-07  -19.9308131    
3749.47105      5000            9.96556558e-07  -38.7110519    
3749.47105      5000            1.77215601e-06  -74.1896464    
3749.47105      5000            3.15138854e-06  -140.250213    
3749.47105      5000            5.60404936e-06  -261.834877    
3749.47105      5000            9.96556558e-06  -483.61549     
3749.47105      5000            1.77215601e-05  -885.430094    
3749.47105      5000            3.15138854e-05  -1609.73692    
3749.47105      5000            5.60404936e-05  -2910.39932    
3749.47105      5000            9.96556558e-05  -5239.39661    
5000            6667.60716      0               9.28503141e-09 
5000            6667.60716      1.77215601e-10  -0.00571704741 
5000            6667.60716      3.15138854e-10  -0.0101666796  
5000            6667.60716      5.60404936e-10  -0.018079725   
5000            6667.60716      9.96556558e-10  -0.0321524551  
5000            6667.60716      1.77215601e-09  -0.0571812521  
5000            6667.60716      3.15138854e-09  -0.101700643   
5000            6667.60716      5.60404936e-09  -0.180903792   
5000            6667.60716      9.96556558e-09  -0.321859557   
5000            6667.60716      1.77215601e-08  -0.572862168   
5000            6667.60716      3.15138854e-08  -1.02027345    
5000            6667.60716      5.60404936e-08  -1.81909135    
5000            6667.60716      9.96556558e-08  -3.24896107    
5000            6667.60716      1.77215601e-07  -5.81772568    
5000            6667.60716      3.15138854e-07  -10.4535627    
5000            6667.60716      5.60404936e-07  -18.8595916    
5000            6667.60716      9.96556558e-07  -34.1602501    
5000            6667.60716      1.77215601e-06  -62.063329     
5000            6667.60716      3.15138854e-06  -112.926354    
5000            6667.60716      5.60404936e-06  -205.413001    
5000            6667.60716      9.96556558e-06  -372.970307    
5000            6667.60716      1.77215601e-05  -675.33299     
5000            6667.60716      3.15138854e-05  -1218.97668    
5000            6667.60716      5.60404936e-05  -2193.48224    
5000            6667.60716      9.96556558e-05  -3936.20734    
6667.60716      8891.39705      0               -0.125266815   
6667.60716      8891.39705      1.77215601e-10  -0.122240549   
6667.60716      8891.39705      3.15138854e-10  -0.119921074   
6667.60716      8891.39705      5.60404936e-10  -0.115872667   
6667.60716      8891.39705      9.96556558e-10  -0.10890949    
6667.60716      8891.39705      1.77215601e-09  -0.0972456767  
6667.60716      8891.39705      3.15138854e-09  -0.0786331412  
6667.60716      8891.39705      5.60404936e-09  -0.051563781   
6667.60716      8891.39705      9.96556558e-09  -0.0193412554  
6667.60716      8891.39705      1.77215601e-08  -5.00726856e-08
6667.60716      8891.39705      3.15138854e-08  -0.0450008535  
6667.60716      8891.39705      5.60404936e-08  -0.26815758    
6667.60716      8891.39705      9.96556558e-08  -0.888892829   
6667.60716      8891.39705      1.77215601e-07  -2.30716331    
6667.60716      8891.39705      3.15138854e-07  -5.24774838    
6667.60716      8891.39705      5.60404936e-07  -11.0344519    
6667.60716      8891.39705      9.96556558e-07  -22.0885676    
6667.60716      8891.39705      1.77215601e-06  -42.8114308    
6667.60716      8891.39705      3.15138854e-06  -81.1416201    
6667.60716      8891.39705      5.60404936e-06  -151.319489    
6667.60716      8891.39705      9.96556558e-06  -278.808833    
6667.60716      8891.39705      1.77215601e-05  -509.043975    
6667.60716      8891.39705      3.15138854e-05  -922.956534    
6667.60716      8891.39705      5.60404936e-05  -1664.55965    
6667.60716      8891.39705      9.96556558e-05  -2990.00987    
8891.39705      11856.8685      0               -0.00258695101 
8891.39705      11856.8685      1.77215601e-10  -0.00226438536 
8891.39705      11856.8685      3.15138854e-10  -0.00202258068 
8891.39705      11856.8685      5.60404936e-10  -0.00161241742 
8891.39705      11856.8685      9.96556558e-10  -0.000945068362
8891.39705      11856.8685      1.77215601e-09  4.92326521e-05 
8891.39705      11856.8685      3.15138854e-09  0.00122902958  
8891.39705      11856.8685      5.60404936e-09  0.00157196414  
8891.39705      11856.8685      9.96556558e-09  -0.00284486272 
8891.39705      11856.8685      1.77215601e-08  -0.0242025154  
8891.39705      11856.8685      3.15138854e-08  -0.0952140478  
8891.39705      11856.8685      5.60404936e-08  -0.292922377   
8891.39705      11856.8685      9.96556558e-08  -0.778603905   
8891.39705      11856.8685      1.77215601e-07  -1.86198741    
8891.39705      11856.8685      3.15138854e-07  -4.11258915    
8891.39705      11856.8685      5.60404936e-07  -8.56426056    
8891.39705      11856.8685      9.96556558e-07  -17.0865891    
8891.39705      11856.8685      1.77215601e-06  -33.0442526    
8891.39705      11856.8685      3.15138854e-06  -62.4645923    
8891.39705      11856.8685      5.60404936e-06  -116.114661    
8891.39705      11856.8685      9.96556558e-06  -213.198065    
8891.39705      11856.8685      1.77215601e-05  -387.93101     
8891.39705      11856.8685      3.15138854e-05  -701.245818    
8891.39705      11856.8685      5.60404936e-05  -1261.61988    
8891.39705      11856.8685      9.96556558e-05  -2262.12248    
11856.8685      15811.3883      0               4.70197392e-09 
11856.8685      15811.3883      1.77215601e-10  -0.00289513553 
11856.8685      15811.3883      3.15138854e-10  -0.00514837479 
11856.8685      15811.3883      5.60404936e-10  -0.00915528805 
11856.8685      15811.3883      9.96556558e-10  -0.0162807761  
11856.8685      15811.3883      1.77215601e-09  -0.0289521274  
11856.8685      15811.3883      3.15138854e-09  -0.0514860963  
11856.8685      15811.3883      5.60404936e-09  -0.0915602062  
11856.8685      15811.3883      9.96556558e-09  -0.162830785   
11856.8685      15811.3883      1.77215601e-08  -0.289593702   
11856.8685      15811.3883      3.15138854e-08  -0.515088319   
11856.8685      15811.3883      5.60404936e-08  -0.916312166   
11856.8685      15811.3883      9.96556558e-08  -1.63050571    
11856.8685      15811.3883      1.77215601e-07  -2.90263535    
11856.8685      15811.3883      3.15138854e-07  -5.17078724    
11856.8685      15811.3883      5.60404936e-07  -9.21999104    
11856.8685      15811.3883      9.96556558e-07  -16.4586445    
11856.8685      15811.3883      1.77215601e-06  -29.4118354    
11856.8685      15811.3883      3.15138854e-06  -52.5960794    
11856.8685      15811.3883      5.60404936e-06  -94.0704715    
11856.8685      15811.3883      9.96556558e-06  -168.199995    
11856.8685      15811.3883      1.77215601e-05  -300.589072    
11856.8685      15811.3883      3.15138854e-05  -536.873433    
11856.8685      15811.3883      5.60404936e-05  -958.347681    
11856.8685      15811.3883      9.96556558e-05  -1709.72601    
15811.3883      21084.8252      0               5.86107943e-05 
15811.3883      21084.8252      1.77215601e-10  -0.00156662798 
15811.3883      21084.8252      3.15138854e-10  -0.00283164195 
15811.3883      21084.8252      5.60404936e-10  -0.00508145839 
15811.3883      21084.8252      9.96556558e-10  -0.00908310785 
15811.3883      21084.8252      1.77215601e-09  -0.0162018335  
15811.3883      21084.8252      3.15138854e-09  -0.028869351   
15811.3883      21084.8252      5.60404936e-09  -0.051422273   
15811.3883      21084.8252      9.96556558e-09  -0.0916108352  
15811.3883      21084.8252      1.77215601e-08  -0.163336181   
15811.3883      21084.8252      3.15138854e-08  -0.291679976   
15811.3883      21084.8252      5.60404936e-08  -0.522309571   
15811.3883      21084.8252      9.96556558e-08  -0.93941495    
15811.3883      21084.8252      1.77215601e-07  -1.70037306    
15811.3883      21084.8252      3.15138854e-07  -3.10228931    
15811.3883      21084.8252      5.60404936e-07  -5.70535358    
15811.3883      21084.8252      9.96556558e-07  -10.5505277    
15811.3883      21084.8252      1.77215601e-06  -19.5331331    
15811.3883      21084.8252      3.15138854e-06  -36.0515835    
15811.3883      21084.8252      5.60404936e-06  -66.1596935    
15811.3883      21084.8252      9.96556558e-06  -120.627763    
15811.3883      21084.8252      1.77215601e-05  -218.621376    
15811.3883      21084.8252      3.15138854e-05  -394.254054    
15811.3883      21084.8252      5.60404936e-05  -708.242925    
15811.3883      21084.8252      9.96556558e-05  -1268.62839    
21084.8252      28117.0663      0               2.81528401e-09 
21084.8252      28117.0663      1.77215601e-10  -0.00173337205 
21084.8252      28117.0663      3.15138854e-10  -0.00308242202 
21084.8252      28117.0663      5.60404936e-10  -0.00548140981 
21084.8252      28117.0663      9.96556558e-10  -0.00974748041 
21084.8252      28117.0663      1.77215601e-09  -0.017333746   
21084.8252      28117.0663      3.15138854e-09  -0.0308242459  
21084.8252      28117.0663      5.60404936e-09  -0.0548141246  
21084.8252      28117.0663      9.96556558e-09  -0.0974748332  
21084.8252      28117.0663      1.77215601e-08  -0.173337497   
21084.8252      28117.0663      3.15138854e-08  -0.308242522   
21084.8252      28117.0663      5.60404936e-08  -0.548141391   
21084.8252      28117.0663      9.96556558e-08  -0.974748736   
21084.8252      28117.0663      1.77215601e-07  -1.73337619    
21084.8252      28117.0663      3.15138854e-07  -3.08242903    
21084.8252      28117.0663      5.60404936e-07  -5.48142588    
21084.8252      28117.0663      9.96556558e-07  -9.74752506    
21084.8252      28117.0663      1.77215601e-06  -17.3338807    
21084.8252      28117.0663      3.15138854e-06  -30.8246635    
21084.8252      28117.0663      5.60404936e-06  -54.8154262    
21084.8252      28117.0663      9.96556558e-06  -97.4788735    
21084.8252      28117.0663      1.77215601e-05  -173.349897    
21084.8252      28117.0663      3.15138854e-05  -308.279838    
21084.8252      28117.0663      5.60404936e-05  -548.250279    
21084.8252      28117.0663      9.96556558e-05  -975.052863    
28117.0663      37494.7105      0               1.96462224e-09 
28117.0663      37494.7105      1.77215601e-10  -0.00120965526 
28117.0663      37494.7105      3.15138854e-10  -0.00215111755 
28117.0663      37494.7105      5.60404936e-10  -0.00382532427 
28117.0663      37494.7105      9.96556558e-10  -0.0068026066  
28117.0663      37494.7105      1.77215601e-09  -0.0120972834  
28117.0663      37494.7105      3.15138854e-09  -0.0215134466  
28117.0663      37494.7105      5.60404936e-09  -0.0382603771  
28117.0663      37494.7105      9.96556558e-09  -0.0680485377  
28117.0663      37494.7105      1.77215601e-08  -0.121043574   
28117.0663      37494.7105      3.15138854e-08  -0.215356545   
28117.0663      37494.7105      5.60404936e-08  -0.383297302   
28117.0663      37494.7105      9.96556558e-08  -0.682631206   
28117.0663      37494.7105      1.77215601e-07  -1.21697125    
28117.0663      37494.7105      3.15138854e-07  -2.17296315    
28117.0663      37494.7105      5.60404936e-07  -3.8882814     
28117.0663      37494.7105      9.96556558e-07  -6.97513962    
28117.0663      37494.7105      1.77215601e-06  -12.540862     
28117.0663      37494.7105      3.15138854e-06  -22.5753317    
28117.0663      37494.7105      5.60404936e-06  -40.6300317    
28117.0663      37494.7105      9.96556558e-06  -73.0192228    
28117.0663      37494.7105      1.77215601e-05  -130.959575    
28117.0663      37494.7105      3.15138854e-05  -234.384488    
28117.0663      37494.7105      5.60404936e-05  -418.736247    
28117.0663      37494.7105      9.96556558e-05  -747.052281    
37494.7105      50000           0               1.57609747e-09 
37494.7105      50000           1.77215601e-10  -0.000970403762
37494.7105      50000           3.15138854e-10  -0.00172565179 
37494.7105      50000           5.60404936e-10  -0.00306869713 
37494.7105      50000           9.96556558e-10  -0.00545701751 
37494.7105      50000           1.77215601e-09  -0.00970415165 
37494.7105      50000           3.15138854e-09  -0.0172568477  
37494.7105      50000           5.60404936e-09  -0.0306879832  
37494.7105      50000           9.96556558e-09  -0.0545733415  
37494.7105      50000           1.77215601e-08  -0.0970514838  
37494.7105      50000           3.15138854e-08  -0.172599882   
37494.7105      50000           5.60404936e-08  -0.306978642   
37494.7105      50000           9.96556558e-08  -0.546043246   
37494.7105      50000           1.77215601e-07  -0.971480284   
37494.7105      50000           3.15138854e-07  -1.72897466    
37494.7105      50000           5.60404936e-07  -3.07879278    
37494.7105      50000           9.96556558e-07  -5.48689614    
37494.7105      50000           1.77215601e-06  -9.78913536    
37494.7105      50000           3.15138854e-06  -17.4857149    
37494.7105      50000           5.60404936e-06  -31.2644681    
37494.7105      50000           9.96556558e-06  -55.9245889    
37494.7105      50000           1.77215601e-05  -100.009196    
37494.7105      50000           3.15138854e-05  -178.704598    
37494.7105      50000           5.60404936e-05  -319.001342    
37494.7105      50000           9.96556558e-05  -568.880026    
50000           66676.0716      0               6.69115909e-06 
50000           66676.0716      1.77215601e-10  -0.000735335043
50000           66676.0716      3.15138854e-10  -0.00131283899 
50000           66676.0716      5.60404936e-10  -0.00233980288 
50000           66676.0716      9.96556558e-10  -0.00416603321 
50000           66676.0716      1.77215601e-09  -0.00741358605 
50000           66676.0716      3.15138854e-09  -0.0131886584  
50000           66676.0716      5.60404936e-09  -0.0234584011  
50000           66676.0716      9.96556558e-09  -0.0417210326  
50000           66676.0716      1.77215601e-08  -0.0741975984  
50000           66676.0716      3.15138854e-08  -0.131951598   
50000           66676.0716      5.60404936e-08  -0.234659362   
50000           66676.0716      9.96556558e-08  -0.41731824    
50000           66676.0716      1.77215601e-07  -0.74218616    
50000           66676.0716      3.15138854e-07  -1.32004562    
50000           66676.0716      5.60404936e-07  -2.34811219    
50000           66676.0716      9.96556558e-07  -4.17771471    
50000           66676.0716      1.77215601e-06  -7.43534308    
50000           66676.0716      3.15138854e-06  -13.2394414    
50000           66676.0716      5.60404936e-06  -23.5884957    
50000           66676.0716      9.96556558e-06  -42.0534266    
50000           66676.0716      1.77215601e-05  -75.0072255    
50000           66676.0716      3.15138854e-05  -133.804624    
50000           66676.0716      5.60404936e-05  -238.652835    
50000           66676.0716      9.96556558e-05  -425.499584    
66676.0716      88913.9705      0               9.25950872e-10 
66676.0716      88913.9705      1.77215601e-10  -0.000570118293
66676.0716      88913.9705      3.15138854e-10  -0.00101383034 
66676.0716      88913.9705      5.60404936e-10  -0.00180287434 
66676.0716      88913.9705      9.96556558e-10  -0.00320601504 
66676.0716      88913.9705      1.77215601e-09  -0.00570119126 
66676.0716      88913.9705      3.15138854e-09  -0.0101383118  
66676.0716      88913.9705      5.60404936e-09  -0.0180287518  
66676.0716      88913.9705      9.96556558e-09  -0.0320601588  
66676.0716      88913.9705      1.77215601e-08  -0.0570119212  
66676.0716      88913.9705      3.15138854e-08  -0.101383127   
66676.0716      88913.9705      5.60404936e-08  -0.180287529   
66676.0716      88913.9705      9.96556558e-08  -0.320601605   
66676.0716      88913.9705      1.77215601e-07  -0.570119247   
66676.0716      88913.9705      3.15138854e-07  -1.01383136    
66676.0716      88913.9705      5.60404936e-07  -1.80287556    
66676.0716      88913.9705      9.96556558e-07  -3.20601689    
66676.0716      88913.9705      1.77215601e-06  -5.7011951     
66676.0716      88913.9705      3.15138854e-06  -10.1383219    
66676.0716      88913.9705      5.60404936e-06  -18.0287818    
66676.0716      88913.9705      9.96556558e-06  -32.0602514    
66676.0716      88913.9705      1.77215601e-05  -57.0122103    
66676.0716      88913.9705      3.15138854e-05  -101.38403     
66676.0716      88913.9705      5.60404936e-05  -180.290335    
66676.0716      88913.9705      9.96556558e-05  -320.610221    
88913.9705      118568.685      0               6.89396984e-10 
88913.9705      118568.685      1.77215601e-10  -0.000424465743
88913.9705      118568.685      3.15138854e-10  -0.00075481923 
88913.9705      118568.685      5.60404936e-10  -0.00134228004 
88913.9705      118568.685      9.96556558e-10  -0.0023869495  
88913.9705      118568.685      1.77215601e-09  -0.00424466374 
88913.9705      118568.685      3.15138854e-09  -0.00754819882 
88913.9705      118568.685      5.60404936e-09  -0.0134228076  
88913.9705      118568.685      9.96556558e-09  -0.0238695044  
88913.9705      118568.685      1.77215601e-08  -0.0424466535  
88913.9705      118568.685      3.15138854e-08  -0.0754820256  
88913.9705      118568.685      5.60404936e-08  -0.134228181   
88913.9705      118568.685      9.96556558e-08  -0.238695362   
88913.9705      118568.685      1.77215601e-07  -0.424467529   
88913.9705      118568.685      3.15138854e-07  -0.754823386   
88913.9705      118568.685      5.60404936e-07  -1.34229168    
88913.9705      118568.685      9.96556558e-07  -2.38698477    
88913.9705      118568.685      1.77215601e-06  -4.24477345    
88913.9705      118568.685      3.15138854e-06  -7.54854241    
88913.9705      118568.685      5.60404936e-06  -13.4238824    
88913.9705      118568.685      9.96556558e-06  -23.872846     
88913.9705      118568.685      1.77215601e-05  -42.4569209    
88913.9705      118568.685      3.15138854e-05  -75.5129536    
88913.9705      118568.685      5.60404936e-05  -134.318479    
88913.9705      118568.685      9.96556558e-05  -238.947273    
118568.685      158113.883      0               0.000320366096 
118568.685      158113.883      1.77215601e-10  3.09986935e-06 
118568.685      158113.883      3.15138854e-10  -0.000243821903
118568.685      158113.883      5.60404936e-10  -0.000682917805
118568.685      158113.883      9.96556558e-10  -0.00146375301 
118568.685      158113.883      1.77215601e-09  -0.00285229617 
118568.685      158113.883      3.15138854e-09  -0.00532151389 
118568.685      158113.883      5.60404936e-09  -0.00971247292 
118568.685      158113.883      9.96556558e-09  -0.017520825   
118568.685      158113.883      1.77215601e-08  -0.0314062566  
118568.685      158113.883      3.15138854e-08  -0.0560984338  
118568.685      158113.883      5.60404936e-08  -0.100008024   
118568.685      158113.883      9.96556558e-08  -0.178091545   
118568.685      158113.883      1.77215601e-07  -0.316945861   
118568.685      158113.883      3.15138854e-07  -0.563867634   
118568.685      158113.883      5.60404936e-07  -1.00296354    
118568.685      158113.883      9.96556558e-07  -1.78379875    
118568.685      158113.883      1.77215601e-06  -3.17234194    
118568.685      158113.883      3.15138854e-06  -5.64155973    
118568.685      158113.883      5.60404936e-06  -10.032519     
118568.685      158113.883      9.96556558e-06  -17.8408718    
118568.685      158113.883      1.77215601e-05  -31.7263058    
118568.685      158113.883      3.15138854e-05  -56.4184906    
118568.685      158113.883      5.60404936e-05  -100.328105    
118568.685      158113.883      9.96556558e-05  -178.411701    
158113.883      210848.252      0               0.000511140781 
158113.883      210848.252      1.77215601e-10  0.000273927872 
158113.883      210848.252      3.15138854e-10  8.9309949e-05  
158113.883      210848.252      5.60404936e-10  -0.000238992302
158113.883      210848.252      9.96556558e-10  -0.000822805436
158113.883      210848.252      1.77215601e-09  -0.00186098831 
158113.883      210848.252      3.15138854e-09  -0.00370716754 
158113.883      210848.252      5.60404936e-09  -0.00699019006 
158113.883      210848.252      9.96556558e-09  -0.0128283214  
158113.883      210848.252      1.77215601e-08  -0.0232101502  
158113.883      210848.252      3.15138854e-08  -0.0416719425  
158113.883      210848.252      5.60404936e-08  -0.0745021676  
158113.883      210848.252      9.96556558e-08  -0.132883481   
158113.883      210848.252      1.77215601e-07  -0.236701769   
158113.883      210848.252      3.15138854e-07  -0.421319692   
158113.883      210848.252      5.60404936e-07  -0.749621944   
158113.883      210848.252      9.96556558e-07  -1.33343508    
158113.883      210848.252      1.77215601e-06  -2.37161797    
158113.883      210848.252      3.15138854e-06  -4.21779723    
158113.883      210848.252      5.60404936e-06  -7.50081984    
158113.883      210848.252      9.96556558e-06  -13.3389515    
158113.883      210848.252      1.77215601e-05  -23.7207812    
158113.883      210848.252      3.15138854e-05  -42.1825766    
158113.883      210848.252      5.60404936e-05  -75.0128113    
158113.883      210848.252      9.96556558e-05  -133.394155    
210848.252      281170.663      0               0.000441044761 
210848.252      281170.663      1.77215601e-10  0.000263801669 
210848.252      281170.663      3.15138854e-10  0.00012585702  
210848.252      281170.663      5.60404936e-10  -0.000119447109
210848.252      281170.663      9.96556558e-10  -0.000555666391
210848.252      281170.663      1.77215601e-09  -0.00133138616 
210848.252      281170.663      3.15138854e-09  -0.00271083265 
210848.252      281170.663      5.60404936e-09  -0.00516387394 
210848.252      281170.663      9.96556558e-09  -0.00952606676 
210848.252      281170.663      1.77215601e-08  -0.0172832644  
210848.252      281170.663      3.15138854e-08  -0.0310777294  
210848.252      281170.663      5.60404936e-08  -0.0556081423  
210848.252      281170.663      9.96556558e-08  -0.0992300705  
210848.252      281170.663      1.77215601e-07  -0.176802047   
210848.252      281170.663      3.15138854e-07  -0.314746697   
210848.252      281170.663      5.60404936e-07  -0.560050827   
210848.252      281170.663      9.96556558e-07  -0.996270111   
210848.252      281170.663      1.77215601e-06  -1.77198989    
210848.252      281170.663      3.15138854e-06  -3.1514364     
210848.252      281170.663      5.60404936e-06  -5.60447776    
210848.252      281170.663      9.96556558e-06  -9.96667081    
210848.252      281170.663      1.77215601e-05  -17.7238692    
210848.252      281170.663      3.15138854e-05  -31.5183364    
210848.252      281170.663      5.60404936e-05  -56.0487565    
210848.252      281170.663      9.96556558e-05  -99.6707074    
281170.663      374947.105      0               0.00198981471  
281170.663      374947.105      1.77215601e-10  0.00185813023  
281170.663      374947.105      3.15138854e-10  0.00175564291  
281170.663      374947.105      5.60404936e-10  0.00157339182  
281170.663      374947.105      9.96556558e-10  0.00124929846  
281170.663      374947.105      1.77215601e-09  0.000672969913 
281170.663      374947.105      3.15138854e-09  -0.000351903277
281170.663      374947.105      5.60404936e-09  -0.00217441417 
281170.663      374947.105      9.96556558e-09  -0.00541534777 
281170.663      374947.105      1.77215601e-08  -0.0111786333  
281170.663      374947.105      3.15138854e-08  -0.0214273652  
281170.663      374947.105      5.60404936e-08  -0.0396524743  
281170.663      374947.105      9.96556558e-08  -0.0720618108  
281170.663      374947.105      1.77215601e-07  -0.129694667   
281170.663      374947.105      3.15138854e-07  -0.232181992   
281170.663      374947.105      5.60404936e-07  -0.414433099   
281170.663      374947.105      9.96556558e-07  -0.738526515   
281170.663      374947.105      1.77215601e-06  -1.31485524    
281170.663      374947.105      3.15138854e-06  -2.339729      
281170.663      374947.105      5.60404936e-06  -4.16224168    
281170.663      374947.105      9.96556558e-06  -7.40318093    
281170.663      374947.105      1.77215601e-05  -13.1664843    
281170.663      374947.105      3.15138854e-05  -23.4152723    
281170.663      374947.105      5.60404936e-05  -41.6405576    
281170.663      374947.105      9.96556558e-05  -74.0504433    
374947.105      500000          0               0.000481568692 
374947.105      500000          1.77215601e-10  0.000385844894 
374947.105      500000          3.15138854e-10  0.000311345033 
374947.105      500000          5.60404936e-10  0.000178863464 
374947.105      500000          9.96556558e-10  -5.67257815e-05
374947.105      500000          1.77215601e-09  -0.000475669287
374947.105      500000          3.15138854e-09  -0.0012206679  
374947.105      500000          5.60404936e-09  -0.00254548358 
374947.105      500000          9.96556558e-09  -0.00490137604 
374947.105      500000          1.77215601e-08  -0.00909081109 
374947.105      500000          3.15138854e-08  -0.0165407972  
374947.105      500000          5.60404936e-08  -0.0297889541  
374947.105      500000          9.96556558e-08  -0.0533478786  
374947.105      500000          1.77215601e-07  -0.0952422292  
374947.105      500000          3.15138854e-07  -0.16974209    
374947.105      500000          5.60404936e-07  -0.302223659   
374947.105      500000          9.96556558e-07  -0.537812905   
374947.105      500000          1.77215601e-06  -0.956756412   
374947.105      500000          3.15138854e-06  -1.70175503    
374947.105      500000          5.60404936e-06  -3.02657073    
374947.105      500000          9.96556558e-06  -5.38246323    
374947.105      500000          1.77215601e-05  -9.57189844    
374947.105      500000          3.15138854e-05  -17.021885     
374947.105      500000          5.60404936e-05  -30.2700434    
374947.105      500000          9.96556558e-05  -53.8289728    
