### /nfs/slac/g/ki/ki20/cta/mdwood/fermi/dsph_pipeline/des_dwarfs/v6/p302_6yr_source_psf0123_point_gs_jsigma0.6/results/like_pictor_I.txt
#[0]emin(MeV) [1]emax(MeV) [2]eflux(MeV/cm^2/s) [3]deltaLogLike
500             666.760716      0               -0.243525771   
500             666.760716      1.77215601e-10  -0.240505316   
500             666.760716      3.15138854e-10  -0.23816882    
500             666.760716      5.60404936e-10  -0.234044655   
500             666.760716      9.96556558e-10  -0.226807795   
500             666.760716      1.77215601e-09  -0.214244043   
500             666.760716      3.15138854e-09  -0.192859573   
500             666.760716      5.60404936e-09  -0.15781359    
500             666.760716      9.96556558e-09  -0.104673784   
500             666.760716      1.77215601e-08  -0.0379283318  
500             666.760716      3.15138854e-08  -0.000664351792
500             666.760716      5.60404936e-08  -0.163021052   
500             666.760716      9.96556558e-08  -1.05648019    
500             666.760716      1.77215601e-07  -4.13342905    
500             666.760716      3.15138854e-07  -12.9902152    
500             666.760716      5.60404936e-07  -35.8598772    
500             666.760716      9.96556558e-07  -90.4460347    
500             666.760716      1.77215601e-06  -213.012319    
500             666.760716      3.15138854e-06  -475.164522    
500             666.760716      5.60404936e-06  -1014.43224    
500             666.760716      9.96556558e-06  -2089.41533    
500             666.760716      1.77215601e-05  -4178.48135    
500             666.760716      3.15138854e-05  -8155.60929    
500             666.760716      5.60404936e-05  -15602.8623    
500             666.760716      9.96556558e-05  -29364.7468    
666.760716      889.139705      0               -1.55377266    
666.760716      889.139705      1.77215601e-10  -1.54423227    
666.760716      889.139705      3.15138854e-10  -1.53683461    
666.760716      889.139705      5.60404936e-10  -1.52373862    
666.760716      889.139705      9.96556558e-10  -1.5006362     
666.760716      889.139705      1.77215601e-09  -1.46013616    
666.760716      889.139705      3.15138854e-09  -1.38992809    
666.760716      889.139705      5.60404936e-09  -1.27064953    
666.760716      889.139705      9.96556558e-09  -1.07532224    
666.760716      889.139705      1.77215601e-08  -0.776926406   
666.760716      889.139705      3.15138854e-08  -0.38227687    
666.760716      889.139705      5.60404936e-08  -0.0338708942  
666.760716      889.139705      9.96556558e-08  -0.261744416   
666.760716      889.139705      1.77215601e-07  -2.53519585    
666.760716      889.139705      3.15138854e-07  -10.389129     
666.760716      889.139705      5.60404936e-07  -31.62428      
666.760716      889.139705      9.96556558e-07  -82.4612218    
666.760716      889.139705      1.77215601e-06  -195.203269    
666.760716      889.139705      3.15138854e-06  -432.182379    
666.760716      889.139705      5.60404936e-06  -910.891787    
666.760716      889.139705      9.96556558e-06  -1848.95771    
666.760716      889.139705      1.77215601e-05  -3644.3218     
666.760716      889.139705      3.15138854e-05  -7017.94728    
666.760716      889.139705      5.60404936e-05  -13267.4994    
666.760716      889.139705      9.96556558e-05  -24718.0482    
889.139705      1185.68685      0               0.000366336899 
889.139705      1185.68685      1.77215601e-10  -0.00178693236 
889.139705      1185.68685      3.15138854e-10  -0.00348730776 
889.139705      1185.68685      5.60404936e-10  -0.00656385526 
889.139705      1185.68685      9.96556558e-10  -0.0122007194  
889.139705      1185.68685      1.77215601e-09  -0.022743297   
889.139705      1185.68685      3.15138854e-09  -0.0430984976  
889.139705      1185.68685      5.60404936e-09  -0.0842054013  
889.139705      1185.68685      9.96556558e-09  -0.171937242   
889.139705      1185.68685      1.77215601e-08  -0.369896174   
889.139705      1185.68685      3.15138854e-08  -0.83545449    
889.139705      1185.68685      5.60404936e-08  -1.9478072     
889.139705      1185.68685      9.96556558e-08  -4.57651057    
889.139705      1185.68685      1.77215601e-07  -10.6073363    
889.139705      1185.68685      3.15138854e-07  -23.9378178    
889.139705      1185.68685      5.60404936e-07  -52.335837     
889.139705      1185.68685      9.96556558e-07  -110.855596    
889.139705      1185.68685      1.77215601e-06  -228.024475    
889.139705      1185.68685      3.15138854e-06  -456.984872    
889.139705      1185.68685      5.60404936e-06  -895.540187    
889.139705      1185.68685      9.96556558e-06  -1722.12267    
889.139705      1185.68685      1.77215601e-05  -3260.01524    
889.139705      1185.68685      3.15138854e-05  -6091.56698    
889.139705      1185.68685      5.60404936e-05  -11261.0659    
889.139705      1185.68685      9.96556558e-05  -20635.2677    
1185.68685      1581.13883      0               0.000410585066 
1185.68685      1581.13883      1.77215601e-10  -0.00167371572 
1185.68685      1581.13883      3.15138854e-10  -0.00332046931 
1185.68685      1581.13883      5.60404936e-10  -0.00630166161 
1185.68685      1581.13883      9.96556558e-10  -0.0117684195  
1185.68685      1581.13883      1.77215601e-09  -0.0220039235  
1185.68685      1581.13883      3.15138854e-09  -0.0417837066  
1185.68685      1581.13883      5.60404936e-09  -0.0817022151  
1185.68685      1581.13883      9.96556558e-09  -0.16648354    
1185.68685      1581.13883      1.77215601e-08  -0.355416259   
1185.68685      1581.13883      3.15138854e-08  -0.790170793   
1185.68685      1581.13883      5.60404936e-08  -1.79943239    
1185.68685      1581.13883      9.96556558e-08  -4.11369144    
1185.68685      1581.13883      1.77215601e-07  -9.28460325    
1185.68685      1581.13883      3.15138854e-07  -20.4756888    
1185.68685      1581.13883      5.60404936e-07  -43.9287212    
1185.68685      1581.13883      9.96556558e-07  -91.6721615    
1185.68685      1581.13883      1.77215601e-06  -186.491031    
1185.68685      1581.13883      3.15138854e-06  -370.922797    
1185.68685      1581.13883      5.60404936e-06  -723.327958    
1185.68685      1581.13883      9.96556558e-06  -1386.41588    
1185.68685      1581.13883      1.77215601e-05  -2617.84407    
1185.68685      1581.13883      3.15138854e-05  -4880.09032    
1185.68685      1581.13883      5.60404936e-05  -9000.26356    
1185.68685      1581.13883      9.96556558e-05  -16454.4087    
1581.13883      2108.48252      0               1.70512067e-08 
1581.13883      2108.48252      1.77215601e-10  -0.0105196389  
1581.13883      2108.48252      3.15138854e-10  -0.0187346479  
1581.13883      2108.48252      5.60404936e-10  -0.0334025524  
1581.13883      2108.48252      9.96556558e-10  -0.0596704507  
1581.13883      2108.48252      1.77215601e-09  -0.106946825   
1581.13883      2108.48252      3.15138854e-09  -0.192708899   
1581.13883      2108.48252      5.60404936e-09  -0.350096282   
1581.13883      2108.48252      9.96556558e-09  -0.643234101   
1581.13883      2108.48252      1.77215601e-08  -1.19757439    
1581.13883      2108.48252      3.15138854e-08  -2.25706932    
1581.13883      2108.48252      5.60404936e-08  -4.28658117    
1581.13883      2108.48252      9.96556558e-08  -8.1536491     
1581.13883      2108.48252      1.77215601e-07  -15.4609172    
1581.13883      2108.48252      3.15138854e-07  -29.1665988    
1581.13883      2108.48252      5.60404936e-07  -54.7369808    
1581.13883      2108.48252      9.96556558e-07  -102.262789    
1581.13883      2108.48252      1.77215601e-06  -190.309362    
1581.13883      2108.48252      3.15138854e-06  -352.853059    
1581.13883      2108.48252      5.60404936e-06  -651.661681    
1581.13883      2108.48252      9.96556558e-06  -1198.28544    
1581.13883      2108.48252      1.77215601e-05  -2193.10486    
1581.13883      2108.48252      3.15138854e-05  -3994.74255    
1581.13883      2108.48252      5.60404936e-05  -7243.53788    
1581.13883      2108.48252      9.96556558e-05  -13081.1963    
2108.48252      2811.70663      0               6.08811542e-05 
2108.48252      2811.70663      1.77215601e-10  -0.00332332839 
2108.48252      2811.70663      3.15138854e-10  -0.00596865076 
2108.48252      2811.70663      5.60404936e-10  -0.0106974469  
2108.48252      2811.70663      9.96556558e-10  -0.0191840919  
2108.48252      2811.70663      1.77215601e-09  -0.0345180992  
2108.48252      2811.70663      3.15138854e-09  -0.0625376062  
2108.48252      2811.70663      5.60404936e-09  -0.114659461   
2108.48252      2811.70663      9.96556558e-09  -0.214190708   
2108.48252      2811.70663      1.77215601e-08  -0.410821801   
2108.48252      2811.70663      3.15138854e-08  -0.813711811   
2108.48252      2811.70663      5.60404936e-08  -1.66380118    
2108.48252      2811.70663      9.96556558e-08  -3.48160412    
2108.48252      2811.70663      1.77215601e-07  -7.34978915    
2108.48252      2811.70663      3.15138854e-07  -15.4292702    
2108.48252      2811.70663      5.60404936e-07  -31.8846726    
2108.48252      2811.70663      9.96556558e-07  -64.5429881    
2108.48252      2811.70663      1.77215601e-06  -127.867083    
2108.48252      2811.70663      3.15138854e-06  -248.262152    
2108.48252      2811.70663      5.60404936e-06  -473.506455    
2108.48252      2811.70663      9.96556558e-06  -889.507155    
2108.48252      2811.70663      1.77215601e-05  -1650.1103     
2108.48252      2811.70663      3.15138854e-05  -3030.14357    
2108.48252      2811.70663      5.60404936e-05  -5519.74473    
2108.48252      2811.70663      9.96556558e-05  -9992.08819    
2811.70663      3749.47105      0               0.00026072691  
2811.70663      3749.47105      1.77215601e-10  -0.00456252813 
2811.70663      3749.47105      3.15138854e-10  -0.00832160117 
2811.70663      3749.47105      5.60404936e-10  -0.0150175669  
2811.70663      3749.47105      9.96556558e-10  -0.0269604021  
2811.70663      3749.47105      1.77215601e-09  -0.0483096731  
2811.70663      3749.47105      3.15138854e-09  -0.0866230241  
2811.70663      3749.47105      5.60404936e-09  -0.155832364   
2811.70663      3749.47105      9.96556558e-09  -0.282184753   
2811.70663      3749.47105      1.77215601e-08  -0.516587196   
2811.70663      3749.47105      3.15138854e-08  -0.960991002   
2811.70663      3749.47105      5.60404936e-08  -1.8247521     
2811.70663      3749.47105      9.96556558e-08  -3.54066425    
2811.70663      3749.47105      1.77215601e-07  -6.98931673    
2811.70663      3749.47105      3.15138854e-07  -13.9068915    
2811.70663      3749.47105      5.60404936e-07  -27.6021795    
2811.70663      3749.47105      9.96556558e-07  -54.2172009    
2811.70663      3749.47105      1.77215601e-06  -104.966225    
2811.70663      3749.47105      3.15138854e-06  -200.126364    
2811.70663      3749.47105      5.60404936e-06  -376.144621    
2811.70663      3749.47105      9.96556558e-06  -698.285117    
2811.70663      3749.47105      1.77215601e-05  -1283.12804    
2811.70663      3749.47105      3.15138854e-05  -2338.58995    
2811.70663      3749.47105      5.60404936e-05  -4235.11439    
2811.70663      3749.47105      9.96556558e-05  -7632.32372    
3749.47105      5000            0               -0.0831961431  
3749.47105      5000            1.77215601e-10  -0.0811114872  
3749.47105      5000            3.15138854e-10  -0.0795107117  
3749.47105      5000            5.60404936e-10  -0.0767105866  
3749.47105      5000            9.96556558e-10  -0.07187662    
3749.47105      5000            1.77215601e-09  -0.063731574   
3749.47105      5000            3.15138854e-09  -0.0506265502  
3749.47105      5000            5.60404936e-09  -0.0314375523  
3749.47105      5000            9.96556558e-09  -0.00912009963 
3749.47105      5000            1.77215601e-08  -0.00131766598 
3749.47105      5000            3.15138854e-08  -0.0665464467  
3749.47105      5000            5.60404936e-08  -0.359001052   
3749.47105      5000            9.96556558e-08  -1.22961325    
3749.47105      5000            1.77215601e-07  -3.40196871    
3749.47105      5000            3.15138854e-07  -8.27842078    
3749.47105      5000            5.60404936e-07  -18.4775265    
3749.47105      5000            9.96556558e-07  -38.7798306    
3749.47105      5000            1.77215601e-06  -77.7989753    
3749.47105      5000            3.15138854e-06  -150.95335     
3749.47105      5000            5.60404936e-06  -285.774659    
3749.47105      5000            9.96556558e-06  -531.392778    
3749.47105      5000            1.77215601e-05  -975.438786    
3749.47105      5000            3.15138854e-05  -1774.10245    
3749.47105      5000            5.60404936e-05  -3205.548      
3749.47105      5000            9.96556558e-05  -5764.88254    
5000            6667.60716      0               5.73140824e-09 
5000            6667.60716      1.77215601e-10  -0.00353458711 
5000            6667.60716      3.15138854e-10  -0.00629343091 
5000            6667.60716      5.60404936e-10  -0.0112164833  
5000            6667.60716      9.96556558e-10  -0.0200244491  
5000            6667.60716      1.77215601e-09  -0.0358533981  
5000            6667.60716      3.15138854e-09  -0.0645104321  
5000            6667.60716      5.60404936e-09  -0.116995542   
5000            6667.60716      9.96556558e-09  -0.21473073    
5000            6667.60716      1.77215601e-08  -0.400503275   
5000            6667.60716      3.15138854e-08  -0.760676672   
5000            6667.60716      5.60404936e-08  -1.46721395    
5000            6667.60716      9.96556558e-08  -2.85128913    
5000            6667.60716      1.77215601e-07  -5.5284556     
5000            6667.60716      3.15138854e-07  -10.6175768    
5000            6667.60716      5.60404936e-07  -20.1346458    
5000            6667.60716      9.96556558e-07  -37.7008811    
5000            6667.60716      1.77215601e-06  -69.8068943    
5000            6667.60716      3.15138854e-06  -128.064402    
5000            6667.60716      5.60404936e-06  -233.21216     
5000            6667.60716      9.96556558e-06  -422.234889    
5000            6667.60716      1.77215601e-05  -761.017742    
5000            6667.60716      3.15138854e-05  -1366.86044    
5000            6667.60716      5.60404936e-05  -2448.54638    
5000            6667.60716      9.96556558e-05  -4377.64411    
6667.60716      8891.39705      0               6.84281076e-09 
6667.60716      8891.39705      1.77215601e-10  -0.00421351974 
6667.60716      8891.39705      3.15138854e-10  -0.00749354682 
6667.60716      8891.39705      5.60404936e-10  -0.0133279188  
6667.60716      8891.39705      9.96556558e-10  -0.0237080067  
6667.60716      8891.39705      1.77215601e-09  -0.0421822701  
6667.60716      8891.39705      3.15138854e-09  -0.0750835193  
6667.60716      8891.39705      5.60404936e-09  -0.133743502   
6667.60716      8891.39705      9.96556558e-09  -0.238527749   
6667.60716      8891.39705      1.77215601e-08  -0.426290198   
6667.60716      8891.39705      3.15138854e-08  -0.764385616   
6667.60716      8891.39705      5.60404936e-08  -1.37741199    
6667.60716      8891.39705      9.96556558e-08  -2.49840014    
6667.60716      8891.39705      1.77215601e-07  -4.56504784    
6667.60716      8891.39705      3.15138854e-07  -8.39457407    
6667.60716      8891.39705      5.60404936e-07  -15.4925428    
6667.60716      8891.39705      9.96556558e-07  -28.5952999    
6667.60716      8891.39705      1.77215601e-06  -52.6305413    
6667.60716      8891.39705      3.15138854e-06  -96.4256842    
6667.60716      8891.39705      5.60404936e-06  -175.744442    
6667.60716      8891.39705      9.96556558e-06  -318.685939    
6667.60716      8891.39705      1.77215601e-05  -575.293427    
6667.60716      8891.39705      3.15138854e-05  -1034.65164    
6667.60716      8891.39705      5.60404936e-05  -1855.29178    
6667.60716      8891.39705      9.96556558e-05  -3319.25341    
8891.39705      11856.8685      0               6.80529411e-09 
8891.39705      11856.8685      1.77215601e-10  -0.00419014966 
8891.39705      11856.8685      3.15138854e-10  -0.00745127981 
8891.39705      11856.8685      5.60404936e-10  -0.0132505186  
8891.39705      11856.8685      9.96556558e-10  -0.023563306   
8891.39705      11856.8685      1.77215601e-09  -0.0419027047  
8891.39705      11856.8685      3.15138854e-09  -0.0745164841  
8891.39705      11856.8685      5.60404936e-09  -0.132516698   
8891.39705      11856.8685      9.96556558e-09  -0.235669274   
8891.39705      11856.8685      1.77215601e-08  -0.419141094   
8891.39705      11856.8685      3.15138854e-08  -0.745523469   
8891.39705      11856.8685      5.60404936e-08  -1.32629048    
8891.39705      11856.8685      9.96556558e-08  -2.36018818    
8891.39705      11856.8685      1.77215601e-07  -4.20215711    
8891.39705      11856.8685      3.15138854e-07  -7.48762117    
8891.39705      11856.8685      5.60404936e-07  -13.3574574    
8891.39705      11856.8685      9.96556558e-07  -23.8650989    
8891.39705      11856.8685      1.77215601e-06  -42.7079186    
8891.39705      11856.8685      3.15138854e-06  -76.5261541    
8891.39705      11856.8685      5.60404936e-06  -137.194648    
8891.39705      11856.8685      9.96556558e-06  -245.878549    
8891.39705      11856.8685      1.77215601e-05  -440.251779    
8891.39705      11856.8685      3.15138854e-05  -787.36474     
8891.39705      11856.8685      5.60404936e-05  -1406.55085    
8891.39705      11856.8685      9.96556558e-05  -2510.15303    
11856.8685      15811.3883      0               5.08430276e-09 
11856.8685      15811.3883      1.77215601e-10  -0.00313062897 
11856.8685      15811.3883      3.15138854e-10  -0.0055671536  
11856.8685      15811.3883      5.60404936e-10  -0.00990001108 
11856.8685      15811.3883      9.96556558e-10  -0.0176051558  
11856.8685      15811.3883      1.77215601e-09  -0.0313074145  
11856.8685      15811.3883      3.15138854e-09  -0.0556749914  
11856.8685      15811.3883      5.60404936e-09  -0.0990109243  
11856.8685      15811.3883      9.96556558e-09  -0.176085573   
11856.8685      15811.3883      1.77215601e-08  -0.31318116    
11856.8685      15811.3883      3.15138854e-08  -0.557085717   
11856.8685      15811.3883      5.60404936e-08  -0.99115725    
11856.8685      15811.3883      9.96556558e-08  -1.76409514    
11856.8685      15811.3883      1.77215601e-07  -3.14166358    
11856.8685      15811.3883      3.15138854e-07  -5.60004548    
11856.8685      15811.3883      5.60404936e-07  -9.99467701    
11856.8685      15811.3883      9.96556558e-07  -17.8647838    
11856.8685      15811.3883      1.77215601e-06  -31.9787265    
11856.8685      15811.3883      3.15138854e-06  -57.3039728    
11856.8685      15811.3883      5.60404936e-06  -102.728571    
11856.8685      15811.3883      9.96556558e-06  -184.117208    
11856.8685      15811.3883      1.77215601e-05  -329.738303    
11856.8685      15811.3883      3.15138854e-05  -589.909726    
11856.8685      15811.3883      5.60404936e-05  -1054.1574     
11856.8685      15811.3883      9.96556558e-05  -1881.74493    
15811.3883      21084.8252      0               0.00919276289  
15811.3883      21084.8252      1.77215601e-10  0.00682156322  
15811.3883      21084.8252      3.15138854e-10  0.00497609338  
15811.3883      21084.8252      5.60404936e-10  0.00169430222  
15811.3883      21084.8252      9.96556558e-10  -0.00414173476 
15811.3883      21084.8252      1.77215601e-09  -0.0145201404  
15811.3883      21084.8252      3.15138854e-09  -0.0329767966  
15811.3883      21084.8252      5.60404936e-09  -0.0658008892  
15811.3883      21084.8252      9.96556558e-09  -0.124180745   
15811.3883      21084.8252      1.77215601e-08  -0.228026091   
15811.3883      21084.8252      3.15138854e-08  -0.412784626   
15811.3883      21084.8252      5.60404936e-08  -0.741622529   
15811.3883      21084.8252      9.96556558e-08  -1.32725453    
15811.3883      21084.8252      1.77215601e-07  -2.37122204    
15811.3883      21084.8252      3.15138854e-07  -4.2348362     
15811.3883      21084.8252      5.60404936e-07  -7.56744364    
15811.3883      21084.8252      9.96556558e-07  -13.5371405    
15811.3883      21084.8252      1.77215601e-06  -24.2413488    
15811.3883      21084.8252      3.15138854e-06  -43.4314004    
15811.3883      21084.8252      5.60404936e-06  -77.792684     
15811.3883      21084.8252      9.96556558e-06  -139.220509    
15811.3883      21084.8252      1.77215601e-05  -248.879625    
15811.3883      21084.8252      3.15138854e-05  -444.441349    
15811.3883      21084.8252      5.60404936e-05  -792.964844    
15811.3883      21084.8252      9.96556558e-05  -1413.8005     
21084.8252      28117.0663      0               3.01639602e-09 
21084.8252      28117.0663      1.77215601e-10  -0.00185724542 
21084.8252      28117.0663      3.15138854e-10  -0.0033027041  
21084.8252      28117.0663      5.60404936e-10  -0.00587313451 
21084.8252      28117.0663      9.96556558e-10  -0.0104440811  
21084.8252      28117.0663      1.77215601e-09  -0.0185725114  
21084.8252      28117.0663      3.15138854e-09  -0.0330271632  
21084.8252      28117.0663      5.60404936e-09  -0.0587316729  
21084.8252      28117.0663      9.96556558e-09  -0.104441789   
21084.8252      28117.0663      1.77215601e-08  -0.185728145   
21084.8252      28117.0663      3.15138854e-08  -0.330281149   
21084.8252      28117.0663      5.60404936e-08  -0.587346712   
21084.8252      28117.0663      9.96556558e-08  -1.04451235    
21084.8252      28117.0663      1.77215601e-07  -1.85757842    
21084.8252      28117.0663      3.15138854e-07  -3.30374128    
21084.8252      28117.0663      5.60404936e-07  -5.87635694    
21084.8252      28117.0663      9.96556558e-07  -10.4539933    
21084.8252      28117.0663      1.77215601e-06  -18.6024534    
21084.8252      28117.0663      3.15138854e-06  -33.1150589    
21084.8252      28117.0663      5.60404936e-06  -58.9792848    
21084.8252      28117.0663      9.96556558e-06  -105.103065    
21084.8252      28117.0663      1.77215601e-05  -187.388463    
21084.8252      28117.0663      3.15138854e-05  -334.192245    
21084.8252      28117.0663      5.60404936e-05  -596.0227      
21084.8252      28117.0663      9.96556558e-05  -1062.76723    
28117.0663      37494.7105      0               2.33887931e-09 
28117.0663      37494.7105      1.77215601e-10  -0.00144007138 
28117.0663      37494.7105      3.15138854e-10  -0.00256085113 
28117.0663      37494.7105      5.60404936e-10  -0.00455391075 
28117.0663      37494.7105      9.96556558e-10  -0.00809812783 
28117.0663      37494.7105      1.77215601e-09  -0.0144007367  
28117.0663      37494.7105      3.15138854e-09  -0.0256085383  
28117.0663      37494.7105      5.60404936e-09  -0.0455391474  
28117.0663      37494.7105      9.96556558e-09  -0.0809813589  
28117.0663      37494.7105      1.77215601e-08  -0.144007577   
28117.0663      37494.7105      3.15138854e-08  -0.256086      
28117.0663      37494.7105      5.60404936e-08  -0.455393377   
28117.0663      37494.7105      9.96556558e-08  -0.809819557   
28117.0663      37494.7105      1.77215601e-07  -1.44009456    
28117.0663      37494.7105      3.15138854e-07  -2.56091921    
28117.0663      37494.7105      5.60404936e-07  -4.55411999    
28117.0663      37494.7105      9.96556558e-07  -8.09877895    
28117.0663      37494.7105      1.77215601e-06  -14.4027606    
28117.0663      37494.7105      3.15138854e-06  -25.614772     
28117.0663      37494.7105      5.60404936e-06  -45.5580205    
28117.0663      37494.7105      9.96556558e-06  -81.0369448    
28117.0663      37494.7105      1.77215601e-05  -144.16483     
28117.0663      37494.7105      3.15138854e-05  -256.507925    
28117.0663      37494.7105      5.60404936e-05  -456.457499    
28117.0663      37494.7105      9.96556558e-05  -812.336205    
37494.7105      50000           0               1.65499614e-09 
37494.7105      50000           1.77215601e-10  -0.00101897958 
37494.7105      50000           3.15138854e-10  -0.00181203578 
37494.7105      50000           5.60404936e-10  -0.00322232013 
37494.7105      50000           9.96556558e-10  -0.00573022769 
37494.7105      50000           1.77215601e-09  -0.0101900764  
37494.7105      50000           3.15138854e-09  -0.0181212127  
37494.7105      50000           5.60404936e-09  -0.0322258705  
37494.7105      50000           9.96556558e-09  -0.057310674   
37494.7105      50000           1.77215601e-08  -0.101927221   
37494.7105      50000           3.15138854e-08  -0.181295395   
37494.7105      50000           5.60404936e-08  -0.322519972   
37494.7105      50000           9.96556558e-08  -0.573921814   
37494.7105      50000           1.77215601e-07  -1.02178961    
37494.7105      50000           3.15138854e-07  -1.8205984     
37494.7105      50000           5.60404936e-07  -3.2477812     
37494.7105      50000           9.96556558e-07  -5.80314694    
37494.7105      50000           1.77215601e-06  -10.3882419    
37494.7105      50000           3.15138854e-06  -18.6256506    
37494.7105      50000           5.60404936e-06  -33.4210095    
37494.7105      50000           9.96556558e-06  -59.9522649    
37494.7105      50000           1.77215601e-05  -107.423569    
37494.7105      50000           3.15138854e-05  -192.188498    
37494.7105      50000           5.60404936e-05  -343.312299    
37494.7105      50000           9.96556558e-05  -612.469223    
50000           66676.0716      0               1.32985178e-09 
50000           66676.0716      1.77215601e-10  -0.000818829398
50000           66676.0716      3.15138854e-10  -0.0014561085  
50000           66676.0716      5.60404936e-10  -0.0025893688  
50000           66676.0716      9.96556558e-10  -0.00460462229 
50000           66676.0716      1.77215601e-09  -0.00818830613 
50000           66676.0716      3.15138854e-09  -0.0145610975  
50000           66676.0716      5.60404936e-09  -0.0258937019  
50000           66676.0716      9.96556558e-09  -0.0460462408  
50000           66676.0716      1.77215601e-08  -0.081883092   
50000           66676.0716      3.15138854e-08  -0.145611046   
50000           66676.0716      5.60404936e-08  -0.258937217   
50000           66676.0716      9.96556558e-08  -0.460463011   
50000           66676.0716      1.77215601e-07  -0.8188328     
50000           66676.0716      3.15138854e-07  -1.45611638    
50000           66676.0716      5.60404936e-07  -2.58939083    
50000           66676.0716      9.96556558e-07  -4.60468892    
50000           66676.0716      1.77215601e-06  -8.18851314    
50000           66676.0716      3.15138854e-06  -14.5617446    
50000           66676.0716      5.60404936e-06  -25.8957198    
50000           66676.0716      9.96556558e-06  -46.0524816    
50000           66676.0716      1.77215601e-05  -81.9021007    
50000           66676.0716      3.15138854e-05  -145.66752     
50000           66676.0716      5.60404936e-05  -259.09879     
50000           66676.0716      9.96556558e-05  -460.901823    
66676.0716      88913.9705      0               0.00014929734  
66676.0716      88913.9705      1.77215601e-10  -0.000464014607
66676.0716      88913.9705      3.15138854e-10  -0.000941342667
66676.0716      88913.9705      5.60404936e-10  -0.00179016533 
66676.0716      88913.9705      9.96556558e-10  -0.00329960919 
66676.0716      88913.9705      1.77215601e-09  -0.00598382213 
66676.0716      88913.9705      3.15138854e-09  -0.0107571027  
66676.0716      88913.9705      5.60404936e-09  -0.0192453293  
66676.0716      88913.9705      9.96556558e-09  -0.034339768   
66676.0716      88913.9705      1.77215601e-08  -0.0611818974  
66676.0716      88913.9705      3.15138854e-08  -0.108914703   
66676.0716      88913.9705      5.60404936e-08  -0.19379697    
66676.0716      88913.9705      9.96556558e-08  -0.344741356   
66676.0716      88913.9705      1.77215601e-07  -0.613162652   
66676.0716      88913.9705      3.15138854e-07  -1.09049072    
66676.0716      88913.9705      5.60404936e-07  -1.93931339    
66676.0716      88913.9705      9.96556558e-07  -3.44875731    
66676.0716      88913.9705      1.77215601e-06  -6.13297041    
66676.0716      88913.9705      3.15138854e-06  -10.9062515    
66676.0716      88913.9705      5.60404936e-06  -19.3944798    
66676.0716      88913.9705      9.96556558e-06  -34.4889235    
66676.0716      88913.9705      1.77215601e-05  -61.331069     
66676.0716      88913.9705      3.15138854e-05  -109.063926    
66676.0716      88913.9705      5.60404936e-05  -193.946351    
66676.0716      88913.9705      9.96556558e-05  -344.891235    
88913.9705      118568.685      0               6.83819223e-10 
88913.9705      118568.685      1.77215601e-10  -0.000421032203
88913.9705      118568.685      3.15138854e-10  -0.000748714344
88913.9705      118568.685      5.60404936e-10  -0.00133142673 
88913.9705      118568.685      9.96556558e-10  -0.00236765841 
88913.9705      118568.685      1.77215601e-09  -0.00421038764 
88913.9705      118568.685      3.15138854e-09  -0.00748733758 
88913.9705      118568.685      5.60404936e-09  -0.0133148677  
88913.9705      118568.685      9.96556558e-09  -0.0236784682  
88913.9705      118568.685      1.77215601e-08  -0.0421098142  
88913.9705      118568.685      3.15138854e-08  -0.0748921006  
88913.9705      118568.685      5.60404936e-08  -0.13320766    
88913.9705      118568.685      9.96556558e-08  -0.236969985   
88913.9705      118568.685      1.77215601e-07  -0.421677461   
88913.9705      118568.685      3.15138854e-07  -0.750716756   
88913.9705      118568.685      5.60404936e-07  -1.3375627     
88913.9705      118568.685      9.96556558e-07  -2.38606353    
88913.9705      118568.685      1.77215601e-06  -4.26378283    
88913.9705      118568.685      3.15138854e-06  -7.63498814    
88913.9705      118568.685      5.60404936e-06  -13.6986147    
88913.9705      118568.685      9.96556558e-06  -24.6077413    
88913.9705      118568.685      1.77215601e-05  -44.2059931    
88913.9705      118568.685      3.15138854e-05  -79.3295493    
88913.9705      118568.685      5.60404936e-05  -142.124692    
88913.9705      118568.685      9.96556558e-05  -254.17837     
118568.685      158113.883      0               0.000731690008 
118568.685      158113.883      1.77215601e-10  0.000390696701 
118568.685      158113.883      3.15138854e-10  0.000125308632 
118568.685      158113.883      5.60404936e-10  -0.000346625508
118568.685      158113.883      9.96556558e-10  -0.00118585627 
118568.685      158113.883      1.77215601e-09  -0.00267824306 
118568.685      158113.883      3.15138854e-09  -0.00533212375 
118568.685      158113.883      5.60404936e-09  -0.0100514652  
118568.685      158113.883      9.96556558e-09  -0.0184437728  
118568.685      158113.883      1.77215601e-08  -0.0333676407  
118568.685      158113.883      3.15138854e-08  -0.0599064478  
118568.685      158113.883      5.60404936e-08  -0.107099862   
118568.685      158113.883      9.96556558e-08  -0.191022941   
118568.685      158113.883      1.77215601e-07  -0.340261625   
118568.685      158113.883      3.15138854e-07  -0.605649714   
118568.685      158113.883      5.60404936e-07  -1.07758391    
118568.685      158113.883      9.96556558e-07  -1.91681487    
118568.685      158113.883      1.77215601e-06  -3.40920227    
118568.685      158113.883      3.15138854e-06  -6.06308491    
118568.685      158113.883      5.60404936e-06  -10.7824324    
118568.685      158113.883      9.96556558e-06  -19.1747594    
118568.685      158113.883      1.77215601e-05  -34.0986881    
118568.685      158113.883      3.15138854e-05  -60.6376858    
118568.685      158113.883      5.60404936e-05  -107.831695    
118568.685      158113.883      9.96556558e-05  -191.756607    
158113.883      210848.252      0               0.000537665486 
158113.883      210848.252      1.77215601e-10  0.000301015256 
158113.883      210848.252      3.15138854e-10  0.000116835022 
158113.883      210848.252      5.60404936e-10  -0.000210689399
158113.883      210848.252      9.96556558e-10  -0.000793120922
158113.883      210848.252      1.77215601e-09  -0.00182885193 
158113.883      210848.252      3.15138854e-09  -0.00367068694 
158113.883      210848.252      5.60404936e-09  -0.00694603444 
158113.883      210848.252      9.96556558e-09  -0.0127706762  
158113.883      210848.252      1.77215601e-08  -0.0231290181  
158113.883      210848.252      3.15138854e-08  -0.0415506269  
158113.883      210848.252      5.60404936e-08  -0.0743143839  
158113.883      210848.252      9.96556558e-08  -0.132593187   
158113.883      210848.252      1.77215601e-07  -0.236278306   
158113.883      210848.252      3.15138854e-07  -0.420812057   
158113.883      210848.252      5.60404936e-07  -0.749432688   
158113.883      210848.252      9.96556558e-07  -1.33521515    
158113.883      210848.252      1.77215601e-06  -2.38095068    
158113.883      210848.252      3.15138854e-06  -4.2515702     
158113.883      210848.252      5.60404936e-06  -7.60540154    
158113.883      210848.252      9.96556558e-06  -13.6295374    
158113.883      210848.252      1.77215601e-05  -24.4559307    
158113.883      210848.252      3.15138854e-05  -43.8924685    
158113.883      210848.252      5.60404936e-05  -78.7141214    
158113.883      210848.252      9.96556558e-05  -140.95871     
210848.252      281170.663      0               2.74780252e-05 
210848.252      281170.663      1.77215601e-10  -0.000163005167
210848.252      281170.663      3.15138854e-10  -0.000311254314
210848.252      281170.663      5.60404936e-10  -0.000574882718
210848.252      281170.663      9.96556558e-10  -0.00104368768 
210848.252      281170.663      1.77215601e-09  -0.0018773539  
210848.252      281170.663      3.15138854e-09  -0.00335984536 
210848.252      281170.663      5.60404936e-09  -0.00599612941 
210848.252      281170.663      9.96556558e-09  -0.0106841791  
210848.252      281170.663      1.77215601e-08  -0.0190208412  
210848.252      281170.663      3.15138854e-08  -0.0338457558  
210848.252      281170.663      5.60404936e-08  -0.0602085963  
210848.252      281170.663      9.96556558e-08  -0.107089093   
210848.252      281170.663      1.77215601e-07  -0.190455714   
210848.252      281170.663      3.15138854e-07  -0.338704861   
210848.252      281170.663      5.60404936e-07  -0.602333266   
210848.252      281170.663      9.96556558e-07  -1.07113823    
210848.252      281170.663      1.77215601e-06  -1.90480445    
210848.252      281170.663      3.15138854e-06  -3.38729592    
210848.252      281170.663      5.60404936e-06  -6.02357998    
210848.252      281170.663      9.96556558e-06  -10.7116297    
210848.252      281170.663      1.77215601e-05  -19.0482919    
210848.252      281170.663      3.15138854e-05  -33.873207     
210848.252      281170.663      5.60404936e-05  -60.2360488    
210848.252      281170.663      9.96556558e-05  -107.116549    
281170.663      374947.105      0               9.18636368e-05 
281170.663      374947.105      1.77215601e-10  -4.96525336e-05
281170.663      374947.105      3.15138854e-10  -0.000159791655
281170.663      374947.105      5.60404936e-10  -0.000355649787
281170.663      374947.105      9.96556558e-10  -0.000703940271
281170.663      374947.105      1.77215601e-09  -0.00132329807 
281170.663      374947.105      3.15138854e-09  -0.00242468928 
281170.663      374947.105      5.60404936e-09  -0.00438327061 
281170.663      374947.105      9.96556558e-09  -0.00786617544 
281170.663      374947.105      1.77215601e-08  -0.0140597534  
281170.663      374947.105      3.15138854e-08  -0.0250736656  
281170.663      374947.105      5.60404936e-08  -0.0446594788  
281170.663      374947.105      9.96556558e-08  -0.0794885272  
281170.663      374947.105      1.77215601e-07  -0.141424307   
281170.663      374947.105      3.15138854e-07  -0.251563428   
281170.663      374947.105      5.60404936e-07  -0.447421561   
281170.663      374947.105      9.96556558e-07  -0.795712045   
281170.663      374947.105      1.77215601e-06  -1.41506984    
281170.663      374947.105      3.15138854e-06  -2.51646107    
281170.663      374947.105      5.60404936e-06  -4.47504241    
281170.663      374947.105      9.96556558e-06  -7.95794732    
281170.663      374947.105      1.77215601e-05  -14.1515255    
281170.663      374947.105      3.15138854e-05  -25.1654384    
281170.663      374947.105      5.60404936e-05  -44.751254     
281170.663      374947.105      9.96556558e-05  -79.5803098    
374947.105      500000          0               1.66938019e-10 
374947.105      500000          1.77215601e-10  -0.000102785342
374947.105      500000          3.15138854e-10  -0.000182781188
374947.105      500000          5.60404936e-10  -0.000325036152
374947.105      500000          9.96556558e-10  -0.000578005227
374947.105      500000          1.77215601e-09  -0.00102785492 
374947.105      500000          3.15138854e-09  -0.00182781338 
374947.105      500000          5.60404936e-09  -0.00325036303 
374947.105      500000          9.96556558e-09  -0.00578005377 
374947.105      500000          1.77215601e-08  -0.0102785507  
374947.105      500000          3.15138854e-08  -0.0182781353  
374947.105      500000          5.60404936e-08  -0.0325036318  
374947.105      500000          9.96556558e-08  -0.0578005392  
374947.105      500000          1.77215601e-07  -0.102785509   
374947.105      500000          3.15138854e-07  -0.182781354   
374947.105      500000          5.60404936e-07  -0.325036319   
374947.105      500000          9.96556558e-07  -0.578005394   
374947.105      500000          1.77215601e-06  -1.02785509    
374947.105      500000          3.15138854e-06  -1.82781354    
374947.105      500000          5.60404936e-06  -3.25036319    
374947.105      500000          9.96556558e-06  -5.78005394    
374947.105      500000          1.77215601e-05  -10.2785509    
374947.105      500000          3.15138854e-05  -18.2781354    
374947.105      500000          5.60404936e-05  -32.5036319    
374947.105      500000          9.96556558e-05  -57.8005394    
