### /nfs/slac/g/ki/ki20/cta/mdwood/fermi/dsph_pipeline/des_dwarfs/v6/p302_6yr_source_psf0123_point_gs_jsigma0.6/results/like_kim_2.txt
#[0]emin(MeV) [1]emax(MeV) [2]eflux(MeV/cm^2/s) [3]deltaLogLike
500             666.760716      0               -0.123732952   
500             666.760716      1.77215601e-10  -0.122113043   
500             666.760716      3.15138854e-10  -0.120859945   
500             666.760716      5.60404936e-10  -0.118648101   
500             666.760716      9.96556558e-10  -0.114766977   
500             666.760716      1.77215601e-09  -0.108029795   
500             666.760716      3.15138854e-09  -0.0965673811  
500             666.760716      5.60404936e-09  -0.0778107275  
500             666.760716      9.96556558e-09  -0.0495347199  
500             666.760716      1.77215601e-08  -0.0149562483  
500             666.760716      3.15138854e-08  -0.00124815768 
500             666.760716      5.60404936e-08  -0.118465086   
500             666.760716      9.96556558e-08  -0.729700557   
500             666.760716      1.77215601e-07  -2.8974856     
500             666.760716      3.15138854e-07  -9.44286472    
500             666.760716      5.60404936e-07  -27.2321321    
500             666.760716      9.96556558e-07  -71.7760325    
500             666.760716      1.77215601e-06  -176.090567    
500             666.760716      3.15138854e-06  -407.314144    
500             666.760716      5.60404936e-06  -897.230051    
500             666.760716      9.96556558e-06  -1897.5538     
500             666.760716      1.77215601e-05  -3879.33619    
500             666.760716      3.15138854e-05  -7710.76245    
500             666.760716      5.60404936e-05  -14973.7429    
500             666.760716      9.96556558e-05  -28525.9811    
666.760716      889.139705      0               0.000220757618 
666.760716      889.139705      1.77215601e-10  0.000106071544 
666.760716      889.139705      3.15138854e-10  6.92321191e-06 
666.760716      889.139705      5.60404936e-10  -0.000190746072
666.760716      889.139705      9.96556558e-10  -0.00060965147 
666.760716      889.139705      1.77215601e-09  -0.0015669242  
666.760716      889.139705      3.15138854e-09  -0.00393638046 
666.760716      889.139705      5.60404936e-09  -0.0102357799  
666.760716      889.139705      9.96556558e-09  -0.0279036864  
666.760716      889.139705      1.77215601e-08  -0.079075547   
666.760716      889.139705      3.15138854e-08  -0.228986163   
666.760716      889.139705      5.60404936e-08  -0.664736063   
666.760716      889.139705      9.96556558e-08  -1.89912722    
666.760716      889.139705      1.77215601e-07  -5.25360788    
666.760716      889.139705      3.15138854e-07  -13.901365     
666.760716      889.139705      5.60404936e-07  -34.9580337    
666.760716      889.139705      9.96556558e-07  -83.4890825    
666.760716      889.139705      1.77215601e-06  -190.0129      
666.760716      889.139705      3.15138854e-06  -414.318867    
666.760716      889.139705      5.60404936e-06  -870.584516    
666.760716      889.139705      9.96556558e-06  -1772.65279    
666.760716      889.139705      1.77215601e-05  -3515.18395    
666.760716      889.139705      3.15138854e-05  -6818.34654    
666.760716      889.139705      5.60404936e-05  -12984.9247    
666.760716      889.139705      9.96556558e-05  -24356.8482    
889.139705      1185.68685      0               -0.38930514    
889.139705      1185.68685      1.77215601e-10  -0.385053424   
889.139705      1185.68685      3.15138854e-10  -0.381763377   
889.139705      1185.68685      5.60404936e-10  -0.375953657   
889.139705      1185.68685      9.96556558e-10  -0.365751101   
889.139705      1185.68685      1.77215601e-09  -0.348011968   
889.139705      1185.68685      3.15138854e-09  -0.317725907   
889.139705      1185.68685      5.60404936e-09  -0.267752766   
889.139705      1185.68685      9.96556558e-09  -0.190655821   
889.139705      1185.68685      1.77215601e-08  -0.088201867   
889.139705      1185.68685      3.15138854e-08  -0.00357503935 
889.139705      1185.68685      5.60404936e-08  -0.11120339    
889.139705      1185.68685      9.96556558e-08  -0.933853161   
889.139705      1185.68685      1.77215601e-07  -3.81208839    
889.139705      1185.68685      3.15138854e-07  -11.8465046    
889.139705      1185.68685      5.60404936e-07  -31.7084561    
889.139705      1185.68685      9.96556558e-07  -77.0211875    
889.139705      1185.68685      1.77215601e-06  -174.541411    
889.139705      1185.68685      3.15138854e-06  -375.338302    
889.139705      1185.68685      5.60404936e-06  -774.94575     
889.139705      1185.68685      9.96556558e-06  -1549.6009     
889.139705      1185.68685      1.77215601e-05  -3021.1435     
889.139705      1185.68685      3.15138854e-05  -5772.77702    
889.139705      1185.68685      5.60404936e-05  -10855.0135    
889.139705      1185.68685      9.96556558e-05  -20151.6172    
1185.68685      1581.13883      0               -0.534061493   
1185.68685      1581.13883      1.77215601e-10  -0.528030516   
1185.68685      1581.13883      3.15138854e-10  -0.523367006   
1185.68685      1581.13883      5.60404936e-10  -0.515139108   
1185.68685      1581.13883      9.96556558e-10  -0.500712001   
1185.68685      1581.13883      1.77215601e-09  -0.475694396   
1185.68685      1581.13883      3.15138854e-09  -0.433176779   
1185.68685      1581.13883      5.60404936e-09  -0.363555579   
1185.68685      1581.13883      9.96556558e-09  -0.257441881   
1185.68685      1581.13883      1.77215601e-08  -0.118814802   
1185.68685      1581.13883      3.15138854e-08  -0.00542404216 
1185.68685      1581.13883      5.60404936e-08  -0.129881893   
1185.68685      1581.13883      9.96556558e-08  -1.07747848    
1185.68685      1581.13883      1.77215601e-07  -4.23119502    
1185.68685      1581.13883      3.15138854e-07  -12.5669041    
1185.68685      1581.13883      5.60404936e-07  -32.1302244    
1185.68685      1581.13883      9.96556558e-07  -74.7553263    
1185.68685      1581.13883      1.77215601e-06  -162.998015    
1185.68685      1581.13883      3.15138854e-06  -339.027731    
1185.68685      1581.13883      5.60404936e-06  -680.644523    
1185.68685      1581.13883      9.96556558e-06  -1330.0327     
1185.68685      1581.13883      1.77215601e-05  -2545.09206    
1185.68685      1581.13883      3.15138854e-05  -4790.7413     
1185.68685      1581.13883      5.60404936e-05  -8901.17549    
1185.68685      1581.13883      9.96556558e-05  -16368.2787    
1581.13883      2108.48252      0               1.62799552e-08 
1581.13883      2108.48252      1.77215601e-10  -0.0100281246  
1581.13883      2108.48252      3.15138854e-10  -0.017838892   
1581.13883      2108.48252      5.60404936e-10  -0.0317417025  
1581.13883      2108.48252      9.96556558e-10  -0.0565059499  
1581.13883      2108.48252      1.77215601e-09  -0.100672724   
1581.13883      2108.48252      3.15138854e-09  -0.17961526    
1581.13883      2108.48252      5.60404936e-09  -0.321233197   
1581.13883      2108.48252      9.96556558e-09  -0.576799793   
1581.13883      2108.48252      1.77215601e-08  -1.04217878    
1581.13883      2108.48252      3.15138854e-08  -1.90018336    
1581.13883      2108.48252      5.60404936e-08  -3.50547123    
1581.13883      2108.48252      9.96556558e-08  -6.55207705    
1581.13883      2108.48252      1.77215601e-07  -12.3960454    
1581.13883      2108.48252      3.15138854e-07  -23.6638491    
1581.13883      2108.48252      5.60404936e-07  -45.3831551    
1581.13883      2108.48252      9.96556558e-07  -87.065647     
1581.13883      2108.48252      1.77215601e-06  -166.526602    
1581.13883      2108.48252      3.15138854e-06  -316.8538      
1581.13883      2108.48252      5.60404936e-06  -598.984712    
1581.13883      2108.48252      9.96556558e-06  -1124.11808    
1581.13883      2108.48252      1.77215601e-05  -2093.41005    
1581.13883      2108.48252      3.15138854e-05  -3868.36184    
1581.13883      2108.48252      5.60404936e-05  -7095.92505    
1581.13883      2108.48252      9.96556558e-05  -12931.0599    
2108.48252      2811.70663      0               0.000462439915 
2108.48252      2811.70663      1.77215601e-10  -0.000593094603
2108.48252      2811.70663      3.15138854e-10  -0.00143624383 
2108.48252      2811.70663      5.60404936e-10  -0.0029820682  
2108.48252      2811.70663      9.96556558e-10  -0.00587637543 
2108.48252      2811.70663      1.77215601e-09  -0.0114745552  
2108.48252      2811.70663      3.15138854e-09  -0.0228110266  
2108.48252      2811.70663      5.60404936e-09  -0.0470999257  
2108.48252      2811.70663      9.96556558e-09  -0.102169848   
2108.48252      2811.70663      1.77215601e-08  -0.232281694   
2108.48252      2811.70663      3.15138854e-08  -0.543763529   
2108.48252      2811.70663      5.60404936e-08  -1.27692374    
2108.48252      2811.70663      9.96556558e-08  -2.93902244    
2108.48252      2811.70663      1.77215601e-07  -6.5459647     
2108.48252      2811.70663      3.15138854e-07  -14.0766142    
2108.48252      2811.70663      5.60404936e-07  -29.341633     
2108.48252      2811.70663      9.96556558e-07  -59.6224977    
2108.48252      2811.70663      1.77215601e-06  -118.690695    
2108.48252      2811.70663      3.15138854e-06  -232.249372    
2108.48252      2811.70663      5.60404936e-06  -447.595685    
2108.48252      2811.70663      9.96556558e-06  -850.680895    
2108.48252      2811.70663      1.77215601e-05  -1596.29687    
2108.48252      2811.70663      3.15138854e-05  -2961.72963    
2108.48252      2811.70663      5.60404936e-05  -5442.31581    
2108.48252      2811.70663      9.96556558e-05  -9921.51653    
2811.70663      3749.47105      0               0.000120857871 
2811.70663      3749.47105      1.77215601e-10  -0.00658282846 
2811.70663      3749.47105      3.15138854e-10  -0.0118026001  
2811.70663      3749.47105      5.60404936e-10  -0.0210900589  
2811.70663      3749.47105      9.96556558e-10  -0.0376223048  
2811.70663      3749.47105      1.77215601e-09  -0.067073356   
2811.70663      3749.47105      3.15138854e-09  -0.119609004   
2811.70663      3749.47105      5.60404936e-09  -0.213541774   
2811.70663      3749.47105      9.96556558e-09  -0.382153405   
2811.70663      3749.47105      1.77215601e-08  -0.686760036   
2811.70663      3749.47105      3.15138854e-08  -1.24246926    
2811.70663      3749.47105      5.60404936e-08  -2.27010856    
2811.70663      3749.47105      9.96556558e-08  -4.20110014    
2811.70663      3749.47105      1.77215601e-07  -7.88384596    
2811.70663      3749.47105      3.15138854e-07  -14.9730992    
2811.70663      3749.47105      5.60404936e-07  -28.6397694    
2811.70663      3749.47105      9.96556558e-07  -54.8462906    
2811.70663      3749.47105      1.77215601e-06  -104.628743    
2811.70663      3749.47105      3.15138854e-06  -198.165185    
2811.70663      3749.47105      5.60404936e-06  -372.00349     
2811.70663      3749.47105      9.96556558e-06  -691.88787     
2811.70663      3749.47105      1.77215601e-05  -1275.54391    
2811.70663      3749.47105      3.15138854e-05  -2333.21174    
2811.70663      3749.47105      5.60404936e-05  -4239.7812     
2811.70663      3749.47105      9.96556558e-05  -7663.12782    
3749.47105      5000            0               -0.551956888   
3749.47105      5000            1.77215601e-10  -0.538659414   
3749.47105      5000            3.15138854e-10  -0.528533923   
3749.47105      5000            5.60404936e-10  -0.510994438   
3749.47105      5000            9.96556558e-10  -0.481205687   
3749.47105      5000            1.77215601e-09  -0.432293282   
3749.47105      5000            3.15138854e-09  -0.35641931    
3749.47105      5000            5.60404936e-09  -0.249379459   
3749.47105      5000            9.96556558e-09  -0.12143003    
3749.47105      5000            1.77215601e-08  -0.0157987856  
3749.47105      5000            3.15138854e-08  -0.0359207458  
3749.47105      5000            5.60404936e-08  -0.38925635    
3749.47105      5000            9.96556558e-08  -1.4686536     
3749.47105      5000            1.77215601e-07  -4.00655201    
3749.47105      5000            3.15138854e-07  -9.3617273     
3749.47105      5000            5.60404936e-07  -20.0457173    
3749.47105      5000            9.96556558e-07  -40.6752975    
3749.47105      5000            1.77215601e-06  -79.6769236    
3749.47105      5000            3.15138854e-06  -152.325017    
3749.47105      5000            5.60404936e-06  -286.154942    
3749.47105      5000            9.96556558e-06  -530.600603    
3749.47105      5000            1.77215601e-05  -974.127171    
3749.47105      5000            3.15138854e-05  -1774.66378    
3749.47105      5000            5.60404936e-05  -3213.70331    
3749.47105      5000            9.96556558e-05  -5792.55956    
5000            6667.60716      0               -1.72482535    
5000            6667.60716      1.77215601e-10  -1.71165905    
5000            6667.60716      3.15138854e-10  -1.70150672    
5000            6667.60716      5.60404936e-10  -1.68365375    
5000            6667.60716      9.96556558e-10  -1.65252253    
5000            6667.60716      1.77215601e-09  -1.59901526    
5000            6667.60716      3.15138854e-09  -1.50924061    
5000            6667.60716      5.60404936e-09  -1.36435664    
5000            6667.60716      9.96556558e-09  -1.14410544    
5000            6667.60716      1.77215601e-08  -0.837747153   
5000            6667.60716      3.15138854e-08  -0.465888736   
5000            6667.60716      5.60404936e-08  -0.117903764   
5000            6667.60716      9.96556558e-08  -0.0185583477  
5000            6667.60716      1.77215601e-07  -0.653857484   
5000            6667.60716      3.15138854e-07  -3.00232698    
5000            6667.60716      5.60404936e-07  -8.93865354    
5000            6667.60716      9.96556558e-07  -21.9360934    
5000            6667.60716      1.77215601e-06  -48.3257537    
5000            6667.60716      3.15138854e-06  -99.5761873    
5000            6667.60716      5.60404936e-06  -196.3748      
5000            6667.60716      9.96556558e-06  -375.875522    
5000            6667.60716      1.77215601e-05  -704.564424    
5000            6667.60716      3.15138854e-05  -1301.12451    
5000            6667.60716      5.60404936e-05  -2377.07418    
5000            6667.60716      9.96556558e-05  -4308.9917     
6667.60716      8891.39705      0               6.64340405e-09 
6667.60716      8891.39705      1.77215601e-10  -0.00409105501 
6667.60716      8891.39705      3.15138854e-10  -0.00727536981 
6667.60716      8891.39705      5.60404936e-10  -0.0129386751  
6667.60716      8891.39705      9.96556558e-10  -0.0230118373  
6667.60716      8891.39705      1.77215601e-09  -0.04093175    
6667.60716      8891.39705      3.15138854e-09  -0.0728204672  
6667.60716      8891.39705      5.60404936e-09  -0.129596974   
6667.60716      8891.39705      9.96556558e-09  -0.230778641   
6667.60716      8891.39705      1.77215601e-08  -0.411381195   
6667.60716      8891.39705      3.15138854e-08  -0.734599964   
6667.60716      8891.39705      5.60404936e-08  -1.31550591    
6667.60716      8891.39705      9.96556558e-08  -2.36610174    
6667.60716      8891.39705      1.77215601e-07  -4.28189345    
6667.60716      8891.39705      3.15138854e-07  -7.80731749    
6667.60716      8891.39705      5.60404936e-07  -14.3447149    
6667.60716      8891.39705      9.96556558e-07  -26.5145689    
6667.60716      8891.39705      1.77215601e-06  -49.1481154    
6667.60716      8891.39705      3.15138854e-06  -91.0292627    
6667.60716      8891.39705      5.60404936e-06  -167.96482     
6667.60716      8891.39705      9.96556558e-06  -308.244106    
6667.60716      8891.39705      1.77215601e-05  -562.375175    
6667.60716      8891.39705      3.15138854e-05  -1020.41567    
6667.60716      8891.39705      5.60404936e-05  -1842.78055    
6667.60716      8891.39705      9.96556558e-05  -3315.00994    
8891.39705      11856.8685      0               6.22003427e-09 
8891.39705      11856.8685      1.77215601e-10  -0.00382998518 
8891.39705      11856.8685      3.15138854e-10  -0.00681090645 
8891.39705      11856.8685      5.60404936e-10  -0.0121120719  
8891.39705      11856.8685      9.96556558e-10  -0.0215398295  
8891.39705      11856.8685      1.77215601e-09  -0.0383075549  
8891.39705      11856.8685      3.15138854e-09  -0.0681332556  
8891.39705      11856.8685      5.60404936e-09  -0.121196834   
8891.39705      11856.8685      9.96556558e-09  -0.21563741    
8891.39705      11856.8685      1.77215601e-08  -0.38382351    
8891.39705      11856.8685      3.15138854e-08  -0.683653813   
8891.39705      11856.8685      5.60404936e-08  -1.21907559    
8891.39705      11856.8685      9.96556558e-08  -2.17765875    
8891.39705      11856.8685      1.77215601e-07  -3.89982722    
8891.39705      11856.8685      3.15138854e-07  -7.006201      
8891.39705      11856.8685      5.60404936e-07  -12.6290943    
8891.39705      11856.8685      9.96556558e-07  -22.8272587    
8891.39705      11856.8685      1.77215601e-06  -41.3232132    
8891.39705      11856.8685      3.15138854e-06  -74.8117303    
8891.39705      11856.8685      5.60404936e-06  -135.279323    
8891.39705      11856.8685      9.96556558e-06  -244.118878    
8891.39705      11856.8685      1.77215601e-05  -439.446277    
8891.39705      11856.8685      3.15138854e-05  -789.123644    
8891.39705      11856.8685      5.60404936e-05  -1413.93385    
8891.39705      11856.8685      9.96556558e-05  -2528.81637    
11856.8685      15811.3883      0               5.19594323e-09 
11856.8685      15811.3883      1.77215601e-10  -0.0031993379  
11856.8685      15811.3883      3.15138854e-10  -0.00568932736 
11856.8685      15811.3883      5.60404936e-10  -0.0101172386  
11856.8685      15811.3883      9.96556558e-10  -0.0179913472  
11856.8685      15811.3883      1.77215601e-09  -0.0319938549  
11856.8685      15811.3883      3.15138854e-09  -0.056894677   
11856.8685      15811.3883      5.60404936e-09  -0.101176721   
11856.8685      15811.3883      9.96556558e-09  -0.179927065   
11856.8685      15811.3883      1.77215601e-08  -0.31998136    
11856.8685      15811.3883      3.15138854e-08  -0.569081634   
11856.8685      15811.3883      5.60404936e-08  -1.01219128    
11856.8685      15811.3883      9.96556558e-08  -1.80059884    
11856.8685      15811.3883      1.77215601e-07  -3.20394404    
11856.8685      15811.3883      3.15138854e-07  -5.70350582    
11856.8685      15811.3883      5.60404936e-07  -10.1601197    
11856.8685      15811.3883      9.96556558e-07  -18.1174284    
11856.8685      15811.3883      1.77215601e-06  -32.3496127    
11856.8685      15811.3883      3.15138854e-06  -57.8454842    
11856.8685      15811.3883      5.60404936e-06  -103.561247    
11856.8685      15811.3883      9.96556558e-06  -185.52456     
11856.8685      15811.3883      1.77215601e-05  -332.334729    
11856.8685      15811.3883      3.15138854e-05  -594.937567    
11856.8685      15811.3883      5.60404936e-05  -1064.02172    
11856.8685      15811.3883      9.96556558e-05  -1900.97807    
15811.3883      21084.8252      0               4.04565981e-09 
15811.3883      21084.8252      1.77215601e-10  -0.00249083514 
15811.3883      21084.8252      3.15138854e-10  -0.00442940539 
15811.3883      21084.8252      5.60404936e-10  -0.00787672796 
15811.3883      21084.8252      9.96556558e-10  -0.0140070403  
15811.3883      21084.8252      1.77215601e-09  -0.0249084786  
15811.3883      21084.8252      3.15138854e-09  -0.0442943772  
15811.3883      21084.8252      5.60404936e-09  -0.0787682229  
15811.3883      21084.8252      9.96556558e-09  -0.140073305   
15811.3883      21084.8252      1.77215601e-08  -0.249093873   
15811.3883      21084.8252      3.15138854e-08  -0.442972369   
15811.3883      21084.8252      5.60404936e-08  -0.787772238   
15811.3883      21084.8252      9.96556558e-08  -1.40101568    
15811.3883      21084.8252      1.77215601e-07  -2.49182187    
15811.3883      21084.8252      3.15138854e-07  -4.43245905    
15811.3883      21084.8252      5.60404936e-07  -7.88606963    
15811.3883      21084.8252      9.96556558e-07  -14.0350211    
15811.3883      21084.8252      1.77215601e-06  -24.9895866    
15811.3883      21084.8252      3.15138854e-06  -44.5189677    
15811.3883      21084.8252      5.60404936e-06  -79.3557555    
15811.3883      21084.8252      9.96556558e-06  -141.517606    
15811.3883      21084.8252      1.77215601e-05  -252.435334    
15811.3883      21084.8252      3.15138854e-05  -450.292498    
15811.3883      21084.8252      5.60404936e-05  -803.070577    
15811.3883      21084.8252      9.96556558e-05  -1431.734      
21084.8252      28117.0663      0               3.11774784e-09 
21084.8252      28117.0663      1.77215601e-10  -0.0019197177  
21084.8252      28117.0663      3.15138854e-10  -0.00341379693 
21084.8252      28117.0663      5.60404936e-10  -0.00607068733 
21084.8252      28117.0663      9.96556558e-10  -0.0107953811  
21084.8252      28117.0663      1.77215601e-09  -0.0191972075  
21084.8252      28117.0663      3.15138854e-09  -0.0341380048  
21084.8252      28117.0663      5.60404936e-09  -0.060706925   
21084.8252      28117.0663      9.96556558e-09  -0.107953914   
21084.8252      28117.0663      1.77215601e-08  -0.191972339   
21084.8252      28117.0663      3.15138854e-08  -0.341380824   
21084.8252      28117.0663      5.60404936e-08  -0.607071641   
21084.8252      28117.0663      9.96556558e-08  -1.07954663    
21084.8252      28117.0663      1.77215601e-07  -1.91974699    
21084.8252      28117.0663      3.15138854e-07  -3.41388259    
21084.8252      28117.0663      5.60404936e-07  -6.07095031    
21084.8252      28117.0663      9.96556558e-07  -10.7961994    
21084.8252      28117.0663      1.77215601e-06  -19.1997526    
21084.8252      28117.0663      3.15138854e-06  -34.1458538    
21084.8252      28117.0663      5.60404936e-06  -60.7307388    
21084.8252      28117.0663      9.96556558e-06  -108.024285    
21084.8252      28117.0663      1.77215601e-05  -192.172378    
21084.8252      28117.0663      3.15138854e-05  -341.920813    
21084.8252      28117.0663      5.60404936e-05  -608.442306    
21084.8252      28117.0663      9.96556558e-05  -1082.80593    
28117.0663      37494.7105      0               1.05058007e-09 
28117.0663      37494.7105      1.77215601e-10  -0.000646961194
28117.0663      37494.7105      3.15138854e-10  -0.00115073264 
28117.0663      37494.7105      5.60404936e-10  -0.00204712773 
28117.0663      37494.7105      9.96556558e-10  -0.00364290094 
28117.0663      37494.7105      1.77215601e-09  -0.00648609331 
28117.0663      37494.7105      3.15138854e-09  -0.0115592649  
28117.0663      37494.7105      5.60404936e-09  -0.0206346105  
28117.0663      37494.7105      9.96556558e-09  -0.0369405681  
28117.0663      37494.7105      1.77215601e-08  -0.0664516781  
28117.0663      37494.7105      3.15138854e-08  -0.120478861   
28117.0663      37494.7105      5.60404936e-08  -0.221052225   
28117.0663      37494.7105      9.96556558e-08  -0.412262147   
28117.0663      37494.7105      1.77215601e-07  -0.783587645   
28117.0663      37494.7105      3.15138854e-07  -1.51491456    
28117.0663      37494.7105      5.60404936e-07  -2.95690532    
28117.0663      37494.7105      9.96556558e-07  -5.76796528    
28117.0663      37494.7105      1.77215601e-06  -11.148873     
28117.0663      37494.7105      3.15138854e-06  -21.2559556    
28117.0663      37494.7105      5.60404936e-06  -39.9423273    
28117.0663      37494.7105      9.96556558e-06  -74.0905901    
28117.0663      37494.7105      1.77215601e-05  -135.989809    
28117.0663      37494.7105      3.15138854e-05  -247.548715    
28117.0663      37494.7105      5.60404936e-05  -447.767263    
28117.0663      37494.7105      9.96556558e-05  -806.020543    
37494.7105      50000           0               1.7979005e-09  
37494.7105      50000           1.77215601e-10  -0.00110701438 
37494.7105      50000           3.15138854e-10  -0.00196858229 
37494.7105      50000           5.60404936e-10  -0.0035006908  
37494.7105      50000           9.96556558e-10  -0.00622520791 
37494.7105      50000           1.77215601e-09  -0.0110701609  
37494.7105      50000           3.15138854e-09  -0.019685842   
37494.7105      50000           5.60404936e-09  -0.0350069334  
37494.7105      50000           9.96556558e-09  -0.0622521244  
37494.7105      50000           1.77215601e-08  -0.110701717   
37494.7105      50000           3.15138854e-08  -0.196858728   
37494.7105      50000           5.60404936e-08  -0.350070273   
37494.7105      50000           9.96556558e-08  -0.622524177   
37494.7105      50000           1.77215601e-07  -1.1070264     
37494.7105      50000           3.15138854e-07  -1.96861635    
37494.7105      50000           5.60404936e-07  -3.50079421    
37494.7105      50000           9.96556558e-07  -6.22552877    
37494.7105      50000           1.77215601e-06  -11.0711592    
37494.7105      50000           3.15138854e-06  -19.6889277    
37494.7105      50000           5.60404936e-06  -35.0163328    
37494.7105      50000           9.96556558e-06  -62.2800627    
37494.7105      50000           1.77215601e-05  -110.781714    
37494.7105      50000           3.15138854e-05  -197.07626     
37494.7105      50000           5.60404936e-05  -350.62546     
37494.7105      50000           9.96556558e-05  -623.847831    
50000           66676.0716      0               1.35537448e-09 
50000           66676.0716      1.77215601e-10  -0.000834478965
50000           66676.0716      3.15138854e-10  -0.00148393782 
50000           66676.0716      5.60404936e-10  -0.00263885712 
50000           66676.0716      9.96556558e-10  -0.00469262634 
50000           66676.0716      1.77215601e-09  -0.00834480185 
50000           66676.0716      3.15138854e-09  -0.0148393904  
50000           66676.0716      5.60404936e-09  -0.0263885834  
50000           66676.0716      9.96556558e-09  -0.0469262756  
50000           66676.0716      1.77215601e-08  -0.0834480309  
50000           66676.0716      3.15138854e-08  -0.148393916   
50000           66676.0716      5.60404936e-08  -0.263885848   
50000           66676.0716      9.96556558e-08  -0.469262774   
50000           66676.0716      1.77215601e-07  -0.834480339   
50000           66676.0716      3.15138854e-07  -1.48393924    
50000           66676.0716      5.60404936e-07  -2.63885868    
50000           66676.0716      9.96556558e-07  -4.69262834    
50000           66676.0716      1.77215601e-06  -8.34480526    
50000           66676.0716      3.15138854e-06  -14.8393982    
50000           66676.0716      5.60404936e-06  -26.3886053    
50000           66676.0716      9.96556558e-06  -46.9263417    
50000           66676.0716      1.77215601e-05  -83.4482364    
50000           66676.0716      3.15138854e-05  -148.39456     
50000           66676.0716      5.60404936e-05  -263.887864    
50000           66676.0716      9.96556558e-05  -469.269047    
66676.0716      88913.9705      0               -1.0369181     
66676.0716      88913.9705      1.77215601e-10  -1.03354403    
66676.0716      88913.9705      3.15138854e-10  -1.03092897    
66676.0716      88913.9705      5.60404936e-10  -1.02630209    
66676.0716      88913.9705      9.96556558e-10  -1.01814736    
66676.0716      88913.9705      1.77215601e-09  -1.00387242    
66676.0716      88913.9705      3.15138854e-09  -0.979177406   
66676.0716      88913.9705      5.60404936e-09  -0.937307784   
66676.0716      88913.9705      9.96556558e-09  -0.868649293   
66676.0716      88913.9705      1.77215601e-08  -0.76187965    
66676.0716      88913.9705      3.15138854e-08  -0.608608987   
66676.0716      88913.9705      5.60404936e-08  -0.412552436   
66676.0716      88913.9705      9.96556558e-08  -0.201016888   
66676.0716      88913.9705      1.77215601e-07  -0.0353091421  
66676.0716      88913.9705      3.15138854e-07  -0.0227280739  
66676.0716      88913.9705      5.60404936e-07  -0.340984354   
66676.0716      88913.9705      9.96556558e-07  -1.28974578    
66676.0716      88913.9705      1.77215601e-06  -3.38861092    
66676.0716      88913.9705      3.15138854e-06  -7.55443544    
66676.0716      88913.9705      5.60404936e-06  -15.4185278    
66676.0716      88913.9705      9.96556558e-06  -29.8922578    
66676.0716      88913.9705      1.77215601e-05  -56.1717636    
66676.0716      88913.9705      3.15138854e-05  -103.51806     
66676.0716      88913.9705      5.60404936e-05  -188.415029    
66676.0716      88913.9705      9.96556558e-05  -340.187102    
88913.9705      118568.685      0               1.5870778e-05  
88913.9705      118568.685      1.77215601e-10  -0.000424192137
88913.9705      118568.685      3.15138854e-10  -0.00076668417 
88913.9705      118568.685      5.60404936e-10  -0.00137573098 
88913.9705      118568.685      9.96556558e-10  -0.00245878725 
88913.9705      118568.685      1.77215601e-09  -0.00438476668 
88913.9705      118568.685      3.15138854e-09  -0.007809705   
88913.9705      118568.685      5.60404936e-09  -0.0139002299  
88913.9705      118568.685      9.96556558e-09  -0.0247309724  
88913.9705      118568.685      1.77215601e-08  -0.043991335   
88913.9705      118568.685      3.15138854e-08  -0.0782425141  
88913.9705      118568.685      5.60404936e-08  -0.139153437   
88913.9705      118568.685      9.96556558e-08  -0.247478771   
88913.9705      118568.685      1.77215601e-07  -0.440138853   
88913.9705      118568.685      3.15138854e-07  -0.782828177   
88913.9705      118568.685      5.60404936e-07  -1.3924933     
88913.9705      118568.685      9.96556558e-07  -2.47747435    
88913.9705      118568.685      1.77215601e-06  -4.40937679    
88913.9705      118568.685      3.15138854e-06  -7.85219577    
88913.9705      118568.685      5.60404936e-06  -13.9950837    
88913.9705      118568.685      9.96556558e-06  -24.9724208    
88913.9705      118568.685      1.77215601e-05  -44.619069     
88913.9705      118568.685      3.15138854e-05  -79.817052     
88913.9705      118568.685      5.60404936e-05  -142.87876     
88913.9705      118568.685      9.96556558e-05  -255.757743    
118568.685      158113.883      0               5.62238256e-10 
118568.685      158113.883      1.77215601e-10  -0.000346184682
118568.685      158113.883      3.15138854e-10  -0.00061561353 
118568.685      158113.883      5.60404936e-10  -0.0010947333  
118568.685      158113.883      9.96556558e-10  -0.00194674213 
118568.685      158113.883      1.77215601e-09  -0.00346185189 
118568.685      158113.883      3.15138854e-09  -0.00615614037 
118568.685      158113.883      5.60404936e-09  -0.0109473381  
118568.685      158113.883      9.96556558e-09  -0.0194674265  
118568.685      158113.883      1.77215601e-08  -0.0346185244  
118568.685      158113.883      3.15138854e-08  -0.0615614103  
118568.685      158113.883      5.60404936e-08  -0.109473391   
118568.685      158113.883      9.96556558e-08  -0.194674286   
118568.685      158113.883      1.77215601e-07  -0.346185298   
118568.685      158113.883      3.15138854e-07  -0.615614262   
118568.685      158113.883      5.60404936e-07  -1.0947344     
118568.685      158113.883      9.96556558e-07  -1.9467444     
118568.685      158113.883      1.77215601e-06  -3.46185784    
118568.685      158113.883      3.15138854e-06  -6.15615798    
118568.685      158113.883      5.60404936e-06  -10.9473925    
118568.685      158113.883      9.96556558e-06  -19.4675963    
118568.685      158113.883      1.77215601e-05  -34.6190559    
118568.685      158113.883      3.15138854e-05  -61.5630666    
118568.685      158113.883      5.60404936e-05  -109.478503    
118568.685      158113.883      9.96556558e-05  -194.689803    
158113.883      210848.252      0               4.1691095e-10  
158113.883      210848.252      1.77215601e-10  -0.000256692032
158113.883      210848.252      3.15138854e-10  -0.000456470484
158113.883      210848.252      5.60404936e-10  -0.000811732401
158113.883      210848.252      9.96556558e-10  -0.00144348738 
158113.883      210848.252      1.77215601e-09  -0.00256692435 
158113.883      210848.252      3.15138854e-09  -0.00456470949 
158113.883      210848.252      5.60404936e-09  -0.00811733059 
158113.883      210848.252      9.96556558e-09  -0.0144348865  
158113.883      210848.252      1.77215601e-08  -0.0256692756  
158113.883      210848.252      3.15138854e-08  -0.0456471882  
158113.883      210848.252      5.60404936e-08  -0.0811735929  
158113.883      210848.252      9.96556558e-08  -0.144349764   
158113.883      210848.252      1.77215601e-07  -0.256695589   
158113.883      210848.252      3.15138854e-07  -0.456480818   
158113.883      210848.252      5.60404936e-07  -0.811764109   
158113.883      210848.252      9.96556558e-07  -1.44358635    
158113.883      210848.252      1.77215601e-06  -2.56723418    
158113.883      210848.252      3.15138854e-06  -4.56567603    
158113.883      210848.252      5.60404936e-06  -8.12031964    
158113.883      210848.252      9.96556558e-06  -14.4439878    
158113.883      210848.252      1.77215601e-05  -25.6962961    
158113.883      210848.252      3.15138854e-05  -45.7243896    
158113.883      210848.252      5.60404936e-05  -81.3827356    
158113.883      210848.252      9.96556558e-05  -144.88022     
210848.252      281170.663      0               3.14594573e-10 
210848.252      281170.663      1.77215601e-10  -0.000193699812
210848.252      281170.663      3.15138854e-10  -0.000344452632
210848.252      281170.663      5.60404936e-10  -0.000612533268
210848.252      281170.663      9.96556558e-10  -0.00108925554 
210848.252      281170.663      1.77215601e-09  -0.00193700095 
210848.252      281170.663      3.15138854e-09  -0.00344452915 
210848.252      281170.663      5.60404936e-09  -0.00612533551 
210848.252      281170.663      9.96556558e-09  -0.0108925583  
210848.252      281170.663      1.77215601e-08  -0.0193700123  
210848.252      281170.663      3.15138854e-08  -0.0344452943  
210848.252      281170.663      5.60404936e-08  -0.061253358   
210848.252      281170.663      9.96556558e-08  -0.108925585   
210848.252      281170.663      1.77215601e-07  -0.193700126   
210848.252      281170.663      3.15138854e-07  -0.344452946   
210848.252      281170.663      5.60404936e-07  -0.612533582   
210848.252      281170.663      9.96556558e-07  -1.08925586    
210848.252      281170.663      1.77215601e-06  -1.93700126    
210848.252      281170.663      3.15138854e-06  -3.44452947    
210848.252      281170.663      5.60404936e-06  -6.12533583    
210848.252      281170.663      9.96556558e-06  -10.8925586    
210848.252      281170.663      1.77215601e-05  -19.3700126    
210848.252      281170.663      3.15138854e-05  -34.4452947    
210848.252      281170.663      5.60404936e-05  -61.2533583    
210848.252      281170.663      9.96556558e-05  -108.925586    
281170.663      374947.105      0               0.000528046961 
281170.663      374947.105      1.77215601e-10  0.000384142598 
281170.663      374947.105      3.15138854e-10  0.000272144795 
281170.663      374947.105      5.60404936e-10  7.29814083e-05 
281170.663      374947.105      9.96556558e-10  -0.000281186742
281170.663      374947.105      1.77215601e-09  -0.00091099667 
281170.663      374947.105      3.15138854e-09  -0.0020309747  
281170.663      374947.105      5.60404936e-09  -0.00402260857 
281170.663      374947.105      9.96556558e-09  -0.00756429008 
281170.663      374947.105      1.77215601e-08  -0.0138623894  
281170.663      374947.105      3.15138854e-08  -0.0250621698  
281170.663      374947.105      5.60404936e-08  -0.0449785087  
281170.663      374947.105      9.96556558e-08  -0.0803953247  
281170.663      374947.105      1.77215601e-07  -0.14337632    
281170.663      374947.105      3.15138854e-07  -0.255374133   
281170.663      374947.105      5.60404936e-07  -0.454537549   
281170.663      374947.105      9.96556558e-07  -0.808705793   
281170.663      374947.105      1.77215601e-06  -1.43851602    
281170.663      374947.105      3.15138854e-06  -2.55849499    
281170.663      374947.105      5.60404936e-06  -4.55013183    
281170.663      374947.105      9.96556558e-06  -8.0918227     
281170.663      374947.105      1.77215601e-05  -14.3899515    
281170.663      374947.105      3.15138854e-05  -25.5898247    
281170.663      374947.105      5.60404936e-05  -45.5064543    
281170.663      374947.105      9.96556558e-05  -80.9241728    
374947.105      500000          0               1.8824115e-06  
374947.105      500000          1.77215601e-10  -0.0001025034  
374947.105      500000          3.15138854e-10  -0.000183744728
374947.105      500000          5.60404936e-10  -0.000328214508
374947.105      500000          9.96556558e-10  -0.000585122145
374947.105      500000          1.77215601e-09  -0.00104197571 
374947.105      500000          3.15138854e-09  -0.00185438899 
374947.105      500000          5.60404936e-09  -0.00329908681 
374947.105      500000          9.96556558e-09  -0.00586816323 
374947.105      500000          1.77215601e-08  -0.010436699   
374947.105      500000          3.15138854e-08  -0.0185608324  
374947.105      500000          5.60404936e-08  -0.0330078124  
374947.105      500000          9.96556558e-08  -0.0586985822  
374947.105      500000          1.77215601e-07  -0.104383958   
374947.105      500000          3.15138854e-07  -0.185625347   
374947.105      500000          5.60404936e-07  -0.330095323   
374947.105      500000          9.96556558e-07  -0.587003578   
374947.105      500000          1.77215601e-06  -1.04385909    
374947.105      500000          3.15138854e-06  -1.85627854    
374947.105      500000          5.60404936e-06  -3.30099581    
374947.105      500000          9.96556558e-06  -5.87013346    
374947.105      500000          1.77215601e-05  -10.4388613    
374947.105      500000          3.15138854e-05  -18.5635937    
374947.105      500000          5.60404936e-05  -33.0124223    
374947.105      500000          9.96556558e-05  -58.7087985    
