### /nfs/slac/g/ki/ki20/cta/mdwood/fermi/dsph_pipeline/des_dwarfs/v6/p302_6yr_source_psf0123_point_gs_jsigma0.6/results/like_eridanus_II.txt
#[0]emin(MeV) [1]emax(MeV) [2]eflux(MeV/cm^2/s) [3]deltaLogLike
500             666.760716      0               0.000609725852 
500             666.760716      1.77215601e-10  0.000345425204 
500             666.760716      3.15138854e-10  0.000126287159 
500             666.760716      5.60404936e-10  -0.000292396071
500             666.760716      9.96556558e-10  -0.00112833211 
500             666.760716      1.77215601e-09  -0.00290228571 
500             666.760716      3.15138854e-09  -0.00695690123 
500             666.760716      5.60404936e-09  -0.0169647343  
500             666.760716      9.96556558e-09  -0.043348693   
500             666.760716      1.77215601e-08  -0.11608359    
500             666.760716      3.15138854e-08  -0.320550134   
500             666.760716      5.60404936e-08  -0.892596591   
500             666.760716      9.96556558e-08  -2.45331128    
500             666.760716      1.77215601e-07  -6.54748838    
500             666.760716      3.15138854e-07  -16.8030467    
500             666.760716      5.60404936e-07  -41.3046936    
500             666.760716      9.96556558e-07  -97.2475856    
500             666.760716      1.77215601e-06  -219.7433      
500             666.760716      3.15138854e-06  -478.081356    
500             666.760716      5.60404936e-06  -1005.32583    
500             666.760716      9.96556558e-06  -2051.70818    
500             666.760716      1.77215601e-05  -4080.24027    
500             666.760716      3.15138854e-05  -7936.8536     
500             666.760716      5.60404936e-05  -15152.0911    
500             666.760716      9.96556558e-05  -28475.6917    
666.760716      889.139705      0               -0.0285656863  
666.760716      889.139705      1.77215601e-10  -0.0273053947  
666.760716      889.139705      3.15138854e-10  -0.0263452426  
666.760716      889.139705      5.60404936e-10  -0.0246824224  
666.760716      889.139705      9.96556558e-10  -0.0218656914  
666.760716      889.139705      1.77215601e-09  -0.0172957498  
666.760716      889.139705      3.15138854e-09  -0.010533061   
666.760716      889.139705      5.60404936e-09  -0.00269067679 
666.760716      889.139705      9.96556558e-09  -0.00130728255 
666.760716      889.139705      1.77215601e-08  -0.0353363823  
666.760716      889.139705      3.15138854e-08  -0.196851514   
666.760716      889.139705      5.60404936e-08  -0.746722645   
666.760716      889.139705      9.96556558e-08  -2.36097261    
666.760716      889.139705      1.77215601e-07  -6.66881043    
666.760716      889.139705      3.15138854e-07  -17.3674653    
666.760716      889.139705      5.60404936e-07  -42.4172914    
666.760716      889.139705      9.96556558e-07  -98.166758     
666.760716      889.139705      1.77215601e-06  -216.862419    
666.760716      889.139705      3.15138854e-06  -460.144723    
666.760716      889.139705      5.60404936e-06  -943.249824    
666.760716      889.139705      9.96556558e-06  -1878.34506    
666.760716      889.139705      1.77215601e-05  -3651.87324    
666.760716      889.139705      3.15138854e-05  -6962.23773    
666.760716      889.139705      5.60404936e-05  -13064.6091    
666.760716      889.139705      9.96556558e-05  -24205.9452    
889.139705      1185.68685      0               0.00117330962  
889.139705      1185.68685      1.77215601e-10  -0.00138855913 
889.139705      1185.68685      3.15138854e-10  -0.00340826598 
889.139705      1185.68685      5.60404936e-10  -0.00705534087 
889.139705      1185.68685      9.96556558e-10  -0.013714289   
889.139705      1185.68685      1.77215601e-09  -0.026093368   
889.139705      1185.68685      3.15138854e-09  -0.0497493024  
889.139705      1185.68685      5.60404936e-09  -0.0967155613  
889.139705      1185.68685      9.96556558e-09  -0.194314451   
889.139705      1185.68685      1.77215601e-08  -0.406236368   
889.139705      1185.68685      3.15138854e-08  -0.880886312   
889.139705      1185.68685      5.60404936e-08  -1.95747656    
889.139705      1185.68685      9.96556558e-08  -4.39274636    
889.139705      1185.68685      1.77215601e-07  -9.83463341    
889.139705      1185.68685      3.15138854e-07  -21.7713851    
889.139705      1185.68685      5.60404936e-07  -47.3392105    
889.139705      1185.68685      9.96556558e-07  -100.643211    
889.139705      1185.68685      1.77215601e-06  -208.768519    
889.139705      1185.68685      3.15138854e-06  -422.62537     
889.139705      1185.68685      5.60404936e-06  -836.442593    
889.139705      1185.68685      9.96556558e-06  -1622.58369    
889.139705      1185.68685      1.77215601e-05  -3093.48853    
889.139705      1185.68685      3.15138854e-05  -5811.86439    
889.139705      1185.68685      5.60404936e-05  -10786.7829    
889.139705      1185.68685      9.96556558e-05  -19822.3811    
1185.68685      1581.13883      0               -0.753742895   
1185.68685      1581.13883      1.77215601e-10  -0.741747867   
1185.68685      1581.13883      3.15138854e-10  -0.732517143   
1185.68685      1581.13883      5.60404936e-10  -0.716325556   
1185.68685      1581.13883      9.96556558e-10  -0.688223478   
1185.68685      1581.13883      1.77215601e-09  -0.640356468   
1185.68685      1581.13883      3.15138854e-09  -0.561488609   
1185.68685      1581.13883      5.60404936e-09  -0.439032231   
1185.68685      1581.13883      9.96556558e-09  -0.268757807   
1185.68685      1581.13883      1.77215601e-08  -0.0820431099  
1185.68685      1581.13883      3.15138854e-08  -0.00536263924 
1185.68685      1581.13883      5.60404936e-08  -0.373618075   
1185.68685      1581.13883      9.96556558e-08  -1.93954682    
1185.68685      1581.13883      1.77215601e-07  -6.26937397    
1185.68685      1581.13883      3.15138854e-07  -16.5011953    
1185.68685      1581.13883      5.60404936e-07  -38.7866809    
1185.68685      1581.13883      9.96556558e-07  -84.9666038    
1185.68685      1581.13883      1.77215601e-06  -177.421959    
1185.68685      1581.13883      3.15138854e-06  -357.75896     
1185.68685      1581.13883      5.60404936e-06  -702.280006    
1185.68685      1581.13883      9.96556558e-06  -1349.48519    
1185.68685      1581.13883      1.77215601e-05  -2548.94042    
1185.68685      1581.13883      3.15138854e-05  -4748.17497    
1185.68685      1581.13883      5.60404936e-05  -8747.28724    
1185.68685      1581.13883      9.96556558e-05  -15973.968     
1581.13883      2108.48252      0               0.000152985666 
1581.13883      2108.48252      1.77215601e-10  -0.00551699011 
1581.13883      2108.48252      3.15138854e-10  -0.00994980822 
1581.13883      2108.48252      5.60404936e-10  -0.0178755475  
1581.13883      2108.48252      9.96556558e-10  -0.0321042729  
1581.13883      2108.48252      1.77215601e-09  -0.0578254075  
1581.13883      2108.48252      3.15138854e-09  -0.104850482   
1581.13883      2108.48252      5.60404936e-09  -0.192343251   
1581.13883      2108.48252      9.96556558e-09  -0.35918775    
1581.13883      2108.48252      1.77215601e-08  -0.686997821   
1581.13883      2108.48252      3.15138854e-08  -1.34991549    
1581.13883      2108.48252      5.60404936e-08  -2.71634522    
1581.13883      2108.48252      9.96556558e-08  -5.54299523    
1581.13883      2108.48252      1.77215601e-07  -11.3259489    
1581.13883      2108.48252      3.15138854e-07  -22.9240463    
1581.13883      2108.48252      5.60404936e-07  -45.679679     
1581.13883      2108.48252      9.96556558e-07  -89.465992     
1581.13883      2108.48252      1.77215601e-06  -172.41531     
1581.13883      2108.48252      3.15138854e-06  -327.614837    
1581.13883      2108.48252      5.60404936e-06  -615.023318    
1581.13883      2108.48252      9.96556558e-06  -1142.66522    
1581.13883      2108.48252      1.77215601e-05  -2104.37299    
1581.13883      2108.48252      3.15138854e-05  -3846.97121    
1581.13883      2108.48252      5.60404936e-05  -6989.7649     
1581.13883      2108.48252      9.96556558e-05  -12636.9969    
2108.48252      2811.70663      0               2.27864803e-08 
2108.48252      2811.70663      1.77215601e-10  -0.0140297677  
2108.48252      2811.70663      3.15138854e-10  -0.0249492188  
2108.48252      2811.70663      5.60404936e-10  -0.044367819   
2108.48252      2811.70663      9.96556558e-10  -0.0789019337  
2108.48252      2811.70663      1.77215601e-09  -0.140320873   
2108.48252      2811.70663      3.15138854e-09  -0.249564984   
2108.48252      2811.70663      5.60404936e-09  -0.443907318   
2108.48252      2811.70663      9.96556558e-09  -0.78973995    
2108.48252      2811.70663      1.77215601e-08  -1.40546766    
2108.48252      2811.70663      3.15138854e-08  -2.50268696    
2108.48252      2811.70663      5.60404936e-08  -4.46076131    
2108.48252      2811.70663      9.96556558e-08  -7.96307471    
2108.48252      2811.70663      1.77215601e-07  -14.2481895    
2108.48252      2811.70663      3.15138854e-07  -25.5750246    
2108.48252      2811.70663      5.60404936e-07  -46.0818823    
2108.48252      2811.70663      9.96556558e-07  -83.3579526    
2108.48252      2811.70663      1.77215601e-06  -151.289914    
2108.48252      2811.70663      3.15138854e-06  -275.183581    
2108.48252      2811.70663      5.60404936e-06  -500.928579    
2108.48252      2811.70663      9.96556558e-06  -911.301003    
2108.48252      2811.70663      1.77215601e-05  -1654.85876    
2108.48252      2811.70663      3.15138854e-05  -2997.19063    
2108.48252      2811.70663      5.60404936e-05  -5412.0094     
2108.48252      2811.70663      9.96556558e-05  -9743.20716    
2811.70663      3749.47105      0               0.000241148732 
2811.70663      3749.47105      1.77215601e-10  -0.00511569975 
2811.70663      3749.47105      3.15138854e-10  -0.00929575878 
2811.70663      3749.47105      5.60404936e-10  -0.0167525779  
2811.70663      3749.47105      9.96556558e-10  -0.0300865955  
2811.70663      3749.47105      1.77215601e-09  -0.0540278554  
2811.70663      3749.47105      3.15138854e-09  -0.0973096213  
2811.70663      3749.47105      5.60404936e-09  -0.176414853   
2811.70663      3749.47105      9.96556558e-09  -0.323342904   
2811.70663      3749.47105      1.77215601e-08  -0.602009638   
2811.70663      3749.47105      3.15138854e-08  -1.14226756    
2811.70663      3749.47105      5.60404936e-08  -2.20638186    
2811.70663      3749.47105      9.96556558e-08  -4.30902444    
2811.70663      3749.47105      1.77215601e-07  -8.42365045    
2811.70663      3749.47105      3.15138854e-07  -16.3424816    
2811.70663      3749.47105      5.60404936e-07  -31.3277893    
2811.70663      3749.47105      9.96556558e-07  -59.3039932    
2811.70663      3749.47105      1.77215601e-06  -111.02397     
2811.70663      3749.47105      3.15138854e-06  -205.964489    
2811.70663      3749.47105      5.60404936e-06  -379.263806    
2811.70663      3749.47105      9.96556558e-06  -694.007004    
2811.70663      3749.47105      1.77215601e-05  -1262.98138    
2811.70663      3749.47105      3.15138854e-05  -2287.31146    
2811.70663      3749.47105      5.60404936e-05  -4125.19697    
2811.70663      3749.47105      9.96556558e-05  -7414.22518    
3749.47105      5000            0               -0.133580496   
3749.47105      5000            1.77215601e-10  -0.129609578   
3749.47105      5000            3.15138854e-10  -0.126573578   
3749.47105      5000            5.60404936e-10  -0.121290778   
3749.47105      5000            9.96556558e-10  -0.112255606   
3749.47105      5000            1.77215601e-09  -0.0972820703  
3749.47105      5000            3.15138854e-09  -0.0738954618  
3749.47105      5000            5.60404936e-09  -0.0414959536  
3749.47105      5000            9.96556558e-09  -0.00822988251 
3749.47105      5000            1.77215601e-08  -0.00772577941 
3749.47105      5000            3.15138854e-08  -0.132051275   
3749.47105      5000            5.60404936e-08  -0.586989688   
3749.47105      5000            9.96556558e-08  -1.78022453    
3749.47105      5000            1.77215601e-07  -4.47198885    
3749.47105      5000            3.15138854e-07  -10.0518971    
3749.47105      5000            5.60404936e-07  -21.0489962    
3749.47105      5000            9.96556558e-07  -42.0464763    
3749.47105      5000            1.77215601e-06  -81.3028894    
3749.47105      5000            3.15138854e-06  -153.635161    
3749.47105      5000            5.60404936e-06  -285.561525    
3749.47105      5000            9.96556558e-06  -524.469217    
3749.47105      5000            1.77215601e-05  -954.927404    
3749.47105      5000            3.15138854e-05  -1727.68026    
3749.47105      5000            5.60404936e-05  -3111.16345    
3749.47105      5000            9.96556558e-05  -5583.08065    
5000            6667.60716      0               7.96467248e-09 
5000            6667.60716      1.77215601e-10  -0.00490662311 
5000            6667.60716      3.15138854e-10  -0.00872914148 
5000            6667.60716      5.60404936e-10  -0.015534799   
5000            6667.60716      9.96556558e-10  -0.0276627551  
5000            6667.60716      1.77215601e-09  -0.0493095799  
5000            6667.60716      3.15138854e-09  -0.0880509145  
5000            6667.60716      5.60404936e-09  -0.157696016   
5000            6667.60716      9.96556558e-09  -0.283769721   
5000            6667.60716      1.77215601e-08  -0.514251823   
5000            6667.60716      3.15138854e-08  -0.940657148   
5000            6667.60716      5.60404936e-08  -1.73821178    
5000            6667.60716      9.96556558e-08  -3.23822817    
5000            6667.60716      1.77215601e-07  -6.05224692    
5000            6667.60716      3.15138854e-07  -11.2843986    
5000            6667.60716      5.60404936e-07  -20.9061761    
5000            6667.60716      9.96556558e-07  -38.4300664    
5000            6667.60716      1.77215601e-06  -70.1171531    
5000            6667.60716      3.15138854e-06  -127.131303    
5000            6667.60716      5.60404936e-06  -229.382204    
5000            6667.60716      9.96556558e-06  -412.384939    
5000            6667.60716      1.77215601e-05  -739.48185     
5000            6667.60716      3.15138854e-05  -1323.57606    
5000            6667.60716      5.60404936e-05  -2365.76779    
5000            6667.60716      9.96556558e-05  -4224.07026    
6667.60716      8891.39705      0               -0.280476445   
6667.60716      8891.39705      1.77215601e-10  -0.276097475   
6667.60716      8891.39705      3.15138854e-10  -0.272724785   
6667.60716      8891.39705      5.60404936e-10  -0.266802792   
6667.60716      8891.39705      9.96556558e-10  -0.256506852   
6667.60716      8891.39705      1.77215601e-09  -0.238919191   
6667.60716      8891.39705      3.15138854e-09  -0.209810007   
6667.60716      8891.39705      5.60404936e-09  -0.164321567   
6667.60716      8891.39705      9.96556558e-09  -0.100596356   
6667.60716      8891.39705      1.77215601e-08  -0.0304066285  
6667.60716      8891.39705      3.15138854e-08  -0.00222072427 
6667.60716      8891.39705      5.60404936e-08  -0.140584026   
6667.60716      8891.39705      9.96556558e-08  -0.703690594   
6667.60716      8891.39705      1.77215601e-07  -2.16891375    
6667.60716      8891.39705      3.15138854e-07  -5.37934223    
6667.60716      8891.39705      5.60404936e-07  -11.8165081    
6667.60716      8891.39705      9.96556558e-07  -24.1066006    
6667.60716      8891.39705      1.77215601e-06  -46.940604     
6667.60716      8891.39705      3.15138854e-06  -88.7250301    
6667.60716      8891.39705      5.60404936e-06  -164.525176    
6667.60716      8891.39705      9.96556558e-06  -301.296781    
6667.60716      8891.39705      1.77215601e-05  -547.172829    
6667.60716      8891.39705      3.15138854e-05  -987.954405    
6667.60716      8891.39705      5.60404936e-05  -1776.42246    
6667.60716      8891.39705      9.96556558e-05  -3184.4631     
8891.39705      11856.8685      0               5.68707037e-09 
8891.39705      11856.8685      1.77215601e-10  -0.00350187661 
8891.39705      11856.8685      3.15138854e-10  -0.0062277276  
8891.39705      11856.8685      5.60404936e-10  -0.0110759333  
8891.39705      11856.8685      9.96556558e-10  -0.019700177   
8891.39705      11856.8685      1.77215601e-09  -0.0350452446  
8891.39705      11856.8685      3.15138854e-09  -0.0623605361  
8891.39705      11856.8685      5.60404936e-09  -0.111020506   
8891.39705      11856.8685      9.96556558e-09  -0.197816514   
8891.39705      11856.8685      1.77215601e-08  -0.352968981   
8891.39705      11856.8685      3.15138854e-08  -0.631248261   
8891.39705      11856.8685      5.60404936e-08  -1.13278775    
8891.39705      11856.8685      9.96556558e-08  -2.04212519    
8891.39705      11856.8685      1.77215601e-07  -3.70024082    
8891.39705      11856.8685      3.15138854e-07  -6.73314672    
8891.39705      11856.8685      5.60404936e-07  -12.2751489    
8891.39705      11856.8685      9.96556558e-07  -22.3567207    
8891.39705      11856.8685      1.77215601e-06  -40.5914052    
8891.39705      11856.8685      3.15138854e-06  -73.4065822    
8891.39705      11856.8685      5.60404936e-06  -132.247657    
8891.39705      11856.8685      9.96556558e-06  -237.50864     
8891.39705      11856.8685      1.77215601e-05  -425.519243    
8891.39705      11856.8685      3.15138854e-05  -760.955834    
8891.39705      11856.8685      5.60404936e-05  -1358.90345    
8891.39705      11856.8685      9.96556558e-05  -2424.09794    
11856.8685      15811.3883      0               4.92593699e-09 
11856.8685      15811.3883      1.77215601e-10  -0.00303302048 
11856.8685      15811.3883      3.15138854e-10  -0.00539359364 
11856.8685      15811.3883      5.60404936e-10  -0.00959142133 
11856.8685      15811.3883      9.96556558e-10  -0.01705655    
11856.8685      15811.3883      1.77215601e-09  -0.0303323236  
11856.8685      15811.3883      3.15138854e-09  -0.0539425329  
11856.8685      15811.3883      5.60404936e-09  -0.0959349323  
11856.8685      15811.3883      9.96556558e-09  -0.170630672   
11856.8685      15811.3883      1.77215601e-08  -0.303527837   
11856.8685      15811.3883      3.15138854e-08  -0.540064537   
11856.8685      15811.3883      5.60404936e-08  -0.961328713   
11856.8685      15811.3883      9.96556558e-08  -1.71234394    
11856.8685      15811.3883      1.77215601e-07  -3.05323857    
11856.8685      15811.3883      3.15138854e-07  -5.45203465    
11856.8685      15811.3883      5.60404936e-07  -9.75224505    
11856.8685      15811.3883      9.96556558e-07  -17.4721169    
11856.8685      15811.3883      1.77215601e-06  -31.3325254    
11856.8685      15811.3883      3.15138854e-06  -56.1860496    
11856.8685      15811.3883      5.60404936e-06  -100.662574    
11856.8685      15811.3883      9.96556558e-06  -180.099525    
11856.8685      15811.3883      1.77215601e-05  -321.764117    
11856.8685      15811.3883      3.15138854e-05  -574.153054    
11856.8685      15811.3883      5.60404936e-05  -1023.54217    
11856.8685      15811.3883      9.96556558e-05  -1823.42467    
15811.3883      21084.8252      0               0.00544684755  
15811.3883      21084.8252      1.77215601e-10  0.00358813691  
15811.3883      21084.8252      3.15138854e-10  0.00214139994  
15811.3883      21084.8252      5.60404936e-10  -0.000431606733
15811.3883      21084.8252      9.96556558e-10  -0.00500809195 
15811.3883      21084.8252      1.77215601e-09  -0.0131493918  
15811.3883      21084.8252      3.15138854e-09  -0.0276364431  
15811.3883      21084.8252      5.60404936e-09  -0.0534284429  
15811.3883      21084.8252      9.96556558e-09  -0.0993874504  
15811.3883      21084.8252      1.77215601e-08  -0.181405114   
15811.3883      21084.8252      3.15138854e-08  -0.328137501   
15811.3883      21084.8252      5.60404936e-08  -0.591681934   
15811.3883      21084.8252      9.96556558e-08  -1.06774294    
15811.3883      21084.8252      1.77215601e-07  -1.93390978    
15811.3883      21084.8252      3.15138854e-07  -3.52127367    
15811.3883      21084.8252      5.60404936e-07  -6.44410934    
15811.3883      21084.8252      9.96556558e-07  -11.8274183    
15811.3883      21084.8252      1.77215601e-06  -21.7024729    
15811.3883      21084.8252      3.15138854e-06  -39.7006527    
15811.3883      21084.8252      5.60404936e-06  -72.2836915    
15811.3883      21084.8252      9.96556558e-06  -130.93779     
15811.3883      21084.8252      1.77215601e-05  -236.090172    
15811.3883      21084.8252      3.15138854e-05  -424.086828    
15811.3883      21084.8252      5.60404936e-05  -759.601278    
15811.3883      21084.8252      9.96556558e-05  -1357.68916    
21084.8252      28117.0663      0               2.91339575e-09 
21084.8252      28117.0663      1.77215601e-10  -0.00179377723 
21084.8252      28117.0663      3.15138854e-10  -0.00318984013 
21084.8252      28117.0663      5.60404936e-10  -0.00567243169 
21084.8252      28117.0663      9.96556558e-10  -0.0100871783  
21084.8252      28117.0663      1.77215601e-09  -0.0179378477  
21084.8252      28117.0663      3.15138854e-09  -0.0318985831  
21084.8252      28117.0663      5.60404936e-09  -0.056724835   
21084.8252      28117.0663      9.96556558e-09  -0.100873364   
21084.8252      28117.0663      1.77215601e-08  -0.179383414   
21084.8252      28117.0663      3.15138854e-08  -0.319001358   
21084.8252      28117.0663      5.60404936e-08  -0.567297238   
21084.8252      28117.0663      9.96556558e-08  -1.00888732    
21084.8252      28117.0663      1.77215601e-07  -1.79431531    
21084.8252      28117.0663      3.15138854e-07  -3.19150912    
21084.8252      28117.0663      5.60404936e-07  -5.67756256    
21084.8252      28117.0663      9.96556558e-07  -10.1026701    
21084.8252      28117.0663      1.77215601e-06  -17.9832732    
21084.8252      28117.0663      3.15138854e-06  -32.0261888    
21084.8252      28117.0663      5.60404936e-06  -57.0636416    
21084.8252      28117.0663      9.96556558e-06  -101.71606     
21084.8252      28117.0663      1.77215601e-05  -181.345051    
21084.8252      28117.0663      3.15138854e-05  -323.302482    
21084.8252      28117.0663      5.60404936e-05  -576.26827     
21084.8252      28117.0663      9.96556558e-05  -1026.85514    
28117.0663      37494.7105      0               2.25719532e-09 
28117.0663      37494.7105      1.77215601e-10  -0.00138977611 
28117.0663      37494.7105      3.15138854e-10  -0.00247141201 
28117.0663      37494.7105      5.60404936e-10  -0.00439486288 
28117.0663      37494.7105      9.96556558e-10  -0.00781529607 
28117.0663      37494.7105      1.77215601e-09  -0.0138977823  
28117.0663      37494.7105      3.15138854e-09  -0.0247141432  
28117.0663      37494.7105      5.60404936e-09  -0.0439486582  
28117.0663      37494.7105      9.96556558e-09  -0.0781530098  
28117.0663      37494.7105      1.77215601e-08  -0.138977934   
28117.0663      37494.7105      3.15138854e-08  -0.24714174    
28117.0663      37494.7105      5.60404936e-08  -0.439487511   
28117.0663      37494.7105      9.96556558e-08  -0.781532989   
28117.0663      37494.7105      1.77215601e-07  -1.38978843    
28117.0663      37494.7105      3.15138854e-07  -2.47144606    
28117.0663      37494.7105      5.60404936e-07  -4.39496547    
28117.0663      37494.7105      9.96556558e-07  -7.81561423    
28117.0663      37494.7105      1.77215601e-06  -13.898776     
28117.0663      37494.7105      3.15138854e-06  -24.7172391    
28117.0663      37494.7105      5.60404936e-06  -43.9582203    
28117.0663      37494.7105      9.96556558e-06  -78.1820783    
28117.0663      37494.7105      1.77215601e-05  -139.064071    
28117.0663      37494.7105      3.15138854e-05  -247.38747     
28117.0663      37494.7105      5.60404936e-05  -440.153495    
28117.0663      37494.7105      9.96556558e-05  -783.2299      
37494.7105      50000           0               1.24080657e-09 
37494.7105      50000           1.77215601e-10  -0.000763997388
37494.7105      50000           3.15138854e-10  -0.00135864517 
37494.7105      50000           5.60404936e-10  -0.00241618884 
37494.7105      50000           9.96556558e-10  -0.00429709323 
37494.7105      50000           1.77215601e-09  -0.00764280241 
37494.7105      50000           3.15138854e-09  -0.0135953599  
37494.7105      50000           5.60404936e-09  -0.0241899655  
37494.7105      50000           9.96556558e-09  -0.0430593112  
37494.7105      50000           1.77215601e-08  -0.0767053438  
37494.7105      50000           3.15138854e-08  -0.136818795   
37494.7105      50000           5.60404936e-08  -0.244572092   
37494.7105      50000           9.96556558e-08  -0.438709809   
37494.7105      50000           1.77215601e-07  -0.791039893   
37494.7105      50000           3.15138854e-07  -1.43615981    
37494.7105      50000           5.60404936e-07  -2.62722912    
37494.7105      50000           9.96556558e-07  -4.83625166    
37494.7105      50000           1.77215601e-06  -8.92831275    
37494.7105      50000           3.15138854e-06  -16.4642727    
37494.7105      50000           5.60404936e-06  -30.236418     
37494.7105      50000           9.96556558e-06  -55.2236258    
37494.7105      50000           1.77215601e-05  -100.291387    
37494.7105      50000           3.15138854e-05  -181.214716    
37494.7105      50000           5.60404936e-05  -326.054221    
37494.7105      50000           9.96556558e-05  -584.715641    
50000           66676.0716      0               1.11441523e-09 
50000           66676.0716      1.77215601e-10  -0.000686154643
50000           66676.0716      3.15138854e-10  -0.0012201812  
50000           66676.0716      5.60404936e-10  -0.00216984187 
50000           66676.0716      9.96556558e-10  -0.00385864256 
50000           66676.0716      1.77215601e-09  -0.0068619243  
50000           66676.0716      3.15138854e-09  -0.0122029847  
50000           66676.0716      5.60404936e-09  -0.0217021021  
50000           66676.0716      9.96556558e-09  -0.038598034   
50000           66676.0716      1.77215601e-08  -0.0686558296  
50000           66676.0716      3.15138854e-08  -0.12214496    
50000           66676.0716      5.60404936e-08  -0.217381901   
50000           66676.0716      9.96556558e-08  -0.387104424   
50000           66676.0716      1.77215601e-07  -0.690020886   
50000           66676.0716      3.15138854e-07  -1.23191872    
50000           66676.0716      5.60404936e-07  -2.20453932    
50000           66676.0716      9.96556558e-07  -3.95720958    
50000           66676.0716      1.77215601e-06  -7.12722529    
50000           66676.0716      3.15138854e-06  -12.8722031    
50000           66676.0716      5.60404936e-06  -23.2782299    
50000           66676.0716      9.96556558e-06  -42.0779929    
50000           66676.0716      1.77215601e-05  -75.9233383    
50000           66676.0716      3.15138854e-05  -136.646358    
50000           66676.0716      5.60404936e-05  -245.279784    
50000           66676.0716      9.96556558e-05  -439.212302    
66676.0716      88913.9705      0               -0.0540578994  
66676.0716      88913.9705      1.77215601e-10  -0.0538120193  
66676.0716      88913.9705      3.15138854e-10  -0.0536211412  
66676.0716      88913.9705      5.60404936e-10  -0.0532827542  
66676.0716      88913.9705      9.96556558e-10  -0.0526843113  
66676.0716      88913.9705      1.77215601e-09  -0.0516305131  
66676.0716      88913.9705      3.15138854e-09  -0.0497891886  
66676.0716      88913.9705      5.60404936e-09  -0.0466164974  
66676.0716      88913.9705      9.96556558e-09  -0.0412881709  
66676.0716      88913.9705      1.77215601e-08  -0.032762053   
66676.0716      88913.9705      3.15138854e-08  -0.0203836266  
66676.0716      88913.9705      5.60404936e-08  -0.00612595178 
66676.0716      88913.9705      9.96556558e-08  -0.000742044513
66676.0716      88913.9705      1.77215601e-07  -0.0371867245  
66676.0716      88913.9705      3.15138854e-07  -0.194114614   
66676.0716      88913.9705      5.60404936e-07  -0.630862413   
66676.0716      88913.9705      9.96556558e-07  -1.63956208    
66676.0716      88913.9705      1.77215601e-06  -3.73391035    
66676.0716      88913.9705      3.15138854e-06  -7.81230511    
66676.0716      88913.9705      5.60404936e-06  -15.4557874    
66676.0716      88913.9705      9.96556558e-06  -29.4624671    
66676.0716      88913.9705      1.77215601e-05  -54.7988833    
66676.0716      88913.9705      3.15138854e-05  -100.291065    
66676.0716      88913.9705      5.60404936e-05  -181.630644    
66676.0716      88913.9705      9.96556558e-05  -326.719719    
88913.9705      118568.685      0               0.000123528197 
88913.9705      118568.685      1.77215601e-10  -0.000318447002
88913.9705      118568.685      3.15138854e-10  -0.0006624272  
88913.9705      118568.685      5.60404936e-10  -0.0012741201  
88913.9705      118568.685      9.96556558e-10  -0.002361881   
88913.9705      118568.685      1.77215601e-09  -0.0042962238  
88913.9705      118568.685      3.15138854e-09  -0.00773602577 
88913.9705      118568.685      5.60404936e-09  -0.0138529548  
88913.9705      118568.685      9.96556558e-09  -0.0247305638  
88913.9705      118568.685      1.77215601e-08  -0.0440739918  
88913.9705      118568.685      3.15138854e-08  -0.0784720117  
88913.9705      118568.685      5.60404936e-08  -0.139641303   
88913.9705      118568.685      9.96556558e-08  -0.248417394   
88913.9705      118568.685      1.77215601e-07  -0.441851679   
88913.9705      118568.685      3.15138854e-07  -0.785831895   
88913.9705      118568.685      5.60404936e-07  -1.39752485    
88913.9705      118568.685      9.96556558e-07  -2.48528593    
88913.9705      118568.685      1.77215601e-06  -4.4196293     
88913.9705      118568.685      3.15138854e-06  -7.85943308    
88913.9705      118568.685      5.60404936e-06  -13.9763678    
88913.9705      118568.685      9.96556558e-06  -24.8539947    
88913.9705      118568.685      1.77215601e-05  -44.1974794    
88913.9705      118568.685      3.15138854e-05  -78.5956768    
88913.9705      118568.685      5.60404936e-05  -139.765521    
88913.9705      118568.685      9.96556558e-05  -248.54332     
118568.685      158113.883      0               0.000881085029 
118568.685      158113.883      1.77215601e-10  0.000552038643 
118568.685      158113.883      3.15138854e-10  0.000295948616 
118568.685      158113.883      5.60404936e-10  -0.000159451006
118568.685      158113.883      9.96556558e-10  -0.000969278777
118568.685      158113.883      1.77215601e-09  -0.00240937883 
118568.685      158113.883      3.15138854e-09  -0.0049702791  
118568.685      158113.883      5.60404936e-09  -0.00952427532 
118568.685      158113.883      9.96556558e-09  -0.017622553   
118568.685      158113.883      1.77215601e-08  -0.0320235536  
118568.685      158113.883      3.15138854e-08  -0.0576325563  
118568.685      158113.883      5.60404936e-08  -0.103172519   
118568.685      158113.883      9.96556558e-08  -0.184155296   
118568.685      158113.883      1.77215601e-07  -0.328165302   
118568.685      158113.883      3.15138854e-07  -0.584255332   
118568.685      158113.883      5.60404936e-07  -1.03965496    
118568.685      158113.883      9.96556558e-07  -1.84948276    
118568.685      158113.883      1.77215601e-06  -3.28958291    
118568.685      158113.883      3.15138854e-06  -5.85048347    
118568.685      158113.883      5.60404936e-06  -10.4044806    
118568.685      158113.883      9.96556558e-06  -18.5027612    
118568.685      158113.883      1.77215601e-05  -32.9037708    
118568.685      158113.883      3.15138854e-05  -58.5128023    
118568.685      158113.883      5.60404936e-05  -104.052855    
118568.685      158113.883      9.96556558e-05  -185.035916    
158113.883      210848.252      0               3.99568822e-10 
158113.883      210848.252      1.77215601e-10  -0.000246018127
158113.883      210848.252      3.15138854e-10  -0.000437489282
158113.883      210848.252      5.60404936e-10  -0.000777978492
158113.883      210848.252      9.96556558e-10  -0.00138346345 
158113.883      210848.252      1.77215601e-09  -0.00246018487 
158113.883      210848.252      3.15138854e-09  -0.00437489641 
158113.883      210848.252      5.60404936e-09  -0.00777978852 
158113.883      210848.252      9.96556558e-09  -0.0138346381  
158113.883      210848.252      1.77215601e-08  -0.0246018523  
158113.883      210848.252      3.15138854e-08  -0.0437489677  
158113.883      210848.252      5.60404936e-08  -0.0777978888  
158113.883      210848.252      9.96556558e-08  -0.138346384   
158113.883      210848.252      1.77215601e-07  -0.246018527   
158113.883      210848.252      3.15138854e-07  -0.437489681   
158113.883      210848.252      5.60404936e-07  -0.777978892   
158113.883      210848.252      9.96556558e-07  -1.38346384    
158113.883      210848.252      1.77215601e-06  -2.46018527    
158113.883      210848.252      3.15138854e-06  -4.37489681    
158113.883      210848.252      5.60404936e-06  -7.77978892    
158113.883      210848.252      9.96556558e-06  -13.8346385    
158113.883      210848.252      1.77215601e-05  -24.6018527    
158113.883      210848.252      3.15138854e-05  -43.7489681    
158113.883      210848.252      5.60404936e-05  -77.7978892    
158113.883      210848.252      9.96556558e-05  -138.346385    
210848.252      281170.663      0               0.000475139996 
210848.252      281170.663      1.77215601e-10  0.000291513463 
210848.252      281170.663      3.15138854e-10  0.000148600712 
210848.252      281170.663      5.60404936e-10  -0.000105538089
210848.252      281170.663      9.96556558e-10  -0.000557467887
210848.252      281170.663      1.77215601e-09  -0.00136112534 
210848.252      281170.663      3.15138854e-09  -0.00279025285 
210848.252      281170.663      5.60404936e-09  -0.00533164086 
210848.252      281170.663      9.96556558e-09  -0.00985093885 
210848.252      281170.663      1.77215601e-08  -0.0178875134  
210848.252      281170.663      3.15138854e-08  -0.0321787885  
210848.252      281170.663      5.60404936e-08  -0.0575926688  
210848.252      281170.663      9.96556558e-08  -0.102785649   
210848.252      281170.663      1.77215601e-07  -0.183151396   
210848.252      281170.663      3.15138854e-07  -0.326064151   
210848.252      281170.663      5.60404936e-07  -0.580202967   
210848.252      281170.663      9.96556558e-07  -1.03213281    
210848.252      281170.663      1.77215601e-06  -1.83579041    
210848.252      281170.663      3.15138854e-06  -3.26491838    
210848.252      281170.663      5.60404936e-06  -5.80630787    
210848.252      281170.663      9.96556558e-06  -10.3256105    
210848.252      281170.663      1.77215601e-05  -18.3621997    
210848.252      281170.663      3.15138854e-05  -32.653521     
210848.252      281170.663      5.60404936e-05  -58.0675465    
210848.252      281170.663      9.96556558e-05  -103.260981    
281170.663      374947.105      0               2.21697327e-10 
281170.663      374947.105      1.77215601e-10  -0.000136501141
281170.663      374947.105      3.15138854e-10  -0.000242737341
281170.663      374947.105      5.60404936e-10  -0.000431654989
281170.663      374947.105      9.96556558e-10  -0.000767603351
281170.663      374947.105      1.77215601e-09  -0.00136501341 
281170.663      374947.105      3.15138854e-09  -0.00242737541 
281170.663      374947.105      5.60404936e-09  -0.00431655188 
281170.663      374947.105      9.96556558e-09  -0.00767603551 
281170.663      374947.105      1.77215601e-08  -0.0136501361  
281170.663      374947.105      3.15138854e-08  -0.0242737561  
281170.663      374947.105      5.60404936e-08  -0.0431655208  
281170.663      374947.105      9.96556558e-08  -0.0767603571  
281170.663      374947.105      1.77215601e-07  -0.136501363   
281170.663      374947.105      3.15138854e-07  -0.242737563   
281170.663      374947.105      5.60404936e-07  -0.43165521    
281170.663      374947.105      9.96556558e-07  -0.767603573   
281170.663      374947.105      1.77215601e-06  -1.36501363    
281170.663      374947.105      3.15138854e-06  -2.42737563    
281170.663      374947.105      5.60404936e-06  -4.3165521     
281170.663      374947.105      9.96556558e-06  -7.67603573    
281170.663      374947.105      1.77215601e-05  -13.6501363    
281170.663      374947.105      3.15138854e-05  -24.2737563    
281170.663      374947.105      5.60404936e-05  -43.165521     
281170.663      374947.105      9.96556558e-05  -76.7603573    
374947.105      500000          0               1.61037406e-10 
374947.105      500000          1.77215601e-10  -9.91521586e-05
374947.105      500000          3.15138854e-10  -0.000176320367
374947.105      500000          5.60404936e-10  -0.000313547004
374947.105      500000          9.96556558e-10  -0.000557574307
374947.105      500000          1.77215601e-09  -0.000991523035
374947.105      500000          3.15138854e-09  -0.00176320512 
374947.105      500000          5.60404936e-09  -0.00313547149 
374947.105      500000          9.96556558e-09  -0.00557574452 
374947.105      500000          1.77215601e-08  -0.0099152318  
374947.105      500000          3.15138854e-08  -0.0176320527  
374947.105      500000          5.60404936e-08  -0.0313547164  
374947.105      500000          9.96556558e-08  -0.0557574466  
374947.105      500000          1.77215601e-07  -0.0991523195  
374947.105      500000          3.15138854e-07  -0.176320528   
374947.105      500000          5.60404936e-07  -0.313547165   
374947.105      500000          9.96556558e-07  -0.557574468   
374947.105      500000          1.77215601e-06  -0.991523196   
374947.105      500000          3.15138854e-06  -1.76320528    
374947.105      500000          5.60404936e-06  -3.13547165    
374947.105      500000          9.96556558e-06  -5.57574468    
374947.105      500000          1.77215601e-05  -9.91523196    
374947.105      500000          3.15138854e-05  -17.6320528    
374947.105      500000          5.60404936e-05  -31.3547165    
374947.105      500000          9.96556558e-05  -55.7574468    
