### like_canis_major.txt
#[0]emin(MeV) [1]emax(MeV) [2]eflux(MeV/cm^2/s) [3]deltaLogLike
500             666.760716      0               1.59328119e-05 
500             666.760716      1.77215601e-10  -0.000869258067
500             666.760716      3.15138854e-10  -0.00156053021 
500             666.760716      5.60404936e-10  -0.00279487675 
500             666.760716      9.96556558e-10  -0.00500591899 
500             666.760716      1.77215601e-09  -0.00898841142 
500             666.760716      3.15138854e-09  -0.0162302738  
500             666.760716      5.60404936e-09  -0.0296124268  
500             666.760716      9.96556558e-09  -0.0549954846  
500             666.760716      1.77215601e-08  -0.105102911   
500             666.760716      3.15138854e-08  -0.209672574   
500             666.760716      5.60404936e-08  -0.443194147   
500             666.760716      9.96556558e-08  -1.00196918    
500             666.760716      1.77215601e-07  -2.41555805    
500             666.760716      3.15138854e-07  -6.10400166    
500             666.760716      5.60404936e-07  -15.7560763    
500             666.760716      9.96556558e-07  -40.4915583    
500             666.760716      1.77215601e-06  -101.61571     
500             666.760716      3.15138854e-06  -246.247268    
500             666.760716      5.60404936e-06  -573.680364    
500             666.760716      9.96556558e-06  -1284.77295    
500             666.760716      1.77215601e-05  -2772.3139     
500             666.760716      3.15138854e-05  -5783.8918     
500             666.760716      5.60404936e-05  -11713.11      
500             666.760716      9.96556558e-05  -23118.3206    
666.760716      889.139705      0               2.74436097e-05 
666.760716      889.139705      1.77215601e-10  -0.00301811291 
666.760716      889.139705      3.15138854e-10  -0.0053914182  
666.760716      889.139705      5.60404936e-10  -0.00961832518 
666.760716      889.139705      9.96556558e-10  -0.0171555038  
666.760716      889.139705      1.77215601e-09  -0.0306236074  
666.760716      889.139705      3.15138854e-09  -0.0547782408  
666.760716      889.139705      5.60404936e-09  -0.0983753619  
666.760716      889.139705      9.96556558e-09  -0.177918538   
666.760716      889.139705      1.77215601e-08  -0.325635699   
666.760716      889.139705      3.15138854e-08  -0.607572414   
666.760716      889.139705      5.60404936e-08  -1.16692275    
666.760716      889.139705      9.96556558e-08  -2.33091582    
666.760716      889.139705      1.77215601e-07  -4.87353338    
666.760716      889.139705      3.15138854e-07  -10.6396312    
666.760716      889.139705      5.60404936e-07  -23.9517052    
666.760716      889.139705      9.96556558e-07  -54.6059652    
666.760716      889.139705      1.77215601e-06  -123.938303    
666.760716      889.139705      3.15138854e-06  -276.619753    
666.760716      889.139705      5.60404936e-06  -602.895544    
666.760716      889.139705      9.96556558e-06  -1279.5455     
666.760716      889.139705      1.77215601e-05  -2644.09632    
666.760716      889.139705      3.15138854e-05  -5327.90907    
666.760716      889.139705      5.60404936e-05  -10493.5383    
666.760716      889.139705      9.96556558e-05  -20257.0388    
889.139705      1185.68685      0               2.83762347e-09 
889.139705      1185.68685      1.77215601e-10  -0.00174650497 
889.139705      1185.68685      3.15138854e-10  -0.00311059968 
889.139705      1185.68685      5.60404936e-10  -0.00554675957 
889.139705      1185.68685      9.96556558e-10  -0.00991182425 
889.139705      1185.68685      1.77215601e-09  -0.0177778394  
889.139705      1185.68685      3.15138854e-09  -0.0320920889  
889.139705      1185.68685      5.60404936e-09  -0.0585692679  
889.139705      1185.68685      9.96556558e-09  -0.108835224   
889.139705      1185.68685      1.77215601e-08  -0.208010389   
889.139705      1185.68685      3.15138854e-08  -0.413897627   
889.139705      1185.68685      5.60404936e-08  -0.866354537   
889.139705      1185.68685      9.96556558e-08  -1.91190285    
889.139705      1185.68685      1.77215601e-07  -4.40243739    
889.139705      1185.68685      3.15138854e-07  -10.3629051    
889.139705      1185.68685      5.60404936e-07  -24.3849248    
889.139705      1185.68685      9.96556558e-07  -56.3876358    
889.139705      1185.68685      1.77215601e-06  -126.900512    
889.139705      1185.68685      3.15138854e-06  -276.93625     
889.139705      1185.68685      5.60404936e-06  -586.135025    
889.139705      1185.68685      9.96556558e-06  -1205.73442    
889.139705      1185.68685      1.77215601e-05  -2418.05652    
889.139705      1185.68685      3.15138854e-05  -4743.30654    
889.139705      1185.68685      5.60404936e-05  -9130.39483    
889.139705      1185.68685      9.96556558e-05  -17296.5498    
1185.68685      1581.13883      0               -0.102187886   
1185.68685      1581.13883      1.77215601e-10  -0.100796798   
1185.68685      1581.13883      3.15138854e-10  -0.0997212527  
1185.68685      1581.13883      5.60404936e-10  -0.0978239778  
1185.68685      1581.13883      9.96556558e-10  -0.0944984968  
1185.68685      1581.13883      1.77215601e-09  -0.0887372419  
1185.68685      1581.13883      3.15138854e-09  -0.078970174   
1185.68685      1581.13883      5.60404936e-09  -0.063092393   
1185.68685      1581.13883      9.96556558e-09  -0.0394585609  
1185.68685      1581.13883      1.77215601e-08  -0.0113894185  
1185.68685      1581.13883      3.15138854e-08  -0.00265579651 
1185.68685      1581.13883      5.60404936e-08  -0.103591797   
1185.68685      1581.13883      9.96556558e-08  -0.593541831   
1185.68685      1581.13883      1.77215601e-07  -2.23244116    
1185.68685      1581.13883      3.15138854e-07  -6.88813066    
1185.68685      1581.13883      5.60404936e-07  -18.7789172    
1185.68685      1581.13883      9.96556558e-07  -46.810012     
1185.68685      1581.13883      1.77215601e-06  -108.877897    
1185.68685      1581.13883      3.15138854e-06  -239.779103    
1185.68685      1581.13883      5.60404936e-06  -505.726852    
1185.68685      1581.13883      9.96556558e-06  -1030.79938    
1185.68685      1581.13883      1.77215601e-05  -2044.55908    
1185.68685      1581.13883      3.15138854e-05  -3966.99517    
1185.68685      1581.13883      5.60404936e-05  -7559.48355    
1185.68685      1581.13883      9.96556558e-05  -14193.0187    
1581.13883      2108.48252      0               -1.41549221    
1581.13883      2108.48252      1.77215601e-10  -1.40897871    
1581.13883      2108.48252      3.15138854e-10  -1.40392408    
1581.13883      2108.48252      5.60404936e-10  -1.39496721    
1581.13883      2108.48252      9.96556558e-10  -1.3791391     
1581.13883      2108.48252      1.77215601e-09  -1.351305      
1581.13883      2108.48252      3.15138854e-09  -1.30278279    
1581.13883      2108.48252      5.60404936e-09  -1.21950167    
1581.13883      2108.48252      9.96556558e-09  -1.08050285    
1581.13883      2108.48252      1.77215601e-08  -0.860070276   
1581.13883      2108.48252      3.15138854e-08  -0.543217924   
1581.13883      2108.48252      5.60404936e-08  -0.177669632   
1581.13883      2108.48252      9.96556558e-08  -0.00730656942 
1581.13883      2108.48252      1.77215601e-07  -0.76073734    
1581.13883      2108.48252      3.15138854e-07  -4.20880745    
1581.13883      2108.48252      5.60404936e-07  -14.1875143    
1581.13883      2108.48252      9.96556558e-07  -38.4678442    
1581.13883      2108.48252      1.77215601e-06  -92.1999785    
1581.13883      2108.48252      3.15138854e-06  -204.226716    
1581.13883      2108.48252      5.60404936e-06  -428.518178    
1581.13883      2108.48252      9.96556558e-06  -864.703928    
1581.13883      2108.48252      1.77215601e-05  -1694.7821     
1581.13883      2108.48252      3.15138854e-05  -3248.5839     
1581.13883      2108.48252      5.60404936e-05  -6120.30634    
1581.13883      2108.48252      9.96556558e-05  -11375.7378    
2108.48252      2811.70663      0               0.000393660364 
2108.48252      2811.70663      1.77215601e-10  -0.00506600261 
2108.48252      2811.70663      3.15138854e-10  -0.00931791641 
2108.48252      2811.70663      5.60404936e-10  -0.016884989   
2108.48252      2811.70663      9.96556558e-10  -0.0303602341  
2108.48252      2811.70663      1.77215601e-09  -0.0543824483  
2108.48252      2811.70663      3.15138854e-09  -0.0972874337  
2108.48252      2811.70663      5.60404936e-09  -0.174168143   
2108.48252      2811.70663      9.96556558e-09  -0.312691119   
2108.48252      2811.70663      1.77215601e-08  -0.564536557   
2108.48252      2811.70663      3.15138854e-08  -1.02877714    
2108.48252      2811.70663      5.60404936e-08  -1.90110372    
2108.48252      2811.70663      9.96556558e-08  -3.57800357    
2108.48252      2811.70663      1.77215601e-07  -6.87110117    
2108.48252      2811.70663      3.15138854e-07  -13.4264719    
2108.48252      2811.70663      5.60404936e-07  -26.5091937    
2108.48252      2811.70663      9.96556558e-07  -52.4440762    
2108.48252      2811.70663      1.77215601e-06  -103.258214    
2108.48252      2811.70663      3.15138854e-06  -201.520844    
2108.48252      2811.70663      5.60404936e-06  -389.142599    
2108.48252      2811.70663      9.96556558e-06  -743.19257     
2108.48252      2811.70663      1.77215601e-05  -1404.05204    
2108.48252      2811.70663      3.15138854e-05  -2625.36167    
2108.48252      2811.70663      5.60404936e-05  -4862.75964    
2108.48252      2811.70663      9.96556558e-05  -8931.74101    
2811.70663      3749.47105      0               0.000132561447 
2811.70663      3749.47105      1.77215601e-10  -0.00477062557 
2811.70663      3749.47105      3.15138854e-10  -0.00859008347 
2811.70663      3749.47105      5.60404936e-10  -0.0153895002  
2811.70663      3749.47105      9.96556558e-10  -0.0275039405  
2811.70663      3749.47105      1.77215601e-09  -0.0491196701  
2811.70663      3749.47105      3.15138854e-09  -0.0877865609  
2811.70663      3749.47105      5.60404936e-09  -0.15725547    
2811.70663      3749.47105      9.96556558e-09  -0.282961273   
2811.70663      3749.47105      1.77215601e-08  -0.51300358    
2811.70663      3749.47105      3.15138854e-08  -0.940852351   
2811.70663      3749.47105      5.60404936e-08  -1.75285377    
2811.70663      3749.47105      9.96556558e-08  -3.32539118    
2811.70663      3749.47105      1.77215601e-07  -6.41301135    
2811.70663      3749.47105      3.15138854e-07  -12.4919179    
2811.70663      3749.47105      5.60404936e-07  -24.3725952    
2811.70663      3749.47105      9.96556558e-07  -47.3099792    
2811.70663      3749.47105      1.77215601e-06  -91.0429411    
2811.70663      3749.47105      3.15138854e-06  -173.505925    
2811.70663      3749.47105      5.60404936e-06  -327.489255    
2811.70663      3749.47105      9.96556558e-06  -612.519868    
2811.70663      3749.47105      1.77215601e-05  -1136.02205    
2811.70663      3749.47105      3.15138854e-05  -2090.96448    
2811.70663      3749.47105      5.60404936e-05  -3822.77837    
2811.70663      3749.47105      9.96556558e-05  -6948.28713    
3749.47105      5000            0               7.62647805e-05 
3749.47105      5000            1.77215601e-10  -0.0027463101  
3749.47105      5000            3.15138854e-10  -0.00494742127 
3749.47105      5000            5.60404936e-10  -0.00887100272 
3749.47105      5000            9.96556558e-10  -0.0158777619  
3749.47105      5000            1.77215601e-09  -0.0284302421  
3749.47105      5000            3.15138854e-09  -0.0510396777  
3749.47105      5000            5.60404936e-09  -0.0921286553  
3749.47105      5000            9.96556558e-09  -0.167850657   
3749.47105      5000            1.77215601e-08  -0.310212495   
3749.47105      5000            3.15138854e-08  -0.584593484   
3749.47105      5000            5.60404936e-08  -1.12676982    
3749.47105      5000            9.96556558e-08  -2.21740026    
3749.47105      5000            1.77215601e-07  -4.42426753    
3749.47105      5000            3.15138854e-07  -8.8656508     
3749.47105      5000            5.60404936e-07  -17.6914853    
3749.47105      5000            9.96556558e-07  -34.9535393    
3749.47105      5000            1.77215601e-06  -68.1687498    
3749.47105      5000            3.15138854e-06  -131.12078     
3749.47105      5000            5.60404936e-06  -248.85976     
3749.47105      5000            9.96556558e-06  -466.584098    
3749.47105      5000            1.77215601e-05  -865.411597    
3749.47105      5000            3.15138854e-05  -1590.42932    
3749.47105      5000            5.60404936e-05  -2900.60858    
3749.47105      5000            9.96556558e-05  -5257.61333    
5000            6667.60716      0               0.000207999019 
5000            6667.60716      1.77215601e-10  -0.00267719549 
5000            6667.60716      3.15138854e-10  -0.00492483571 
5000            6667.60716      5.60404936e-10  -0.00892641265 
5000            6667.60716      9.96556558e-10  -0.0160569751  
5000            6667.60716      1.77215601e-09  -0.0287831427  
5000            6667.60716      3.15138854e-09  -0.0515579458  
5000            6667.60716      5.60404936e-09  -0.0925056654  
5000            6667.60716      9.96556558e-09  -0.16669492    
5000            6667.60716      1.77215601e-08  -0.302739084   
5000            6667.60716      3.15138854e-08  -0.556548974   
5000            6667.60716      5.60404936e-08  -1.04028714    
5000            6667.60716      9.96556558e-08  -1.98168984    
5000            6667.60716      1.77215601e-07  -3.83829779    
5000            6667.60716      3.15138854e-07  -7.50352373    
5000            6667.60716      5.60404936e-07  -14.6690964    
5000            6667.60716      9.96556558e-07  -28.4727429    
5000            6667.60716      1.77215601e-06  -54.6685611    
5000            6667.60716      3.15138854e-06  -103.722984    
5000            6667.60716      5.60404936e-06  -194.543243    
5000            6667.60716      9.96556558e-06  -361.121321    
5000            6667.60716      1.77215601e-05  -664.373297    
5000            6667.60716      3.15138854e-05  -1213.18893    
5000            6667.60716      5.60404936e-05  -2201.83262    
5000            6667.60716      9.96556558e-05  -3976.42644    
6667.60716      8891.39705      0               0.00067671057  
6667.60716      8891.39705      1.77215601e-10  -0.000857463035
6667.60716      8891.39705      3.15138854e-10  -0.00205735528 
6667.60716      8891.39705      5.60404936e-10  -0.00420372914 
6667.60716      8891.39705      9.96556558e-10  -0.00806017255 
6667.60716      8891.39705      1.77215601e-09  -0.0150412779  
6667.60716      8891.39705      3.15138854e-09  -0.0278349821  
6667.60716      8891.39705      5.60404936e-09  -0.0517298731  
6667.60716      8891.39705      9.96556558e-09  -0.0975577832  
6667.60716      8891.39705      1.77215601e-08  -0.188266248   
6667.60716      8891.39705      3.15138854e-08  -0.37301329    
6667.60716      8891.39705      5.60404936e-08  -0.754814706   
6667.60716      8891.39705      9.96556558e-08  -1.53928257    
6667.60716      8891.39705      1.77215601e-07  -3.11577721    
6667.60716      8891.39705      3.15138854e-07  -6.19783744    
6667.60716      8891.39705      5.60404936e-07  -12.0836123    
6667.60716      8891.39705      9.96556558e-07  -23.1478813    
6667.60716      8891.39705      1.77215601e-06  -43.7498289    
6667.60716      8891.39705      3.15138854e-06  -81.8565984    
6667.60716      8891.39705      5.60404936e-06  -151.899196    
6667.60716      8891.39705      9.96556558e-06  -279.806068    
6667.60716      8891.39705      1.77215601e-05  -511.943414    
6667.60716      8891.39705      3.15138854e-05  -931.042158    
6667.60716      8891.39705      5.60404936e-05  -1684.55958    
6667.60716      8891.39705      9.96556558e-05  -3035.14796    
8891.39705      11856.8685      0               -0.124317091   
8891.39705      11856.8685      1.77215601e-10  -0.122428092   
8891.39705      11856.8685      3.15138854e-10  -0.120971186   
8891.39705      11856.8685      5.60404936e-10  -0.118408852   
8891.39705      11856.8685      9.96556558e-10  -0.113941269   
8891.39705      11856.8685      1.77215601e-09  -0.10627241    
8891.39705      11856.8685      3.15138854e-09  -0.0934771273  
8891.39705      11856.8685      5.60404936e-09  -0.0732309141  
8891.39705      11856.8685      9.96556558e-09  -0.0443907376  
8891.39705      11856.8685      1.77215601e-08  -0.0122966265  
8891.39705      11856.8685      3.15138854e-08  -0.00211792937 
8891.39705      11856.8685      5.60404936e-08  -0.0857320275  
8891.39705      11856.8685      9.96556558e-08  -0.42691121    
8891.39705      11856.8685      1.77215601e-07  -1.35086713    
8891.39705      11856.8685      3.15138854e-07  -3.45533253    
8891.39705      11856.8685      5.60404936e-07  -7.80536483    
8891.39705      11856.8685      9.96556558e-07  -16.293496     
8891.39705      11856.8685      1.77215601e-06  -32.3061266    
8891.39705      11856.8685      3.15138854e-06  -61.9336284    
8891.39705      11856.8685      5.60404936e-06  -116.129297    
8891.39705      11856.8685      9.96556558e-06  -214.527034    
8891.39705      11856.8685      1.77215601e-05  -392.194485    
8891.39705      11856.8685      3.15138854e-05  -711.62823     
8891.39705      11856.8685      5.60404936e-05  -1284.11075    
8891.39705      11856.8685      9.96556558e-05  -2307.72712    
11856.8685      15811.3883      0               2.90060598e-09 
11856.8685      15811.3883      1.77215601e-10  -0.00178614884 
11856.8685      15811.3883      3.15138854e-10  -0.00317682026 
11856.8685      15811.3883      5.60404936e-10  -0.00565100207 
11856.8685      15811.3883      9.96556558e-10  -0.0100545101  
11856.8685      15811.3883      1.77215601e-09  -0.0178968998  
11856.8685      15811.3883      3.15138854e-09  -0.0318796702  
11856.8685      15811.3883      5.60404936e-09  -0.0568599186  
11856.8685      15811.3883      9.96556558e-09  -0.101637559   
11856.8685      15811.3883      1.77215601e-08  -0.182348009   
11856.8685      15811.3883      3.15138854e-08  -0.329083746   
11856.8685      15811.3883      5.60404936e-08  -0.599121907   
11856.8685      15811.3883      9.96556558e-08  -1.10344       
11856.8685      15811.3883      1.77215601e-07  -2.05834003    
11856.8685      15811.3883      3.15138854e-07  -3.88042731    
11856.8685      15811.3883      5.60404936e-07  -7.35226801    
11856.8685      15811.3883      9.96556558e-07  -13.9069946    
11856.8685      15811.3883      1.77215601e-06  -26.1279433    
11856.8685      15811.3883      3.15138854e-06  -48.644634     
11856.8685      15811.3883      5.60404936e-06  -89.7406254    
11856.8685      15811.3883      9.96556558e-06  -164.214935    
11856.8685      15811.3883      1.77215601e-05  -298.456943    
11856.8685      15811.3883      3.15138854e-05  -539.458501    
11856.8685      15811.3883      5.60404936e-05  -970.8353      
11856.8685      15811.3883      9.96556558e-05  -1741.31397    
15811.3883      21084.8252      0               1.92540028e-09 
15811.3883      21084.8252      1.77215601e-10  -0.00118617786 
15811.3883      21084.8252      3.15138854e-10  -0.0021101473  
15811.3883      21084.8252      5.60404936e-10  -0.00375492781 
15811.3883      21084.8252      9.96556558e-10  -0.0066851803  
15811.3883      21084.8252      1.77215601e-09  -0.0119128815  
15811.3883      21084.8252      3.15138854e-09  -0.0212620736  
15811.3883      21084.8252      5.60404936e-09  -0.0380517784  
15811.3883      21084.8252      9.96556558e-09  -0.0684117444  
15811.3883      21084.8252      1.77215601e-08  -0.12390657    
15811.3883      21084.8252      3.15138854e-08  -0.226930566   
15811.3883      21084.8252      5.60404936e-08  -0.421889742   
15811.3883      21084.8252      9.96556558e-08  -0.797655034   
15811.3883      21084.8252      1.77215601e-07  -1.52949701    
15811.3883      21084.8252      3.15138854e-07  -2.95132334    
15811.3883      21084.8252      5.60404936e-07  -5.67622716    
15811.3883      21084.8252      9.96556558e-07  -10.8046554    
15811.3883      21084.8252      1.77215601e-06  -20.2980895    
15811.3883      21084.8252      3.15138854e-06  -37.6523061    
15811.3883      21084.8252      5.60404936e-06  -69.0976183    
15811.3883      21084.8252      9.96556558e-06  -125.728677    
15811.3883      21084.8252      1.77215601e-05  -227.287094    
15811.3883      21084.8252      3.15138854e-05  -408.887777    
15811.3883      21084.8252      5.60404936e-05  -732.987731    
15811.3883      21084.8252      9.96556558e-05  -1310.69007    
21084.8252      28117.0663      0               4.75793354e-06 
21084.8252      28117.0663      1.77215601e-10  -0.000523401224
21084.8252      28117.0663      3.15138854e-10  -0.000935183441
21084.8252      28117.0663      5.60404936e-10  -0.00166901557 
21084.8252      28117.0663      9.96556558e-10  -0.00297891835 
21084.8252      28117.0663      1.77215601e-09  -0.00532384175 
21084.8252      28117.0663      3.15138854e-09  -0.00954247434 
21084.8252      28117.0663      5.60404936e-09  -0.0171958052  
21084.8252      28117.0663      9.96556558e-09  -0.0312703731  
21084.8252      28117.0663      1.77215601e-08  -0.0576947741  
21084.8252      28117.0663      3.15138854e-08  -0.108726806   
21084.8252      28117.0663      5.60404936e-08  -0.210520651   
21084.8252      28117.0663      9.96556558e-08  -0.41922147    
21084.8252      28117.0663      1.77215601e-07  -0.852116499   
21084.8252      28117.0663      3.15138854e-07  -1.74205188    
21084.8252      28117.0663      5.60404936e-07  -3.52827905    
21084.8252      28117.0663      9.96556558e-07  -7.01356507    
21084.8252      28117.0663      1.77215601e-06  -13.6475771    
21084.8252      28117.0663      3.15138854e-06  -26.038086     
21084.8252      28117.0663      5.60404936e-06  -48.8608305    
21084.8252      28117.0663      9.96556558e-06  -90.4711949    
21084.8252      28117.0663      1.77215601e-05  -165.761732    
21084.8252      28117.0663      3.15138854e-05  -301.23846     
21084.8252      28117.0663      5.60404936e-05  -544.05361     
21084.8252      28117.0663      9.96556558e-05  -978.085398    
28117.0663      37494.7105      0               -0.0502612192  
28117.0663      37494.7105      1.77215601e-10  -0.0498092893  
28117.0663      37494.7105      3.15138854e-10  -0.0494593066  
28117.0663      37494.7105      5.60404936e-10  -0.0488407004  
28117.0663      37494.7105      9.96556558e-10  -0.0477524809  
28117.0663      37494.7105      1.77215601e-09  -0.0458544304  
28117.0663      37494.7105      3.15138854e-09  -0.042594754   
28117.0663      37494.7105      5.60404936e-09  -0.0371540947  
28117.0663      37494.7105      9.96556558e-09  -0.0285539347  
28117.0663      37494.7105      1.77215601e-08  -0.0164007554  
28117.0663      37494.7105      3.15138854e-08  -0.00348778975 
28117.0663      37494.7105      5.60404936e-08  -0.00274755524 
28117.0663      37494.7105      9.96556558e-08  -0.0521603894  
28117.0663      37494.7105      1.77215601e-07  -0.240809998   
28117.0663      37494.7105      3.15138854e-07  -0.748993534   
28117.0663      37494.7105      5.60404936e-07  -1.91249827    
28117.0663      37494.7105      9.96556558e-07  -4.33910011    
28117.0663      37494.7105      1.77215601e-06  -9.12722633    
28117.0663      37494.7105      3.15138854e-06  -18.2626099    
28117.0663      37494.7105      5.60404936e-06  -35.31768      
28117.0663      37494.7105      9.96556558e-06  -66.6819417    
28117.0663      37494.7105      1.77215601e-05  -123.743306    
28117.0663      37494.7105      3.15138854e-05  -226.769656    
28117.0663      37494.7105      5.60404936e-05  -411.816359    
28117.0663      37494.7105      9.96556558e-05  -743.016524    
37494.7105      50000           0               -0.595733538   
37494.7105      50000           1.77215601e-10  -0.592882462   
37494.7105      50000           3.15138854e-10  -0.590673886   
37494.7105      50000           5.60404936e-10  -0.586768636   
37494.7105      50000           9.96556558e-10  -0.579893436   
37494.7105      50000           1.77215601e-09  -0.567882427   
37494.7105      50000           3.15138854e-09  -0.547179118   
37494.7105      50000           5.60404936e-09  -0.512309556   
37494.7105      50000           9.96556558e-09  -0.455834551   
37494.7105      50000           1.77215601e-08  -0.370088061   
37494.7105      50000           3.15138854e-08  -0.252858072   
37494.7105      50000           5.60404936e-08  -0.118577195   
37494.7105      50000           9.96556558e-08  -0.0137159505  
37494.7105      50000           1.77215601e-07  -0.0342222361  
37494.7105      50000           3.15138854e-07  -0.349626695   
37494.7105      50000           5.60404936e-07  -1.24854008    
37494.7105      50000           9.96556558e-07  -3.2274782     
37494.7105      50000           1.77215601e-06  -7.15489698    
37494.7105      50000           3.15138854e-06  -14.5652348    
37494.7105      50000           5.60404936e-06  -28.182254     
37494.7105      50000           9.96556558e-06  -52.8504102    
37494.7105      50000           1.77215601e-05  -97.193122     
37494.7105      50000           3.15138854e-05  -176.563928    
37494.7105      50000           5.60404936e-05  -318.293784    
37494.7105      50000           9.96556558e-05  -571.017786    
50000           66676.0716      0               1.09560006e-09 
50000           66676.0716      1.77215601e-10  -0.000674602432
50000           66676.0716      3.15138854e-10  -0.00119963875 
50000           66676.0716      5.60404936e-10  -0.00213331363 
50000           66676.0716      9.96556558e-10  -0.00379369139 
50000           66676.0716      1.77215601e-09  -0.00674644277 
50000           66676.0716      3.15138854e-09  -0.0119976888  
50000           66676.0716      5.60404936e-09  -0.0213372258  
50000           66676.0716      9.96556558e-09  -0.0379498027  
50000           66676.0716      1.77215601e-08  -0.0675050408  
50000           66676.0716      3.15138854e-08  -0.120104608   
50000           66676.0716      5.60404936e-08  -0.213772311   
50000           66676.0716      9.96556558e-08  -0.380742214   
50000           66676.0716      1.77215601e-07  -0.678872843   
50000           66676.0716      3.15138854e-07  -1.21255216    
50000           66676.0716      5.60404936e-07  -2.17124618    
50000           66676.0716      9.96556558e-07  -3.9004273     
50000           66676.0716      1.77215601e-06  -7.02994793    
50000           66676.0716      3.15138854e-06  -12.7008056    
50000           66676.0716      5.60404936e-06  -22.9604932    
50000           66676.0716      9.96556558e-06  -41.4572111    
50000           66676.0716      1.77215601e-05  -74.6743904    
50000           66676.0716      3.15138854e-05  -134.135988    
50000           66676.0716      5.60404936e-05  -240.340331    
50000           66676.0716      9.96556558e-05  -429.762118    
66676.0716      88913.9705      0               9.88377394e-06 
66676.0716      88913.9705      1.77215601e-10  -0.000538203906
66676.0716      88913.9705      3.15138854e-10  -0.000964769857
66676.0716      88913.9705      5.60404936e-10  -0.00172332459 
66676.0716      88913.9705      9.96556558e-10  -0.00307225091 
66676.0716      88913.9705      1.77215601e-09  -0.00547103164 
66676.0716      88913.9705      3.15138854e-09  -0.00973677461 
66676.0716      88913.9705      5.60404936e-09  -0.0173225858  
66676.0716      88913.9705      9.96556558e-09  -0.0308126828  
66676.0716      88913.9705      1.77215601e-08  -0.0548031242  
66676.0716      88913.9705      3.15138854e-08  -0.0974688666  
66676.0716      88913.9705      5.60404936e-08  -0.173353172   
66676.0716      88913.9705      9.96556558e-08  -0.308336455   
66676.0716      88913.9705      1.77215601e-07  -0.548498288   
66676.0716      88913.9705      3.15138854e-07  -0.975954036   
66676.0716      88913.9705      5.60404936e-07  -1.73723757    
66676.0716      88913.9705      9.96556558e-07  -3.09435398    
66676.0716      88913.9705      1.77215601e-06  -5.51688969    
66676.0716      88913.9705      3.15138854e-06  -9.84813998    
66676.0716      88913.9705      5.60404936e-06  -17.6028233    
66676.0716      88913.9705      9.96556558e-06  -31.4951974    
66676.0716      88913.9705      1.77215601e-05  -56.370368     
66676.0716      88913.9705      3.15138854e-05  -100.850873    
66676.0716      88913.9705      5.60404936e-05  -180.263063    
66676.0716      88913.9705      9.96556558e-05  -321.848629    
88913.9705      118568.685      0               0.000268756876 
88913.9705      118568.685      1.77215601e-10  -0.000163264639
88913.9705      118568.685      3.15138854e-10  -0.000499498089
88913.9705      118568.685      5.60404936e-10  -0.00109741511 
88913.9705      118568.685      9.96556558e-10  -0.00216067864 
88913.9705      118568.685      1.77215601e-09  -0.00405145828 
88913.9705      118568.685      3.15138854e-09  -0.00741379278 
88913.9705      118568.685      5.60404936e-09  -0.013392963   
88913.9705      118568.685      9.96556558e-09  -0.0240255983  
88913.9705      118568.685      1.77215601e-08  -0.0429333947  
88913.9705      118568.685      3.15138854e-08  -0.0765567397  
88913.9705      118568.685      5.60404936e-08  -0.136348442   
88913.9705      118568.685      9.96556558e-08  -0.242674795   
88913.9705      118568.685      1.77215601e-07  -0.431752759   
88913.9705      118568.685      3.15138854e-07  -0.76798621    
88913.9705      118568.685      5.60404936e-07  -1.36590324    
88913.9705      118568.685      9.96556558e-07  -2.42916678    
88913.9705      118568.685      1.77215601e-06  -4.31994645    
88913.9705      118568.685      3.15138854e-06  -7.68228107    
88913.9705      118568.685      5.60404936e-06  -13.6614517    
88913.9705      118568.685      9.96556558e-06  -24.2940881    
88913.9705      118568.685      1.77215601e-05  -43.2018883    
88913.9705      118568.685      3.15138854e-05  -76.8252452    
88913.9705      118568.685      5.60404936e-05  -136.616985    
88913.9705      118568.685      9.96556558e-05  -242.943456    
118568.685      158113.883      0               0.000566585066 
118568.685      158113.883      1.77215601e-10  0.000457765571 
118568.685      158113.883      3.15138854e-10  0.000373042336 
118568.685      158113.883      5.60404936e-10  0.00022231318  
118568.685      158113.883      9.96556558e-10  -4.59389109e-05
118568.685      158113.883      1.77215601e-09  -0.000523640555
118568.685      158113.883      3.15138854e-09  -0.00137525602 
118568.685      158113.883      5.60404936e-09  -0.00289637242 
118568.685      158113.883      9.96556558e-09  -0.00562241151 
118568.685      158113.883      1.77215601e-08  -0.0105359343  
118568.685      158113.883      3.15138854e-08  -0.0194776464  
118568.685      158113.883      5.60404936e-08  -0.0360014     
118568.685      158113.883      9.96556558e-08  -0.0672376588  
118568.685      158113.883      1.77215601e-07  -0.12806253    
118568.685      158113.883      3.15138854e-07  -0.250285897   
118568.685      158113.883      5.60404936e-07  -0.501572569   
118568.685      158113.883      9.96556558e-07  -1.02033716    
118568.685      158113.883      1.77215601e-06  -2.07361082    
118568.685      158113.883      3.15138854e-06  -4.15012082    
118568.685      158113.883      5.60404936e-06  -8.11854376    
118568.685      158113.883      9.96556558e-06  -15.511123     
118568.685      158113.883      1.77215601e-05  -29.035842     
118568.685      158113.883      3.15138854e-05  -53.4933669    
118568.685      158113.883      5.60404936e-05  -97.4098421    
118568.685      158113.883      9.96556558e-05  -175.940253    
158113.883      210848.252      0               2.06807308e-06 
158113.883      210848.252      1.77215601e-10  -0.000227274   
158113.883      210848.252      3.15138854e-10  -0.000405766261
158113.883      210848.252      5.60404936e-10  -0.000723175479
158113.883      210848.252      9.96556558e-10  -0.00128761809 
158113.883      210848.252      1.77215601e-09  -0.0022913558  
158113.883      210848.252      3.15138854e-09  -0.00407628522 
158113.883      210848.252      5.60404936e-09  -0.00725039891 
158113.883      210848.252      9.96556558e-09  -0.012894893   
158113.883      210848.252      1.77215601e-08  -0.0229324852  
158113.883      210848.252      3.15138854e-08  -0.040782459   
158113.883      210848.252      5.60404936e-08  -0.0725257433  
158113.883      210848.252      9.96556558e-08  -0.128977465   
158113.883      210848.252      1.77215601e-07  -0.229374772   
158113.883      210848.252      3.15138854e-07  -0.407941817   
158113.883      210848.252      5.60404936e-07  -0.72558574    
158113.883      210848.252      9.96556558e-07  -1.29076074    
158113.883      210848.252      1.77215601e-06  -2.29676143    
158113.883      210848.252      3.15138854e-06  -4.08856812    
158113.883      210848.252      5.60404936e-06  -7.28302965    
158113.883      210848.252      9.96556558e-06  -12.9853242    
158113.883      210848.252      1.77215601e-05  -23.178051     
158113.883      210848.252      3.15138854e-05  -41.4160623    
158113.883      210848.252      5.60404936e-05  -74.0581169    
158113.883      210848.252      9.96556558e-05  -132.44394     
210848.252      281170.663      0               0.000439653663 
210848.252      281170.663      1.77215601e-10  0.00026037132  
210848.252      281170.663      3.15138854e-10  0.000120839563 
210848.252      281170.663      5.60404936e-10  -0.000127286886
210848.252      281170.663      9.96556558e-10  -0.000568525042
210848.252      281170.663      1.77215601e-09  -0.00135316977 
210848.252      281170.663      3.15138854e-09  -0.00274848734 
210848.252      281170.663      5.60404936e-09  -0.00522975186 
210848.252      281170.663      9.96556558e-09  -0.00964213351 
210848.252      281170.663      1.77215601e-08  -0.0174885811  
210848.252      281170.663      3.15138854e-08  -0.0314417576  
210848.252      281170.663      5.60404936e-08  -0.0562544053  
210848.252      281170.663      9.96556558e-08  -0.10037823    
210848.252      281170.663      1.77215601e-07  -0.178842731   
210848.252      281170.663      3.15138854e-07  -0.318374576   
210848.252      281170.663      5.60404936e-07  -0.566501308   
210848.252      281170.663      9.96556558e-07  -1.00774036    
210848.252      281170.663      1.77215601e-06  -1.7923879     
210848.252      281170.663      3.15138854e-06  -3.18771436    
210848.252      281170.663      5.60404936e-06  -5.66900689    
210848.252      281170.663      9.96556558e-06  -10.0814766    
210848.252      281170.663      1.77215601e-05  -17.9282       
210848.252      281170.663      3.15138854e-05  -31.8822339    
210848.252      281170.663      5.60404936e-05  -56.6975123    
210848.252      281170.663      9.96556558e-05  -100.82924     
281170.663      374947.105      0               2.15912621e-10 
281170.663      374947.105      1.77215601e-10  -0.000132944117
281170.663      374947.105      3.15138854e-10  -0.000236411954
281170.663      374947.105      5.60404936e-10  -0.000420406679
281170.663      374947.105      9.96556558e-10  -0.000747600711
281170.663      374947.105      1.77215601e-09  -0.00132944312 
281170.663      374947.105      3.15138854e-09  -0.00236412152 
281170.663      374947.105      5.60404936e-09  -0.00420406882 
281170.663      374947.105      9.96556558e-09  -0.00747600933 
281170.663      374947.105      1.77215601e-08  -0.0132944341  
281170.663      374947.105      3.15138854e-08  -0.0236412199  
281170.663      374947.105      5.60404936e-08  -0.042040699   
281170.663      374947.105      9.96556558e-08  -0.074760123   
281170.663      374947.105      1.77215601e-07  -0.13294443    
281170.663      374947.105      3.15138854e-07  -0.236412478   
281170.663      374947.105      5.60404936e-07  -0.420407868   
281170.663      374947.105      9.96556558e-07  -0.747604001   
281170.663      374947.105      1.77215601e-06  -1.32945305    
281170.663      374947.105      3.15138854e-06  -2.36415237    
281170.663      374947.105      5.60404936e-06  -4.20416559    
281170.663      374947.105      9.96556558e-06  -7.4763129     
281170.663      374947.105      1.77215601e-05  -13.2953828    
281170.663      374947.105      3.15138854e-05  -23.6441609    
281170.663      374947.105      5.60404936e-05  -42.0496893    
281170.663      374947.105      9.96556558e-05  -74.7869854    
374947.105      500000          0               0.000135655474 
374947.105      500000          1.77215601e-10  3.85818741e-05 
374947.105      500000          3.15138854e-10  -3.69685103e-05
374947.105      500000          5.60404936e-10  -0.000171318203
374947.105      500000          9.96556558e-10  -0.000410229496
374947.105      500000          1.77215601e-09  -0.000835080529
374947.105      500000          3.15138854e-09  -0.00159058437 
374947.105      500000          5.60404936e-09  -0.0029340813  
374947.105      500000          9.96556558e-09  -0.00532319423 
374947.105      500000          1.77215601e-08  -0.00957170456 
374947.105      500000          3.15138854e-08  -0.017126743   
374947.105      500000          5.60404936e-08  -0.0305617123  
374947.105      500000          9.96556558e-08  -0.0544528416  
374947.105      500000          1.77215601e-07  -0.0969379449  
374947.105      500000          3.15138854e-07  -0.172488329   
374947.105      500000          5.60404936e-07  -0.306838022   
374947.105      500000          9.96556558e-07  -0.545749315   
374947.105      500000          1.77215601e-06  -0.970600349   
374947.105      500000          3.15138854e-06  -1.7261042     
374947.105      500000          5.60404936e-06  -3.06960113    
374947.105      500000          9.96556558e-06  -5.45871408    
374947.105      500000          1.77215601e-05  -9.70722448    
374947.105      500000          3.15138854e-05  -17.2622632    
374947.105      500000          5.60404936e-05  -30.6972332    
374947.105      500000          9.96556558e-05  -54.5883648    
