### /nfs/slac/g/ki/ki20/cta/mdwood/fermi/dsph_pipeline/des_dwarfs/v6/p302_6yr_source_psf0123_point_gs_jsigma0.6/results/like_pegasus_III.txt
#[0]emin(MeV) [1]emax(MeV) [2]eflux(MeV/cm^2/s) [3]deltaLogLike
500             666.760716      0               -0.405194493   
500             666.760716      1.77215601e-10  -0.402930466   
500             666.760716      3.15138854e-10  -0.401173127   
500             666.760716      5.60404936e-10  -0.398058256   
500             666.760716      9.96556558e-10  -0.392551271   
500             666.760716      1.77215601e-09  -0.382859733   
500             666.760716      3.15138854e-09  -0.365945207   
500             666.760716      5.60404936e-09  -0.336872106   
500             666.760716      9.96556558e-09  -0.288322071   
500             666.760716      1.77215601e-08  -0.21178357    
500             666.760716      3.15138854e-08  -0.105779233   
500             666.760716      5.60404936e-08  -0.00793306707 
500             666.760716      9.96556558e-08  -0.0984824117  
500             666.760716      1.77215601e-07  -0.996299155   
500             666.760716      3.15138854e-07  -4.51938119    
500             666.760716      5.60404936e-07  -15.447994     
500             666.760716      9.96556558e-07  -45.2644074    
500             666.760716      1.77215601e-06  -119.606865    
500             666.760716      3.15138854e-06  -292.591451    
500             666.760716      5.60404936e-06  -673.598876    
500             666.760716      9.96556558e-06  -1476.19222    
500             666.760716      1.77215601e-05  -3106.05992    
500             666.760716      3.15138854e-05  -6317.98025    
500             666.760716      5.60404936e-05  -12494.9075    
500             666.760716      9.96556558e-05  -24142.8785    
666.760716      889.139705      0               0.00612072385  
666.760716      889.139705      1.77215601e-10  0.00262367132  
666.760716      889.139705      3.15138854e-10  -0.000102395752
666.760716      889.139705      5.60404936e-10  -0.00495957295 
666.760716      889.139705      9.96556558e-10  -0.01362689    
666.760716      889.139705      1.77215601e-09  -0.0291341132  
666.760716      889.139705      3.15138854e-09  -0.0570072052  
666.760716      889.139705      5.60404936e-09  -0.107504948   
666.760716      889.139705      9.96556558e-09  -0.200209755   
666.760716      889.139705      1.77215601e-08  -0.37403652    
666.760716      889.139705      3.15138854e-08  -0.710385835   
666.760716      889.139705      5.60404936e-08  -1.38899083    
666.760716      889.139705      9.96556558e-08  -2.82412311    
666.760716      889.139705      1.77215601e-07  -5.98935158    
666.760716      889.139705      3.15138854e-07  -13.1562194    
666.760716      889.139705      5.60404936e-07  -29.4838968    
666.760716      889.139705      9.96556558e-07  -66.2711117    
666.760716      889.139705      1.77215601e-06  -147.333179    
666.760716      889.139705      3.15138854e-06  -321.081568    
666.760716      889.139705      5.60404936e-06  -682.800206    
666.760716      889.139705      9.96556558e-06  -1414.97377    
666.760716      889.139705      1.77215601e-05  -2859.48584    
666.760716      889.139705      3.15138854e-05  -5646.09843    
666.760716      889.139705      5.60404936e-05  -10920.5181    
666.760716      889.139705      9.96556558e-05  -20749.0875    
889.139705      1185.68685      0               0.00153174679  
889.139705      1185.68685      1.77215601e-10  0.000787905878 
889.139705      1185.68685      3.15138854e-10  0.000198436008 
889.139705      1185.68685      5.60404936e-10  -0.000872567833
889.139705      1185.68685      9.96556558e-10  -0.00284882178 
889.139705      1185.68685      1.77215601e-09  -0.00658842282 
889.139705      1185.68685      3.15138854e-09  -0.0139425735  
889.139705      1185.68685      5.60404936e-09  -0.0292017966  
889.139705      1185.68685      9.96556558e-09  -0.062995573   
889.139705      1185.68685      1.77215601e-08  -0.142918482   
889.139705      1185.68685      3.15138854e-08  -0.34183539    
889.139705      1185.68685      5.60404936e-08  -0.849252599   
889.139705      1185.68685      9.96556558e-08  -2.13773953    
889.139705      1185.68685      1.77215601e-07  -5.32121821    
889.139705      1185.68685      3.15138854e-07  -12.8854526    
889.139705      1185.68685      5.60404936e-07  -30.1411645    
889.139705      1185.68685      9.96556558e-07  -68.057762     
889.139705      1185.68685      1.77215601e-06  -148.632291    
889.139705      1185.68685      3.15138854e-06  -314.80373     
889.139705      1185.68685      5.60404936e-06  -648.497613    
889.139705      1185.68685      9.96556558e-06  -1303.17154    
889.139705      1185.68685      1.77215601e-05  -2562.0434     
889.139705      1185.68685      3.15138854e-05  -4941.70008    
889.139705      1185.68685      5.60404936e-05  -9376.06619    
889.139705      1185.68685      9.96556558e-05  -17543.0107    
1185.68685      1581.13883      0               0.00333287742  
1185.68685      1581.13883      1.77215601e-10  0.000468036786 
1185.68685      1581.13883      3.15138854e-10  -0.0017685838  
1185.68685      1581.13883      5.60404936e-10  -0.00576097282 
1185.68685      1581.13883      9.96556558e-10  -0.0129080313  
1185.68685      1581.13883      1.77215601e-09  -0.0257669272  
1185.68685      1581.13883      3.15138854e-09  -0.0491022798  
1185.68685      1581.13883      5.60404936e-09  -0.0920596108  
1185.68685      1581.13883      9.96556558e-09  -0.172952437   
1185.68685      1581.13883      1.77215601e-08  -0.330430435   
1185.68685      1581.13883      3.15138854e-08  -0.650492711   
1185.68685      1581.13883      5.60404936e-08  -1.3318253     
1185.68685      1581.13883      9.96556558e-08  -2.83748556    
1185.68685      1581.13883      1.77215601e-07  -6.22252026    
1185.68685      1581.13883      3.15138854e-07  -13.7888373    
1185.68685      1581.13883      5.60404936e-07  -30.3286256    
1185.68685      1581.13883      9.96556558e-07  -65.4491647    
1185.68685      1581.13883      1.77215601e-06  -137.912508    
1185.68685      1581.13883      3.15138854e-06  -283.648145    
1185.68685      1581.13883      5.60404936e-06  -570.26997     
1185.68685      1581.13883      9.96556558e-06  -1123.0081     
1185.68685      1581.13883      1.77215601e-05  -2170.7929     
1185.68685      1581.13883      3.15138854e-05  -4128.11294    
1185.68685      1581.13883      5.60404936e-05  -7740.52387    
1185.68685      1581.13883      9.96556558e-05  -14343.4503    
1581.13883      2108.48252      0               -0.0246646498  
1581.13883      2108.48252      1.77215601e-10  -0.0236649421  
1581.13883      2108.48252      3.15138854e-10  -0.0229019212  
1581.13883      2108.48252      5.60404936e-10  -0.0215774353  
1581.13883      2108.48252      9.96556558e-10  -0.019323955   
1581.13883      2108.48252      1.77215601e-09  -0.0156355146  
1581.13883      2108.48252      3.15138854e-09  -0.0100676788  
1581.13883      2108.48252      5.60404936e-09  -0.00320884176 
1581.13883      2108.48252      9.96556558e-09  -0.000151353788
1581.13883      2108.48252      1.77215601e-08  -0.0212308456  
1581.13883      2108.48252      3.15138854e-08  -0.131653553   
1581.13883      2108.48252      5.60404936e-08  -0.514093728   
1581.13883      2108.48252      9.96556558e-08  -1.62572058    
1581.13883      2108.48252      1.77215601e-07  -4.5024186     
1581.13883      2108.48252      3.15138854e-07  -11.3116277    
1581.13883      2108.48252      5.60404936e-07  -26.3504079    
1581.13883      2108.48252      9.96556558e-07  -57.8849088    
1581.13883      2108.48252      1.77215601e-06  -121.564635    
1581.13883      2108.48252      3.15138854e-06  -246.667992    
1581.13883      2108.48252      5.60404936e-06  -487.324362    
1581.13883      2108.48252      9.96556558e-06  -942.516154    
1581.13883      2108.48252      1.77215601e-05  -1791.69104    
1581.13883      2108.48252      3.15138854e-05  -3358.13259    
1581.13883      2108.48252      5.60404936e-05  -6221.62201    
1581.13883      2108.48252      9.96556558e-05  -11418.663     
2108.48252      2811.70663      0               0.00104629626  
2108.48252      2811.70663      1.77215601e-10  -0.00423120274 
2108.48252      2811.70663      3.15138854e-10  -0.00834283991 
2108.48252      2811.70663      5.60404936e-10  -0.0156636903  
2108.48252      2811.70663      9.96556558e-10  -0.0287112489  
2108.48252      2811.70663      1.77215601e-09  -0.0520048102  
2108.48252      2811.70663      3.15138854e-09  -0.0937135041  
2108.48252      2811.70663      5.60404936e-09  -0.168773732   
2108.48252      2811.70663      9.96556558e-09  -0.304988726   
2108.48252      2811.70663      1.77215601e-08  -0.555456287   
2108.48252      2811.70663      3.15138854e-08  -1.02483016    
2108.48252      2811.70663      5.60404936e-08  -1.92564846    
2108.48252      2811.70663      9.96556558e-08  -3.69660181    
2108.48252      2811.70663      1.77215601e-07  -7.23749092    
2108.48252      2811.70663      3.15138854e-07  -14.3480211    
2108.48252      2811.70663      5.60404936e-07  -28.5216623    
2108.48252      2811.70663      9.96556558e-07  -56.3865204    
2108.48252      2811.70663      1.77215601e-06  -110.338351    
2108.48252      2811.70663      3.15138854e-06  -213.31727     
2108.48252      2811.70663      5.60404936e-06  -407.367399    
2108.48252      2811.70663      9.96556558e-06  -768.865486    
2108.48252      2811.70663      1.77215601e-05  -1435.57501    
2108.48252      2811.70663      3.15138854e-05  -2654.72632    
2108.48252      2811.70663      5.60404936e-05  -4868.4875     
2108.48252      2811.70663      9.96556558e-05  -8865.95836    
2811.70663      3749.47105      0               0.00011574227  
2811.70663      3749.47105      1.77215601e-10  -0.00630421108 
2811.70663      3749.47105      3.15138854e-10  -0.0113030784  
2811.70663      3749.47105      5.60404936e-10  -0.0201975281  
2811.70663      3749.47105      9.96556558e-10  -0.0360303039  
2811.70663      3749.47105      1.77215601e-09  -0.0642355123  
2811.70663      3749.47105      3.15138854e-09  -0.114548741   
2811.70663      3749.47105      5.60404936e-09  -0.204503835   
2811.70663      3749.47105      9.96556558e-09  -0.365942906   
2811.70663      3749.47105      1.77215601e-08  -0.65739527    
2811.70663      3749.47105      3.15138854e-08  -1.18809519    
2811.70663      3749.47105      5.60404936e-08  -2.16501713    
2811.70663      3749.47105      9.96556558e-08  -3.98418774    
2811.70663      3749.47105      1.77215601e-07  -7.40441565    
2811.70663      3749.47105      3.15138854e-07  -13.8730105    
2811.70663      3749.47105      5.60404936e-07  -26.132665     
2811.70663      3749.47105      9.96556558e-07  -49.33881      
2811.70663      3749.47105      1.77215601e-06  -93.0781292    
2811.70663      3749.47105      3.15138854e-06  -174.967659    
2811.70663      3749.47105      5.60404936e-06  -327.055626    
2811.70663      3749.47105      9.96556558e-06  -607.220005    
2811.70663      3749.47105      1.77215601e-05  -1119.46196    
2811.70663      3749.47105      3.15138854e-05  -2049.98959    
2811.70663      3749.47105      5.60404936e-05  -3731.35014    
2811.70663      3749.47105      9.96556558e-05  -6756.44573    
3749.47105      5000            0               1.03632374e-08 
3749.47105      5000            1.77215601e-10  -0.00638098189 
3749.47105      5000            3.15138854e-10  -0.0113480912  
3749.47105      5000            5.60404936e-10  -0.0201829733  
3749.47105      5000            9.96556558e-10  -0.0359000889  
3749.47105      5000            1.77215601e-09  -0.0638691169  
3749.47105      5000            3.15138854e-09  -0.113667383   
3749.47105      5000            5.60404936e-09  -0.202414531   
3749.47105      5000            9.96556558e-09  -0.36082436    
3749.47105      5000            1.77215601e-08  -0.644319513   
3749.47105      5000            3.15138854e-08  -1.15375416    
3749.47105      5000            5.60404936e-08  -2.07460095    
3749.47105      5000            9.96556558e-08  -3.75144831    
3749.47105      5000            1.77215601e-07  -6.82818476    
3749.47105      5000            3.15138854e-07  -12.5061698    
3749.47105      5000            5.60404936e-07  -23.011235     
3749.47105      5000            9.96556558e-07  -42.4331664    
3749.47105      5000            1.77215601e-06  -78.231974     
3749.47105      5000            3.15138854e-06  -143.928292    
3749.47105      5000            5.60404936e-06  -263.882947    
3749.47105      5000            9.96556558e-06  -481.767376    
3749.47105      5000            1.77215601e-05  -875.590296    
3749.47105      5000            3.15138854e-05  -1584.41662    
3749.47105      5000            5.60404936e-05  -2855.94317    
3749.47105      5000            9.96556558e-05  -5131.20705    
5000            6667.60716      0               0.000121357556 
5000            6667.60716      1.77215601e-10  -0.00436618785 
5000            6667.60716      3.15138854e-10  -0.00786012214 
5000            6667.60716      5.60404936e-10  -0.0140762689  
5000            6667.60716      9.96556558e-10  -0.0251396268  
5000            6667.60716      1.77215601e-09  -0.0448426302  
5000            6667.60716      3.15138854e-09  -0.0799715798  
5000            6667.60716      5.60404936e-09  -0.142724388   
5000            6667.60716      9.96556558e-09  -0.255183308   
5000            6667.60716      1.77215601e-08  -0.457750509   
5000            6667.60716      3.15138854e-08  -0.825367168   
5000            6667.60716      5.60404936e-08  -1.49897859    
5000            6667.60716      9.96556558e-08  -2.7457863     
5000            6667.60716      1.77215601e-07  -5.07062278    
5000            6667.60716      3.15138854e-07  -9.41432445    
5000            6667.60716      5.60404936e-07  -17.5024519    
5000            6667.60716      9.96556558e-07  -32.4646979    
5000            6667.60716      1.77215601e-06  -59.9462525    
5000            6667.60716      3.15138854e-06  -110.097135    
5000            6667.60716      5.60404936e-06  -201.110055    
5000            6667.60716      9.96556558e-06  -365.507934    
5000            6667.60716      1.77215601e-05  -661.353417    
5000            6667.60716      3.15138854e-05  -1192.24586    
5000            6667.60716      5.60404936e-05  -2142.91298    
5000            6667.60716      9.96556558e-05  -3842.4395     
6667.60716      8891.39705      0               2.23509965e-05 
6667.60716      8891.39705      1.77215601e-10  -0.00122018464 
6667.60716      8891.39705      3.15138854e-10  -0.00219158281 
6667.60716      8891.39705      5.60404936e-10  -0.00392837893 
6667.60716      8891.39705      9.96556558e-10  -0.00704633967 
6667.60716      8891.39705      1.77215601e-09  -0.0126829392  
6667.60716      8891.39705      3.15138854e-09  -0.0229910601  
6667.60716      8891.39705      5.60404936e-09  -0.042188589   
6667.60716      8891.39705      9.96556558e-09  -0.0788957155  
6667.60716      8891.39705      1.77215601e-08  -0.151453382   
6667.60716      8891.39705      3.15138854e-08  -0.299775987   
6667.60716      8891.39705      5.60404936e-08  -0.610038647   
6667.60716      8891.39705      9.96556558e-08  -1.26149656    
6667.60716      8891.39705      1.77215601e-07  -2.60927097    
6667.60716      8891.39705      3.15138854e-07  -5.32986915    
6667.60716      8891.39705      5.60404936e-07  -10.6836572    
6667.60716      8891.39705      9.96556558e-07  -20.990004     
6667.60716      8891.39705      1.77215601e-06  -40.4774437    
6667.60716      8891.39705      3.15138854e-06  -76.7988349    
6667.60716      8891.39705      5.60404936e-06  -143.737875    
6667.60716      8891.39705      9.96556558e-06  -266.03633     
6667.60716      8891.39705      1.77215601e-05  -487.960255    
6667.60716      8891.39705      3.15138854e-05  -888.464879    
6667.60716      8891.39705      5.60404936e-05  -1608.09403    
6667.60716      8891.39705      9.96556558e-05  -2896.82406    
8891.39705      11856.8685      0               6.094524e-09   
8891.39705      11856.8685      1.77215601e-10  -0.00375260738 
8891.39705      11856.8685      3.15138854e-10  -0.006673198   
8891.39705      11856.8685      5.60404936e-10  -0.0118668432  
8891.39705      11856.8685      9.96556558e-10  -0.0211026557  
8891.39705      11856.8685      1.77215601e-09  -0.0375267013  
8891.39705      11856.8685      3.15138854e-09  -0.0667338448  
8891.39705      11856.8685      5.60404936e-09  -0.118674207   
8891.39705      11856.8685      9.96556558e-09  -0.211044679   
8891.39705      11856.8685      1.77215601e-08  -0.375324081   
8891.39705      11856.8685      3.15138854e-08  -0.667518135   
8891.39705      11856.8685      5.60404936e-08  -1.1873065     
8891.39705      11856.8685      9.96556558e-08  -2.11221129    
8891.39705      11856.8685      1.77215601e-07  -3.7587104     
8891.39705      11856.8685      3.15138854e-07  -6.69189293    
8891.39705      11856.8685      5.60404936e-07  -11.9229303    
8891.39705      11856.8685      9.96556558e-07  -21.2655209    
8891.39705      11856.8685      1.77215601e-06  -37.9781282    
8891.39705      11856.8685      3.15138854e-06  -67.9129084    
8891.39705      11856.8685      5.60404936e-06  -121.55421     
8891.39705      11856.8685      9.96556558e-06  -217.626118    
8891.39705      11856.8685      1.77215601e-05  -389.496439    
8891.39705      11856.8685      3.15138854e-05  -696.577028    
8891.39705      11856.8685      5.60404936e-05  -1244.62503    
8891.39705      11856.8685      9.96556558e-05  -2221.87497    
11856.8685      15811.3883      0               3.14685167e-09 
11856.8685      15811.3883      1.77215601e-10  -0.00193761875 
11856.8685      15811.3883      3.15138854e-10  -0.00344597125 
11856.8685      15811.3883      5.60404936e-10  -0.00612898042 
11856.8685      15811.3883      9.96556558e-10  -0.0109024463  
11856.8685      15811.3883      1.77215601e-09  -0.0193983326  
11856.8685      15811.3883      3.15138854e-09  -0.034529431   
11856.8685      15811.3883      5.60404936e-09  -0.0615088253  
11856.8685      15811.3883      9.96556558e-09  -0.109709356   
11856.8685      15811.3883      1.77215601e-08  -0.196107457   
11856.8685      15811.3883      3.15138854e-08  -0.351790297   
11856.8685      15811.3883      5.60404936e-08  -0.634502284   
11856.8685      15811.3883      9.96556558e-08  -1.15307691    
11856.8685      15811.3883      1.77215601e-07  -2.11441434    
11856.8685      15811.3883      3.15138854e-07  -3.91065154    
11856.8685      15811.3883      5.60404936e-07  -7.2751271     
11856.8685      15811.3883      9.96556558e-07  -13.55826      
11856.8685      15811.3883      1.77215601e-06  -25.218049     
11856.8685      15811.3883      3.15138854e-06  -46.689251     
11856.8685      15811.3883      5.60404936e-06  -85.912422     
11856.8685      15811.3883      9.96556558e-06  -157.030764    
11856.8685      15811.3883      1.77215601e-05  -285.1822      
11856.8685      15811.3883      3.15138854e-05  -515.041558    
11856.8685      15811.3883      5.60404936e-05  -926.034921    
11856.8685      15811.3883      9.96556558e-05  -1659.40569    
15811.3883      21084.8252      0               1.47678771e-05 
15811.3883      21084.8252      1.77215601e-10  -0.00162301816 
15811.3883      21084.8252      3.15138854e-10  -0.0028977855  
15811.3883      21084.8252      5.60404936e-10  -0.00516492047 
15811.3883      21084.8252      9.96556558e-10  -0.00919728588 
15811.3883      21084.8252      1.77215601e-09  -0.0163703766  
15811.3883      21084.8252      3.15138854e-09  -0.0291337622  
15811.3883      21084.8252      5.60404936e-09  -0.0518546217  
15811.3883      21084.8252      9.96556558e-09  -0.0923338588  
15811.3883      21084.8252      1.77215601e-08  -0.164551339   
15811.3883      21084.8252      3.15138854e-08  -0.293694247   
15811.3883      21084.8252      5.60404936e-08  -0.525516569   
15811.3883      21084.8252      9.96556558e-08  -0.944082739   
15811.3883      21084.8252      1.77215601e-07  -1.70584379    
15811.3883      21084.8252      3.15138854e-07  -3.10475043    
15811.3883      21084.8252      5.60404936e-07  -5.69283743    
15811.3883      21084.8252      9.96556558e-07  -10.493443     
15811.3883      21084.8252      1.77215601e-06  -19.3675442    
15811.3883      21084.8252      3.15138854e-06  -35.6486496    
15811.3883      21084.8252      5.60404936e-06  -65.268224     
15811.3883      21084.8252      9.96556558e-06  -118.767139    
15811.3883      21084.8252      1.77215601e-05  -214.881811    
15811.3883      21084.8252      3.15138854e-05  -386.925686    
15811.3883      21084.8252      5.60404936e-05  -694.145077    
15811.3883      21084.8252      9.96556558e-05  -1241.92356    
21084.8252      28117.0663      0               2.55386112e-09 
21084.8252      28117.0663      1.77215601e-10  -0.00157247882 
21084.8252      28117.0663      3.15138854e-10  -0.00279631324 
21084.8252      28117.0663      5.60404936e-10  -0.00497264257 
21084.8252      28117.0663      9.96556558e-10  -0.00884279521 
21084.8252      28117.0663      1.77215601e-09  -0.0157251059  
21084.8252      28117.0663      3.15138854e-09  -0.0279640868  
21084.8252      28117.0663      5.60404936e-09  -0.0497293923  
21084.8252      28117.0663      9.96556558e-09  -0.0884372721  
21084.8252      28117.0663      1.77215601e-08  -0.157280418   
21084.8252      28117.0663      3.15138854e-08  -0.2797333     
21084.8252      28117.0663      5.60404936e-08  -0.497584174   
21084.8252      28117.0663      9.96556558e-08  -0.885279547   
21084.8252      28117.0663      1.77215601e-07  -1.57561224    
21084.8252      28117.0663      3.15138854e-07  -2.80589839    
21084.8252      28117.0663      5.60404936e-07  -5.00133663    
21084.8252      28117.0663      9.96556558e-07  -8.92587935    
21084.8252      28117.0663      1.77215601e-06  -15.9547325    
21084.8252      28117.0663      3.15138854e-06  -28.5628543    
21084.8252      28117.0663      5.60404936e-06  -51.1932649    
21084.8252      28117.0663      9.96556558e-06  -91.7941737    
21084.8252      28117.0663      1.77215601e-05  -164.540232    
21084.8252      28117.0663      3.15138854e-05  -294.658675    
21084.8252      28117.0663      5.60404936e-05  -527.009108    
21084.8252      28117.0663      9.96556558e-05  -941.358619    
28117.0663      37494.7105      0               2.10746975e-09 
28117.0663      37494.7105      1.77215601e-10  -0.00129762581 
28117.0663      37494.7105      3.15138854e-10  -0.00230754293 
28117.0663      37494.7105      5.60404936e-10  -0.00410345785 
28117.0663      37494.7105      9.96556558e-10  -0.00729709664 
28117.0663      37494.7105      1.77215601e-09  -0.0129762796  
28117.0663      37494.7105      3.15138854e-09  -0.0230754564  
28117.0663      37494.7105      5.60404936e-09  -0.041034623   
28117.0663      37494.7105      9.96556558e-09  -0.072971066   
28117.0663      37494.7105      1.77215601e-08  -0.12976307    
28117.0663      37494.7105      3.15138854e-08  -0.230755389   
28117.0663      37494.7105      5.60404936e-08  -0.410348796   
28117.0663      37494.7105      9.96556558e-08  -0.729718724   
28117.0663      37494.7105      1.77215601e-07  -1.2976561     
28117.0663      37494.7105      3.15138854e-07  -2.30763383    
28117.0663      37494.7105      5.60404936e-07  -4.10373883    
28117.0663      37494.7105      9.96556558e-07  -7.29797013    
28117.0663      37494.7105      1.77215601e-06  -12.9789804    
28117.0663      37494.7105      3.15138854e-06  -23.0836927    
28117.0663      37494.7105      5.60404936e-06  -41.0591488    
28117.0663      37494.7105      9.96556558e-06  -73.0414624    
28117.0663      37494.7105      1.77215601e-05  -129.954981    
28117.0663      37494.7105      3.15138854e-05  -231.245915    
28117.0663      37494.7105      5.60404936e-05  -411.516884    
28117.0663      37494.7105      9.96556558e-05  -732.316537    
37494.7105      50000           0               1.60753189e-09 
37494.7105      50000           1.77215601e-10  -0.000989766614
37494.7105      50000           3.15138854e-10  -0.00176008284 
37494.7105      50000           5.60404936e-10  -0.00312992034 
37494.7105      50000           9.96556558e-10  -0.00556587418 
37494.7105      50000           1.77215601e-09  -0.0098976808  
37494.7105      50000           3.15138854e-09  -0.0176008435  
37494.7105      50000           5.60404936e-09  -0.0312992198  
37494.7105      50000           9.96556558e-09  -0.0556587624  
37494.7105      50000           1.77215601e-08  -0.0989768417  
37494.7105      50000           3.15138854e-08  -0.17600851    
37494.7105      50000           5.60404936e-08  -0.312992405   
37494.7105      50000           9.96556558e-08  -0.556588246   
37494.7105      50000           1.77215601e-07  -0.989770351   
37494.7105      50000           3.15138854e-07  -1.76009118    
37494.7105      50000           5.60404936e-07  -3.1299432     
37494.7105      50000           9.96556558e-07  -5.5659428     
37494.7105      50000           1.77215601e-06  -9.89789323    
37494.7105      50000           3.15138854e-06  -17.6015057    
37494.7105      50000           5.60404936e-06  -31.3012774    
37494.7105      50000           9.96556558e-06  -55.6650885    
37494.7105      50000           1.77215601e-05  -98.9959329    
37494.7105      50000           3.15138854e-05  -176.064453    
37494.7105      50000           5.60404936e-05  -313.149524    
37494.7105      50000           9.96556558e-05  -557.005989    
50000           66676.0716      0               0.00031540012  
50000           66676.0716      1.77215601e-10  -0.000428917581
50000           66676.0716      3.15138854e-10  -0.00100820472 
50000           66676.0716      5.60404936e-10  -0.00203833912 
50000           66676.0716      9.96556558e-10  -0.0038702059  
50000           66676.0716      1.77215601e-09  -0.0071277769  
50000           66676.0716      3.15138854e-09  -0.0129206483  
50000           66676.0716      5.60404936e-09  -0.0232219924  
50000           66676.0716      9.96556558e-09  -0.0415406606  
50000           66676.0716      1.77215601e-08  -0.0741163716  
50000           66676.0716      3.15138854e-08  -0.13204509    
50000           66676.0716      5.60404936e-08  -0.235058541   
50000           66676.0716      9.96556558e-08  -0.418245257   
50000           66676.0716      1.77215601e-07  -0.744002476   
50000           66676.0716      3.15138854e-07  -1.32329       
50000           66676.0716      5.60404936e-07  -2.35342559    
50000           66676.0716      9.96556558e-07  -4.18529617    
50000           66676.0716      1.77215601e-06  -7.44287913    
50000           66676.0716      3.15138854e-06  -13.2357883    
50000           66676.0716      5.60404936e-06  -23.5372507    
50000           66676.0716      9.96556558e-06  -41.8562892    
50000           66676.0716      1.77215601e-05  -74.4331479    
50000           66676.0716      3.15138854e-05  -132.365373    
50000           66676.0716      5.60404936e-05  -235.389286    
50000           66676.0716      9.96556558e-05  -418.606074    
66676.0716      88913.9705      0               8.9517016e-10  
66676.0716      88913.9705      1.77215601e-10  -0.000551176182
66676.0716      88913.9705      3.15138854e-10  -0.000980145962
66676.0716      88913.9705      5.60404936e-10  -0.00174297411 
66676.0716      88913.9705      9.96556558e-10  -0.00309949578 
66676.0716      88913.9705      1.77215601e-09  -0.00551177056 
66676.0716      88913.9705      3.15138854e-09  -0.00980146985 
66676.0716      88913.9705      5.60404936e-09  -0.0174297561  
66676.0716      88913.9705      9.96556558e-09  -0.0309949876  
66676.0716      88913.9705      1.77215601e-08  -0.0551177824  
66676.0716      88913.9705      3.15138854e-08  -0.0980149238  
66676.0716      88913.9705      5.60404936e-08  -0.174298255   
66676.0716      88913.9705      9.96556558e-08  -0.309952054   
66676.0716      88913.9705      1.77215601e-07  -0.551184686   
66676.0716      88913.9705      3.15138854e-07  -0.980170879   
66676.0716      88913.9705      5.60404936e-07  -1.74305073    
66676.0716      88913.9705      9.96556558e-07  -3.09973481    
66676.0716      88913.9705      1.77215601e-06  -5.51251717    
66676.0716      88913.9705      3.15138854e-06  -9.80378887    
66676.0716      88913.9705      5.60404936e-06  -17.4368743    
66676.0716      88913.9705      9.96556558e-06  -31.0164029    
66676.0716      88913.9705      1.77215601e-05  -55.1802233    
66676.0716      88913.9705      3.15138854e-05  -98.1889886    
66676.0716      88913.9705      5.60404936e-05  -174.756176    
66676.0716      88913.9705      9.96556558e-05  -311.079453    
88913.9705      118568.685      0               6.19365892e-10 
88913.9705      118568.685      1.77215601e-10  -0.000381350363
88913.9705      118568.685      3.15138854e-10  -0.000678148439
88913.9705      118568.685      5.60404936e-10  -0.00120593934 
88913.9705      118568.685      9.96556558e-10  -0.00214450215 
88913.9705      118568.685      1.77215601e-09  -0.00381353899 
88913.9705      118568.685      3.15138854e-09  -0.00678158412 
88913.9705      118568.685      5.60404936e-09  -0.0120596966  
88913.9705      118568.685      9.96556558e-09  -0.0214459681  
88913.9705      118568.685      1.77215601e-08  -0.0381383689  
88913.9705      118568.685      3.15138854e-08  -0.067825238   
88913.9705      118568.685      5.60404936e-08  -0.120626604   
88913.9705      118568.685      9.96556558e-08  -0.214553025   
88913.9705      118568.685      1.77215601e-07  -0.381676824   
88913.9705      118568.685      3.15138854e-07  -0.679168135   
88913.9705      118568.685      5.60404936e-07  -1.20910111    
88913.9705      118568.685      9.96556558e-07  -2.1541743     
88913.9705      118568.685      1.77215601e-06  -3.84247612    
88913.9705      118568.685      3.15138854e-06  -6.86526046    
88913.9705      118568.685      5.60404936e-06  -12.2903717    
88913.9705      118568.685      9.96556558e-06  -22.0447463    
88913.9705      118568.685      1.77215601e-05  -39.5915926    
88913.9705      118568.685      3.15138854e-05  -71.1237393    
88913.9705      118568.685      5.60404936e-05  -127.673809    
88913.9705      118568.685      9.96556558e-05  -228.86373     
118568.685      158113.883      0               4.99142061e-10 
118568.685      158113.883      1.77215601e-10  -0.00030732136 
118568.685      158113.883      3.15138854e-10  -0.000546503637
118568.685      158113.883      5.60404936e-10  -0.000971836561
118568.685      158113.883      9.96556558e-10  -0.00172819735 
118568.685      158113.883      1.77215601e-09  -0.00307321823 
118568.685      158113.883      3.15138854e-09  -0.00546504129 
118568.685      158113.883      5.60404936e-09  -0.00971837143 
118568.685      158113.883      9.96556558e-09  -0.0172819822  
118568.685      158113.883      1.77215601e-08  -0.0307322     
118568.685      158113.883      3.15138854e-08  -0.0546504593  
118568.685      158113.883      5.60404936e-08  -0.0971838515  
118568.685      158113.883      9.96556558e-08  -0.172820247   
118568.685      158113.883      1.77215601e-07  -0.307323331   
118568.685      158113.883      3.15138854e-07  -0.546508788   
118568.685      158113.883      5.60404936e-07  -0.97185175    
118568.685      158113.883      9.96556558e-07  -1.72824418    
118568.685      158113.883      1.77215601e-06  -3.07336454    
118568.685      158113.883      3.15138854e-06  -5.46549905    
118568.685      158113.883      5.60404936e-06  -9.71979688    
118568.685      158113.883      9.96556558e-06  -17.2863758    
118568.685      158113.883      1.77215601e-05  -30.7455045    
118568.685      158113.883      3.15138854e-05  -54.6896292    
118568.685      158113.883      5.60404936e-05  -97.2944734    
118568.685      158113.883      9.96556558e-05  -173.115759    
158113.883      210848.252      0               3.73951536e-10 
158113.883      210848.252      1.77215601e-10  -0.000230243396
158113.883      210848.252      3.15138854e-10  -0.000409437382
158113.883      210848.252      5.60404936e-10  -0.000728094359
158113.883      210848.252      9.96556558e-10  -0.0012947555  
158113.883      210848.252      1.77215601e-09  -0.00230243735 
158113.883      210848.252      3.15138854e-09  -0.00409437727 
158113.883      210848.252      5.60404936e-09  -0.00728094722 
158113.883      210848.252      9.96556558e-09  -0.0129475592  
158113.883      210848.252      1.77215601e-08  -0.0230243796  
158113.883      210848.252      3.15138854e-08  -0.0409437846  
158113.883      210848.252      5.60404936e-08  -0.0728095026  
158113.883      210848.252      9.96556558e-08  -0.129475681   
158113.883      210848.252      1.77215601e-07  -0.230244069   
158113.883      210848.252      3.15138854e-07  -0.409438703   
158113.883      210848.252      5.60404936e-07  -0.728097727   
158113.883      210848.252      9.96556558e-07  -1.29476534    
158113.883      210848.252      1.77215601e-06  -2.30246759    
158113.883      210848.252      3.15138854e-06  -4.09447176    
158113.883      210848.252      5.60404936e-06  -7.28124347    
158113.883      210848.252      9.96556558e-06  -12.9484856    
158113.883      210848.252      1.77215601e-05  -23.0272558    
158113.883      210848.252      3.15138854e-05  -40.9526009    
158113.883      210848.252      5.60404936e-05  -72.8359618    
158113.883      210848.252      9.96556558e-05  -129.552543    
210848.252      281170.663      0               0.000766391215 
210848.252      281170.663      1.77215601e-10  0.000593616067 
210848.252      281170.663      3.15138854e-10  0.000459148728 
210848.252      281170.663      5.60404936e-10  0.000220028226 
210848.252      281170.663      9.96556558e-10  -0.000205194838
210848.252      281170.663      1.77215601e-09  -0.000961360257
210848.252      281170.663      3.15138854e-09  -0.00230603365 
210848.252      281170.663      5.60404936e-09  -0.00469723867 
210848.252      281170.663      9.96556558e-09  -0.00894946931 
210848.252      281170.663      1.77215601e-08  -0.0165111235  
210848.252      281170.663      3.15138854e-08  -0.0299578575  
210848.252      281170.663      5.60404936e-08  -0.0538699077  
210848.252      281170.663      9.96556558e-08  -0.0963922142  
210848.252      281170.663      1.77215601e-07  -0.172008757   
210848.252      281170.663      3.15138854e-07  -0.306476097   
210848.252      281170.663      5.60404936e-07  -0.545596603   
210848.252      281170.663      9.96556558e-07  -0.97081968    
210848.252      281170.663      1.77215601e-06  -1.72698514    
210848.252      281170.663      3.15138854e-06  -3.07165866    
210848.252      281170.663      5.60404936e-06  -5.46286408    
210848.252      281170.663      9.96556558e-06  -9.71509601    
210848.252      281170.663      1.77215601e-05  -17.2767543    
210848.252      281170.663      3.15138854e-05  -30.723501     
210848.252      281170.663      5.60404936e-05  -54.6355915    
210848.252      281170.663      9.96556558e-05  -97.1580246    
281170.663      374947.105      0               2.08565165e-10 
281170.663      374947.105      1.77215601e-10  -0.000128415479
281170.663      374947.105      3.15138854e-10  -0.000228358764
281170.663      374947.105      5.60404936e-10  -0.00040608585 
281170.663      374947.105      9.96556558e-10  -0.000722134268
281170.663      374947.105      1.77215601e-09  -0.00128415666 
281170.663      374947.105      3.15138854e-09  -0.00228358951 
281170.663      374947.105      5.60404936e-09  -0.00406086038 
281170.663      374947.105      9.96556558e-09  -0.00722134456 
281170.663      374947.105      1.77215601e-08  -0.0128415685  
281170.663      374947.105      3.15138854e-08  -0.022835897   
281170.663      374947.105      5.60404936e-08  -0.0406086056  
281170.663      374947.105      9.96556558e-08  -0.0722134474  
281170.663      374947.105      1.77215601e-07  -0.128415687   
281170.663      374947.105      3.15138854e-07  -0.228358972   
281170.663      374947.105      5.60404936e-07  -0.406086058   
281170.663      374947.105      9.96556558e-07  -0.722134476   
281170.663      374947.105      1.77215601e-06  -1.28415687    
281170.663      374947.105      3.15138854e-06  -2.28358972    
281170.663      374947.105      5.60404936e-06  -4.06086058    
281170.663      374947.105      9.96556558e-06  -7.22134477    
281170.663      374947.105      1.77215601e-05  -12.8415687    
281170.663      374947.105      3.15138854e-05  -22.8358972    
281170.663      374947.105      5.60404936e-05  -40.6086058    
281170.663      374947.105      9.96556558e-05  -72.2134477    
374947.105      500000          0               1.51428425e-10 
374947.105      500000          1.77215601e-10  -9.3235937e-05 
374947.105      500000          3.15138854e-10  -0.000165799665
374947.105      500000          5.60404936e-10  -0.000294838248
374947.105      500000          9.96556558e-10  -0.000524304904
374947.105      500000          1.77215601e-09  -0.000932360733
374947.105      500000          3.15138854e-09  -0.00165799801 
374947.105      500000          5.60404936e-09  -0.00294838384 
374947.105      500000          9.96556558e-09  -0.0052430504  
374947.105      500000          1.77215601e-08  -0.00932360869 
374947.105      500000          3.15138854e-08  -0.0165799815  
374947.105      500000          5.60404936e-08  -0.0294838398  
374947.105      500000          9.96556558e-08  -0.0524305054  
374947.105      500000          1.77215601e-07  -0.0932360883  
374947.105      500000          3.15138854e-07  -0.165799816   
374947.105      500000          5.60404936e-07  -0.294838399   
374947.105      500000          9.96556558e-07  -0.524305055   
374947.105      500000          1.77215601e-06  -0.932360884   
374947.105      500000          3.15138854e-06  -1.65799816    
374947.105      500000          5.60404936e-06  -2.948384      
374947.105      500000          9.96556558e-06  -5.24305055    
374947.105      500000          1.77215601e-05  -9.32360884    
374947.105      500000          3.15138854e-05  -16.5799816    
374947.105      500000          5.60404936e-05  -29.48384      
374947.105      500000          9.96556558e-05  -52.4305055    
