### /nfs/slac/g/ki/ki20/cta/mdwood/fermi/dsph_pipeline/des_dwarfs/v6/p302_6yr_source_psf0123_point_gs_jsigma0.6/results/like_grus_I.txt
#[0]emin(MeV) [1]emax(MeV) [2]eflux(MeV/cm^2/s) [3]deltaLogLike
500             666.760716      0               0.00272835118  
500             666.760716      1.77215601e-10  0.00259148759  
500             666.760716      3.15138854e-10  0.00247501198  
500             666.760716      5.60404936e-10  0.00224638155  
500             666.760716      9.96556558e-10  0.00177193285  
500             666.760716      1.77215601e-09  0.000714260914 
500             666.760716      3.15138854e-09  -0.00183938561 
500             666.760716      5.60404936e-09  -0.00848694493 
500             666.760716      9.96556558e-09  -0.0268536891  
500             666.760716      1.77215601e-08  -0.0795936623  
500             666.760716      3.15138854e-08  -0.233664231   
500             666.760716      5.60404936e-08  -0.682550068   
500             666.760716      9.96556558e-08  -1.96302114    
500             666.760716      1.77215601e-07  -5.48077934    
500             666.760716      3.15138854e-07  -14.6737702    
500             666.760716      5.60404936e-07  -37.3911473    
500             666.760716      9.96556558e-07  -90.5153744    
500             666.760716      1.77215601e-06  -208.711346    
500             666.760716      3.15138854e-06  -460.719716    
500             666.760716      5.60404936e-06  -979.191939    
500             666.760716      9.96556558e-06  -2014.47242    
500             666.760716      1.77215601e-05  -4030.62883    
500             666.760716      3.15138854e-05  -7876.31689    
500             666.760716      5.60404936e-05  -15088.4861    
500             666.760716      9.96556558e-05  -28431.7328    
666.760716      889.139705      0               -3.20768258    
666.760716      889.139705      1.77215601e-10  -3.19314629    
666.760716      889.139705      3.15138854e-10  -3.18186646    
666.760716      889.139705      5.60404936e-10  -3.16187987    
666.760716      889.139705      9.96556558e-10  -3.12656501    
666.760716      889.139705      1.77215601e-09  -3.0644765     
666.760716      889.139705      3.15138854e-09  -2.95627992    
666.760716      889.139705      5.60404936e-09  -2.7706901     
666.760716      889.139705      9.96556558e-09  -2.46121981    
666.760716      889.139705      1.77215601e-08  -1.97096257    
666.760716      889.139705      3.15138854e-08  -1.26606621    
666.760716      889.139705      5.60404936e-08  -0.444388577   
666.760716      889.139705      9.96556558e-08  -0.00325026573 
666.760716      889.139705      1.77215601e-07  -1.40008601    
666.760716      889.139705      3.15138854e-07  -8.14257806    
666.760716      889.139705      5.60404936e-07  -27.8850249    
666.760716      889.139705      9.96556558e-07  -76.4285074    
666.760716      889.139705      1.77215601e-06  -185.15897     
666.760716      889.139705      3.15138854e-06  -414.561193    
666.760716      889.139705      5.60404936e-06  -878.537578    
666.760716      889.139705      9.96556558e-06  -1788.02344    
666.760716      889.139705      1.77215601e-05  -3528.95069    
666.760716      889.139705      3.15138854e-05  -6801.20933    
666.760716      889.139705      5.60404936e-05  -12865.8702    
666.760716      889.139705      9.96556558e-05  -23984.4384    
889.139705      1185.68685      0               -0.0703235155  
889.139705      1185.68685      1.77215601e-10  -0.0681352998  
889.139705      1185.68685      3.15138854e-10  -0.0664587098  
889.139705      1185.68685      5.60404936e-10  -0.0635341083  
889.139705      1185.68685      9.96556558e-10  -0.058511489   
889.139705      1185.68685      1.77215601e-09  -0.0501343403  
889.139705      1185.68685      3.15138854e-09  -0.0369432759  
889.139705      1185.68685      5.60404936e-09  -0.0186332153  
889.139705      1185.68685      9.96556558e-09  -0.00113375688 
889.139705      1185.68685      1.77215601e-08  -0.0121226751  
889.139705      1185.68685      3.15138854e-08  -0.142477523   
889.139705      1185.68685      5.60404936e-08  -0.64609193    
889.139705      1185.68685      9.96556558e-08  -2.16250883    
889.139705      1185.68685      1.77215601e-07  -6.18683721    
889.139705      1185.68685      3.15138854e-07  -16.0153762    
889.139705      1185.68685      5.60404936e-07  -38.5644659    
889.139705      1185.68685      9.96556558e-07  -87.7379618    
889.139705      1185.68685      1.77215601e-06  -190.508767    
889.139705      1185.68685      3.15138854e-06  -397.814896    
889.139705      1185.68685      5.60404936e-06  -804.118123    
889.139705      1185.68685      9.96556558e-06  -1582.49315    
889.139705      1185.68685      1.77215601e-05  -3047.23885    
889.139705      1185.68685      3.15138854e-05  -5765.1195     
889.139705      1185.68685      5.60404936e-05  -10752.9499    
889.139705      1185.68685      9.96556558e-05  -19828.9467    
1185.68685      1581.13883      0               0.000714082846 
1185.68685      1581.13883      1.77215601e-10  0.000439714857 
1185.68685      1581.13883      3.15138854e-10  0.000199115062 
1185.68685      1581.13883      5.60404936e-10  -0.000286938137
1185.68685      1581.13883      9.96556558e-10  -0.00133384964 
1185.68685      1581.13883      1.77215601e-09  -0.00376480171 
1185.68685      1581.13883      3.15138854e-09  -0.00984394682 
1185.68685      1581.13883      5.60404936e-09  -0.0259763128  
1185.68685      1581.13883      9.96556558e-09  -0.0703228433  
1185.68685      1581.13883      1.77215601e-08  -0.1931824     
1185.68685      1581.13883      3.15138854e-08  -0.527316132   
1185.68685      1581.13883      5.60404936e-08  -1.40007926    
1185.68685      1581.13883      9.96556558e-08  -3.55847514    
1185.68685      1581.13883      1.77215601e-07  -8.58800814    
1185.68685      1581.13883      3.15138854e-07  -19.6732101    
1185.68685      1581.13883      5.60404936e-07  -42.9957187    
1185.68685      1581.13883      9.96556558e-07  -90.3319865    
1185.68685      1581.13883      1.77215601e-06  -183.844864    
1185.68685      1581.13883      3.15138854e-06  -364.796849    
1185.68685      1581.13883      5.60404936e-06  -709.203961    
1185.68685      1581.13883      9.96556558e-06  -1355.7167     
1185.68685      1581.13883      1.77215601e-05  -2555.0519     
1185.68685      1581.13883      3.15138854e-05  -4757.62135    
1185.68685      1581.13883      5.60404936e-05  -8769.22463    
1185.68685      1581.13883      9.96556558e-05  -16028.1172    
1581.13883      2108.48252      0               -0.0797171647  
1581.13883      2108.48252      1.77215601e-10  -0.076886597   
1581.13883      2108.48252      3.15138854e-10  -0.0747195737  
1581.13883      2108.48252      5.60404936e-10  -0.0709431973  
1581.13883      2108.48252      9.96556558e-10  -0.0644694243  
1581.13883      2108.48252      1.77215601e-09  -0.0537081239  
1581.13883      2108.48252      3.15138854e-09  -0.0368738979  
1581.13883      2108.48252      5.60404936e-09  -0.0138419321  
1581.13883      2108.48252      9.96556558e-09  0.00715337784  
1581.13883      2108.48252      1.77215601e-08  -0.0100671742  
1581.13883      2108.48252      3.15138854e-08  -0.178301456   
1581.13883      2108.48252      5.60404936e-08  -0.790947434   
1581.13883      2108.48252      9.96556558e-08  -2.5186657     
1581.13883      2108.48252      1.77215601e-07  -6.76036425    
1581.13883      2108.48252      3.15138854e-07  -16.2691237    
1581.13883      2108.48252      5.60404936e-07  -36.2800487    
1581.13883      2108.48252      9.96556558e-07  -76.5518644    
1581.13883      2108.48252      1.77215601e-06  -155.070056    
1581.13883      2108.48252      3.15138854e-06  -304.740883    
1581.13883      2108.48252      5.60404936e-06  -585.410408    
1581.13883      2108.48252      9.96556558e-06  -1105.31701    
1581.13883      2108.48252      1.77215601e-05  -2059.23786    
1581.13883      2108.48252      3.15138854e-05  -3796.23329    
1581.13883      2108.48252      5.60404936e-05  -6940.0149     
1581.13883      2108.48252      9.96556558e-05  -12603.0054    
2108.48252      2811.70663      0               2.53323269e-05 
2108.48252      2811.70663      1.77215601e-10  -0.000184459072
2108.48252      2811.70663      3.15138854e-10  -0.000362116334
2108.48252      2811.70663      5.60404936e-10  -0.000709027272
2108.48252      2811.70663      9.96556558e-10  -0.00142342086 
2108.48252      2811.70663      1.77215601e-09  -0.00299932545 
2108.48252      2811.70663      3.15138854e-09  -0.00675258081 
2108.48252      2811.70663      5.60404936e-09  -0.01635121    
2108.48252      2811.70663      9.96556558e-09  -0.0422331866  
2108.48252      2811.70663      1.77215601e-08  -0.113945123   
2108.48252      2811.70663      3.15138854e-08  -0.312509483   
2108.48252      2811.70663      5.60404936e-08  -0.847581115   
2108.48252      2811.70663      9.96556558e-08  -2.22003893    
2108.48252      2811.70663      1.77215601e-07  -5.52399574    
2108.48252      2811.70663      3.15138854e-07  -12.9632341    
2108.48252      2811.70663      5.60404936e-07  -28.7307436    
2108.48252      2811.70663      9.96556558e-07  -60.5704964    
2108.48252      2811.70663      1.77215601e-06  -122.616009    
2108.48252      2811.70663      3.15138854e-06  -240.527495    
2108.48252      2811.70663      5.60404936e-06  -460.699271    
2108.48252      2811.70663      9.96556558e-06  -866.657826    
2108.48252      2811.70663      1.77215601e-05  -1608.16713    
2108.48252      2811.70663      3.15138854e-05  -2952.88263    
2108.48252      2811.70663      5.60404936e-05  -5378.17994    
2108.48252      2811.70663      9.96556558e-05  -9734.56307    
2811.70663      3749.47105      0               0.000110787255 
2811.70663      3749.47105      1.77215601e-10  -0.00237527367 
2811.70663      3749.47105      3.15138854e-10  -0.00435111244 
2811.70663      3749.47105      5.60404936e-10  -0.00795197366 
2811.70663      3749.47105      9.96556558e-10  -0.0146251773  
2811.70663      3749.47105      1.77215601e-09  -0.0273127467  
2811.70663      3749.47105      3.15138854e-09  -0.0523016671  
2811.70663      3749.47105      5.60404936e-09  -0.103593045   
2811.70663      3749.47105      9.96556558e-09  -0.21283909    
2811.70663      3749.47105      1.77215601e-08  -0.450044972   
2811.70663      3749.47105      3.15138854e-08  -0.961984337   
2811.70663      3749.47105      5.60404936e-08  -2.03756696    
2811.70663      3749.47105      9.96556558e-08  -4.21913181    
2811.70663      3749.47105      1.77215601e-07  -8.50237389    
2811.70663      3749.47105      3.15138854e-07  -16.7038846    
2811.70663      3749.47105      5.60404936e-07  -32.1310615    
2811.70663      3749.47105      9.96556558e-07  -60.7914061    
2811.70663      3749.47105      1.77215601e-06  -113.565087    
2811.70663      3749.47105      3.15138854e-06  -210.095823    
2811.70663      3749.47105      5.60404936e-06  -385.733152    
2811.70663      3749.47105      9.96556558e-06  -703.87368     
2811.70663      3749.47105      1.77215601e-05  -1277.87508    
2811.70663      3749.47105      3.15138854e-05  -2310.01478    
2811.70663      3749.47105      5.60404936e-05  -4160.83181    
2811.70663      3749.47105      9.96556558e-05  -7472.54966    
3749.47105      5000            0               0.000400392003 
3749.47105      5000            1.77215601e-10  -0.00594580769 
3749.47105      5000            3.15138854e-10  -0.0108879724  
3749.47105      5000            5.60404936e-10  -0.0196830869  
3749.47105      5000            9.96556558e-10  -0.0353438967  
3749.47105      5000            1.77215601e-09  -0.0632577896  
3749.47105      5000            3.15138854e-09  -0.113097092   
3749.47105      5000            5.60404936e-09  -0.202339844   
3749.47105      5000            9.96556558e-09  -0.362878074   
3749.47105      5000            1.77215601e-08  -0.653661756   
3749.47105      5000            3.15138854e-08  -1.18515595    
3749.47105      5000            5.60404936e-08  -2.16621055    
3749.47105      5000            9.96556558e-08  -3.99110893    
3749.47105      5000            1.77215601e-07  -7.39595697    
3749.47105      5000            3.15138854e-07  -13.7374591    
3749.47105      5000            5.60404936e-07  -25.4958978    
3749.47105      5000            9.96556558e-07  -47.1855453    
3749.47105      5000            1.77215601e-06  -86.9895038    
3749.47105      5000            3.15138854e-06  -159.678393    
3749.47105      5000            5.60404936e-06  -291.808152    
3749.47105      5000            9.96556558e-06  -530.961357    
3749.47105      5000            1.77215601e-05  -962.175055    
3749.47105      5000            3.15138854e-05  -1737.16358    
3749.47105      5000            5.60404936e-05  -3126.31392    
3749.47105      5000            9.96556558e-05  -5611.17338    
5000            6667.60716      0               5.94172889e-09 
5000            6667.60716      1.77215601e-10  -0.0036605304  
5000            6667.60716      3.15138854e-10  -0.00651225461 
5000            6667.60716      5.60404936e-10  -0.0115894642  
5000            6667.60716      9.96556558e-10  -0.0206372099  
5000            6667.60716      1.77215601e-09  -0.036786451   
5000            6667.60716      3.15138854e-09  -0.0656911886  
5000            6667.60716      5.60404936e-09  -0.117670274   
5000            6667.60716      9.96556558e-09  -0.211865311   
5000            6667.60716      1.77215601e-08  -0.384593199   
5000            6667.60716      3.15138854e-08  -0.706567614   
5000            6667.60716      5.60404936e-08  -1.31839791    
5000            6667.60716      9.96556558e-08  -2.50092794    
5000            6667.60716      1.77215601e-07  -4.80516098    
5000            6667.60716      3.15138854e-07  -9.277631      
5000            6667.60716      5.60404936e-07  -17.8461302    
5000            6667.60716      9.96556558e-07  -33.9983739    
5000            6667.60716      1.77215601e-06  -64.000406     
5000            6667.60716      3.15138854e-06  -119.079801    
5000            6667.60716      5.60404936e-06  -219.315072    
5000            6667.60716      9.96556558e-06  -400.559984    
5000            6667.60716      1.77215601e-05  -726.77134     
5000            6667.60716      3.15138854e-05  -1311.93618    
5000            6667.60716      5.60404936e-05  -2359.06208    
5000            6667.60716      9.96556558e-05  -4229.51934    
6667.60716      8891.39705      0               6.13413524e-05 
6667.60716      8891.39705      1.77215601e-10  -0.00334134832 
6667.60716      8891.39705      3.15138854e-10  -0.00599115801 
6667.60716      8891.39705      5.60404936e-10  -0.0107066374  
6667.60716      8891.39705      9.96556558e-10  -0.019102714   
6667.60716      8891.39705      1.77215601e-09  -0.0340666769  
6667.60716      8891.39705      3.15138854e-09  -0.0607810353  
6667.60716      8891.39705      5.60404936e-09  -0.108608955   
6667.60716      8891.39705      9.96556558e-09  -0.194640422   
6667.60716      8891.39705      1.77215601e-08  -0.350525875   
6667.60716      8891.39705      3.15138854e-08  -0.63592032    
6667.60716      8891.39705      5.60404936e-08  -1.16502668    
6667.60716      8891.39705      9.96556558e-08  -2.15775038    
6667.60716      8891.39705      1.77215601e-07  -4.03406213    
6667.60716      8891.39705      3.15138854e-07  -7.58230917    
6667.60716      8891.39705      5.60404936e-07  -14.2579888    
6667.60716      8891.39705      9.96556558e-07  -26.7157145    
6667.60716      8891.39705      1.77215601e-06  -49.750216     
6667.60716      8891.39705      3.15138854e-06  -91.9561215    
6667.60716      8891.39705      5.60404936e-06  -168.671389    
6667.60716      8891.39705      9.96556558e-06  -307.217942    
6667.60716      8891.39705      1.77215601e-05  -556.235189    
6667.60716      8891.39705      3.15138854e-05  -1002.29339    
6667.60716      8891.39705      5.60404936e-05  -1799.45434    
6667.60716      8891.39705      9.96556558e-05  -3221.85738    
8891.39705      11856.8685      0               6.41512088e-09 
8891.39705      11856.8685      1.77215601e-10  -0.00395003544 
8891.39705      11856.8685      3.15138854e-10  -0.00702430313 
8891.39705      11856.8685      5.60404936e-10  -0.012491278   
8891.39705      11856.8685      9.96556558e-10  -0.0222133018  
8891.39705      11856.8685      1.77215601e-09  -0.0395024554  
8891.39705      11856.8685      3.15138854e-09  -0.0702495452  
8891.39705      11856.8685      5.60404936e-09  -0.124933225   
8891.39705      11856.8685      9.96556558e-09  -0.222197385   
8891.39705      11856.8685      1.77215601e-08  -0.395227074   
8891.39705      11856.8685      3.15138854e-08  -0.703130756   
8891.39705      11856.8685      5.60404936e-08  -1.25131375    
8891.39705      11856.8685      9.96556558e-08  -2.22809231    
8891.39705      11856.8685      1.77215601e-07  -3.97084935    
8891.39705      11856.8685      3.15138854e-07  -7.08623393    
8891.39705      11856.8685      5.60404936e-07  -12.6691632    
8891.39705      11856.8685      9.96556558e-07  -22.700413     
8891.39705      11856.8685      1.77215601e-06  -40.761066     
8891.39705      11856.8685      3.15138854e-06  -73.3013388    
8891.39705      11856.8685      5.60404936e-06  -131.878784    
8891.39705      11856.8685      9.96556558e-06  -237.1092      
8891.39705      11856.8685      1.77215601e-05  -425.675961    
8891.39705      11856.8685      3.15138854e-05  -762.812773    
8891.39705      11856.8685      5.60404936e-05  -1364.54625    
8891.39705      11856.8685      9.96556558e-05  -2437.29192    
11856.8685      15811.3883      0               4.99392172e-09 
11856.8685      15811.3883      1.77215601e-10  -0.00307490424 
11856.8685      15811.3883      3.15138854e-10  -0.00546804938 
11856.8685      15811.3883      5.60404936e-10  -0.00972374437 
11856.8685      15811.3883      9.96556558e-10  -0.0172916042  
11856.8685      15811.3883      1.77215601e-09  -0.0307495161  
11856.8685      15811.3883      3.15138854e-09  -0.054681894   
11856.8685      15811.3883      5.60404936e-09  -0.0972417718  
11856.8685      15811.3883      9.96556558e-09  -0.172929617   
11856.8685      15811.3883      1.77215601e-08  -0.30753791    
11856.8685      15811.3883      3.15138854e-08  -0.54695357    
11856.8685      15811.3883      5.60404936e-08  -0.972840813   
11856.8685      15811.3883      9.96556558e-08  -1.73061997    
11856.8685      15811.3883      1.77215601e-07  -3.07948878    
11856.8685      15811.3883      3.15138854e-07  -5.48212535    
11856.8685      15811.3883      5.60404936e-07  -9.76614365    
11856.8685      15811.3883      9.96556558e-07  -17.4155387    
11856.8685      15811.3883      1.77215601e-06  -31.0965751    
11856.8685      15811.3883      3.15138854e-06  -55.6017202    
11856.8685      15811.3883      5.60404936e-06  -99.531038     
11856.8685      15811.3883      9.96556558e-06  -178.273382    
11856.8685      15811.3883      1.77215601e-05  -319.293207    
11856.8685      15811.3883      3.15138854e-05  -571.523711    
11856.8685      15811.3883      5.60404936e-05  -1022.07162    
11856.8685      15811.3883      9.96556558e-05  -1825.92598    
15811.3883      21084.8252      0               3.47108653e-09 
15811.3883      21084.8252      1.77215601e-10  -0.00213720613 
15811.3883      21084.8252      3.15138854e-10  -0.00380057028 
15811.3883      21084.8252      5.60404936e-10  -0.00675853521 
15811.3883      21084.8252      9.96556558e-10  -0.0120187458  
15811.3883      21084.8252      1.77215601e-09  -0.0213732568  
15811.3883      21084.8252      3.15138854e-09  -0.0380094134  
15811.3883      21084.8252      5.60404936e-09  -0.0675970066  
15811.3883      21084.8252      9.96556558e-09  -0.120224177   
15811.3883      21084.8252      1.77215601e-08  -0.213848236   
15811.3883      21084.8252      3.15138854e-08  -0.380457725   
15811.3883      21084.8252      5.60404936e-08  -0.677108085   
15811.3883      21084.8252      9.96556558e-08  -1.20577675    
15811.3883      21084.8252      1.77215601e-07  -2.14932173    
15811.3883      21084.8252      3.15138854e-07  -3.8371147     
15811.3883      21084.8252      5.60404936e-07  -6.86555919    
15811.3883      21084.8252      9.96556558e-07  -12.3191588    
15811.3883      21084.8252      1.77215601e-06  -22.1714102    
15811.3883      21084.8252      3.15138854e-06  -39.9997377    
15811.3883      21084.8252      5.60404936e-06  -72.2473107    
15811.3883      21084.8252      9.96556558e-06  -130.451745    
15811.3883      21084.8252      1.77215601e-05  -235.200917    
15811.3883      21084.8252      3.15138854e-05  -423.169821    
15811.3883      21084.8252      5.60404936e-05  -759.635693    
15811.3883      21084.8252      9.96556558e-05  -1360.73004    
21084.8252      28117.0663      0               1.11408131e-05 
21084.8252      28117.0663      1.77215601e-10  -0.00122450053 
21084.8252      28117.0663      3.15138854e-10  -0.00218640407 
21084.8252      28117.0663      5.60404936e-10  -0.00389743258 
21084.8252      28117.0663      9.96556558e-10  -0.00694168273 
21084.8252      28117.0663      1.77215601e-09  -0.0123601385  
21084.8252      28117.0663      3.15138854e-09  -0.0220111651  
21084.8252      28117.0663      5.60404936e-09  -0.0392219168  
21084.8252      28117.0663      9.96556558e-09  -0.0699782624  
21084.8252      28117.0663      1.77215601e-08  -0.125134254   
21084.8252      28117.0663      3.15138854e-08  -0.224604525   
21084.8252      28117.0663      5.60404936e-08  -0.405499136   
21084.8252      28117.0663      9.96556558e-08  -0.738090277   
21084.8252      28117.0663      1.77215601e-07  -1.35668697    
21084.8252      28117.0663      3.15138854e-07  -2.51658681    
21084.8252      28117.0663      5.60404936e-07  -4.6931682     
21084.8252      28117.0663      9.96556558e-07  -8.74983033    
21084.8252      28117.0663      1.77215601e-06  -16.2289832    
21084.8252      28117.0663      3.15138854e-06  -29.8719161    
21084.8252      28117.0663      5.60404936e-06  -54.5549837    
21084.8252      28117.0663      9.96556558e-06  -98.9662242    
21084.8252      28117.0663      1.77215601e-05  -178.591566    
21084.8252      28117.0663      3.15138854e-05  -321.022496    
21084.8252      28117.0663      5.60404936e-05  -575.387725    
21084.8252      28117.0663      9.96556558e-05  -1029.11397    
28117.0663      37494.7105      0               1.88310878e-09 
28117.0663      37494.7105      1.77215601e-10  -0.00115944637 
28117.0663      37494.7105      3.15138854e-10  -0.00206184301 
28117.0663      37494.7105      5.60404936e-10  -0.00366660379 
28117.0663      37494.7105      9.96556558e-10  -0.00652046676 
28117.0663      37494.7105      1.77215601e-09  -0.0115959062  
28117.0663      37494.7105      3.15138854e-09  -0.0206229519  
28117.0663      37494.7105      5.60404936e-09  -0.0366802825  
28117.0663      37494.7105      9.96556558e-09  -0.0652495745  
28117.0663      37494.7105      1.77215601e-08  -0.116100466   
28117.0663      37494.7105      3.15138854e-08  -0.206673481   
28117.0663      37494.7105      5.60404936e-08  -0.368189309   
28117.0663      37494.7105      9.96556558e-08  -0.656785645   
28117.0663      37494.7105      1.77215601e-07  -1.17407034    
28117.0663      37494.7105      3.15138854e-07  -2.10551427    
28117.0663      37494.7105      5.60404936e-07  -3.79246357    
28117.0663      37494.7105      9.96556558e-07  -6.86538213    
28117.0663      37494.7105      1.77215601e-06  -12.4826525    
28117.0663      37494.7105      3.15138854e-06  -22.7456143    
28117.0663      37494.7105      5.60404936e-06  -41.4165888    
28117.0663      37494.7105      9.96556558e-06  -75.1826527    
28117.0663      37494.7105      1.77215601e-05  -135.909117    
28117.0663      37494.7105      3.15138854e-05  -244.663049    
28117.0663      37494.7105      5.60404936e-05  -438.880792    
28117.0663      37494.7105      9.96556558e-05  -785.119936    
37494.7105      50000           0               1.7278694e-09  
37494.7105      50000           1.77215601e-10  -0.00106382457 
37494.7105      50000           3.15138854e-10  -0.00189177868 
37494.7105      50000           5.60404936e-10  -0.00336411245 
37494.7105      50000           9.96556558e-10  -0.00598233333 
37494.7105      50000           1.77215601e-09  -0.0106382618  
37494.7105      50000           3.15138854e-09  -0.0189178042  
37494.7105      50000           5.60404936e-09  -0.0336411459  
37494.7105      50000           9.96556558e-09  -0.0598233674  
37494.7105      50000           1.77215601e-08  -0.106382692   
37494.7105      50000           3.15138854e-08  -0.189178242   
37494.7105      50000           5.60404936e-08  -0.336412059   
37494.7105      50000           9.96556558e-08  -0.598235537   
37494.7105      50000           1.77215601e-07  -1.06383278    
37494.7105      50000           3.15138854e-07  -1.89180087    
37494.7105      50000           5.60404936e-07  -3.36417867    
37494.7105      50000           9.96556558e-07  -5.98253783    
37494.7105      50000           1.77215601e-06  -10.6388983    
37494.7105      50000           3.15138854e-06  -18.919778     
37494.7105      50000           5.60404936e-06  -33.6471962    
37494.7105      50000           9.96556558e-06  -59.8415346    
37494.7105      50000           1.77215601e-05  -106.435494    
37494.7105      50000           3.15138854e-05  -189.324672    
37494.7105      50000           5.60404936e-05  -336.794247    
37494.7105      50000           9.96556558e-05  -599.166593    
50000           66676.0716      0               0.000324440368 
50000           66676.0716      1.77215601e-10  -0.000125398017
50000           66676.0716      3.15138854e-10  -0.000475583196
50000           66676.0716      5.60404936e-10  -0.00109849443 
50000           66676.0716      9.96556558e-10  -0.00220678634 
50000           66676.0716      1.77215601e-09  -0.00417947495 
50000           66676.0716      3.15138854e-09  -0.0076932524  
50000           66676.0716      5.60404936e-09  -0.0139599169  
50000           66676.0716      9.96556558e-09  -0.0251606957  
50000           66676.0716      1.77215601e-08  -0.0452553748  
50000           66676.0716      3.15138854e-08  -0.08152952    
50000           66676.0716      5.60404936e-08  -0.147648205   
50000           66676.0716      9.96556558e-08  -0.269852945   
50000           66676.0716      1.77215601e-07  -0.499620883   
50000           66676.0716      3.15138854e-07  -0.938715544   
50000           66676.0716      5.60404936e-07  -1.78537244    
50000           66676.0716      9.96556558e-07  -3.41312307    
50000           66676.0716      1.77215601e-06  -6.50155374    
50000           66676.0716      3.15138854e-06  -12.2606626    
50000           66676.0716      5.60404936e-06  -22.8308088    
50000           66676.0716      9.96556558e-06  -42.0014929    
50000           66676.0716      1.77215601e-05  -76.4961649    
50000           66676.0716      3.15138854e-05  -138.259628    
50000           66676.0716      5.60404936e-05  -248.525617    
50000           66676.0716      9.96556558e-05  -445.049105    
66676.0716      88913.9705      0               9.65258096e-10 
66676.0716      88913.9705      1.77215601e-10  -0.00059430493 
66676.0716      88913.9705      3.15138854e-10  -0.00105684098 
66676.0716      88913.9705      5.60404936e-10  -0.00187935931 
66676.0716      88913.9705      9.96556558e-10  -0.00334202677 
66676.0716      88913.9705      1.77215601e-09  -0.00594305829 
66676.0716      88913.9705      3.15138854e-09  -0.0105684194  
66676.0716      88913.9705      5.60404936e-09  -0.0187936048  
66676.0716      88913.9705      9.96556558e-09  -0.0334202859  
66676.0716      88913.9705      1.77215601e-08  -0.0594306218  
66676.0716      88913.9705      3.15138854e-08  -0.105684298   
66676.0716      88913.9705      5.60404936e-08  -0.187936359   
66676.0716      88913.9705      9.96556558e-08  -0.334203822   
66676.0716      88913.9705      1.77215601e-07  -0.594309242   
66676.0716      88913.9705      3.15138854e-07  -1.05685251    
66676.0716      88913.9705      5.60404936e-07  -1.87939363    
66676.0716      88913.9705      9.96556558e-07  -3.34213277    
66676.0716      88913.9705      1.77215601e-06  -5.94338899    
66676.0716      88913.9705      3.15138854e-06  -10.5694499    
66676.0716      88913.9705      5.60404936e-06  -18.7967903    
66676.0716      88913.9705      9.96556558e-06  -33.4299829    
66676.0716      88913.9705      1.77215601e-05  -59.4594072    
66676.0716      88913.9705      3.15138854e-05  -105.766554    
66676.0716      88913.9705      5.60404936e-05  -188.15939     
66676.0716      88913.9705      9.96556558e-05  -334.770908    
88913.9705      118568.685      0               0.000486847766 
88913.9705      118568.685      1.77215601e-10  4.05721272e-05 
88913.9705      118568.685      3.15138854e-10  -0.000306755013
88913.9705      118568.685      5.60404936e-10  -0.000924399716
88913.9705      118568.685      9.96556558e-10  -0.00202274457 
88913.9705      118568.685      1.77215601e-09  -0.00397590862 
88913.9705      118568.685      3.15138854e-09  -0.00744918002 
88913.9705      118568.685      5.60404936e-09  -0.0136256271  
88913.9705      118568.685      9.96556558e-09  -0.0246090756  
88913.9705      118568.685      1.77215601e-08  -0.0441407161  
88913.9705      118568.685      3.15138854e-08  -0.0788734302  
88913.9705      118568.685      5.60404936e-08  -0.140637901   
88913.9705      118568.685      9.96556558e-08  -0.250472387   
88913.9705      118568.685      1.77215601e-07  -0.445788792   
88913.9705      118568.685      3.15138854e-07  -0.793115935   
88913.9705      118568.685      5.60404936e-07  -1.41076065    
88913.9705      118568.685      9.96556558e-07  -2.50910553    
88913.9705      118568.685      1.77215601e-06  -4.46226967    
88913.9705      118568.685      3.15138854e-06  -7.93554137    
88913.9705      118568.685      5.60404936e-06  -14.1119893    
88913.9705      118568.685      9.96556558e-06  -25.0954409    
88913.9705      118568.685      1.77215601e-05  -44.6270906    
88913.9705      118568.685      3.15138854e-05  -79.359834     
88913.9705      118568.685      5.60404936e-05  -141.124397    
88913.9705      118568.685      9.96556558e-05  -250.959172    
118568.685      158113.883      0               0.000694425527 
118568.685      158113.883      1.77215601e-10  0.00036242913  
118568.685      158113.883      3.15138854e-10  0.00010404317  
118568.685      158113.883      5.60404936e-10  -0.000355439263
118568.685      158113.883      9.96556558e-10  -0.00117252741 
118568.685      158113.883      1.77215601e-09  -0.00262553844 
118568.685      158113.883      3.15138854e-09  -0.00520939805 
118568.685      158113.883      5.60404936e-09  -0.00980422239 
118568.685      158113.883      9.96556558e-09  -0.0179751039  
118568.685      158113.883      1.77215601e-08  -0.0325052144  
118568.685      158113.883      3.15138854e-08  -0.0583438108  
118568.685      158113.883      5.60404936e-08  -0.104292055   
118568.685      158113.883      9.96556558e-08  -0.186000875   
118568.685      158113.883      1.77215601e-07  -0.331301992   
118568.685      158113.883      3.15138854e-07  -0.589687998   
118568.685      158113.883      5.60404936e-07  -1.04917057    
118568.685      158113.883      9.96556558e-07  -1.86625918    
118568.685      158113.883      1.77215601e-06  -3.31927165    
118568.685      158113.883      3.15138854e-06  -5.9031358     
118568.685      158113.883      5.60404936e-06  -10.4979745    
118568.685      158113.883      9.96556558e-06  -18.6689013    
118568.685      158113.883      1.77215601e-05  -33.1991539    
118568.685      158113.883      3.15138854e-05  -59.0381953    
118568.685      158113.883      5.60404936e-05  -104.987822    
118568.685      158113.883      9.96556558e-05  -186.700875    
158113.883      210848.252      0               0.000167877515 
158113.883      210848.252      1.77215601e-10  -8.03936264e-05
158113.883      210848.252      3.15138854e-10  -0.000273617944
158113.883      210848.252      5.60404936e-10  -0.000617224769
158113.883      210848.252      9.96556558e-10  -0.00122825371 
158113.883      210848.252      1.77215601e-09  -0.0023148339  
158113.883      210848.252      3.15138854e-09  -0.00424707707 
158113.883      210848.252      5.60404936e-09  -0.00768314532 
158113.883      210848.252      9.96556558e-09  -0.0137934348  
158113.883      210848.252      1.77215601e-08  -0.0246592366  
158113.883      210848.252      3.15138854e-08  -0.0439816685  
158113.883      210848.252      5.60404936e-08  -0.0783423513  
158113.883      210848.252      9.96556558e-08  -0.139445246   
158113.883      210848.252      1.77215601e-07  -0.248103268   
158113.883      210848.252      3.15138854e-07  -0.441327595   
158113.883      210848.252      5.60404936e-07  -0.784934451   
158113.883      210848.252      9.96556558e-07  -1.39596349    
158113.883      210848.252      1.77215601e-06  -2.48254399    
158113.883      210848.252      3.15138854e-06  -4.41478814    
158113.883      210848.252      5.60404936e-06  -7.85085947    
158113.883      210848.252      9.96556558e-06  -13.9611586    
158113.883      210848.252      1.77215601e-05  -24.8269912    
158113.883      210848.252      3.15138854e-05  -44.1495195    
158113.883      210848.252      5.60404936e-05  -78.5105041    
158113.883      210848.252      9.96556558e-05  -139.614337    
210848.252      281170.663      0               3.01258574e-10 
210848.252      281170.663      1.77215601e-10  -0.000185487906
210848.252      281170.663      3.15138854e-10  -0.000329849558
210848.252      281170.663      5.60404936e-10  -0.000586564913
210848.252      281170.663      9.96556558e-10  -0.00104307654 
210848.252      281170.663      1.77215601e-09  -0.00185488177 
210848.252      281170.663      3.15138854e-09  -0.0032984983  
210848.252      281170.663      5.60404936e-09  -0.00586565184 
210848.252      281170.663      9.96556558e-09  -0.0104307681  
210848.252      281170.663      1.77215601e-08  -0.0185488204  
210848.252      281170.663      3.15138854e-08  -0.0329849857  
210848.252      281170.663      5.60404936e-08  -0.0586565211  
210848.252      281170.663      9.96556558e-08  -0.104307684   
210848.252      281170.663      1.77215601e-07  -0.185488207   
210848.252      281170.663      3.15138854e-07  -0.329849859   
210848.252      281170.663      5.60404936e-07  -0.586565214   
210848.252      281170.663      9.96556558e-07  -1.04307684    
210848.252      281170.663      1.77215601e-06  -1.85488207    
210848.252      281170.663      3.15138854e-06  -3.2984986     
210848.252      281170.663      5.60404936e-06  -5.86565214    
210848.252      281170.663      9.96556558e-06  -10.4307684    
210848.252      281170.663      1.77215601e-05  -18.5488207    
210848.252      281170.663      3.15138854e-05  -32.984986     
210848.252      281170.663      5.60404936e-05  -58.6565214    
210848.252      281170.663      9.96556558e-05  -104.307684    
281170.663      374947.105      0               2.2346569e-10  
281170.663      374947.105      1.77215601e-10  -0.000137588059
281170.663      374947.105      3.15138854e-10  -0.000244670186
281170.663      374947.105      5.60404936e-10  -0.000435092129
281170.663      374947.105      9.96556558e-10  -0.000773715548
281170.663      374947.105      1.77215601e-09  -0.0013758826  
281170.663      374947.105      3.15138854e-09  -0.00244670388 
281170.663      374947.105      5.60404936e-09  -0.00435092331 
281170.663      374947.105      9.96556558e-09  -0.00773715754 
281170.663      374947.105      1.77215601e-08  -0.0137588282  
281170.663      374947.105      3.15138854e-08  -0.0244670413  
281170.663      374947.105      5.60404936e-08  -0.0435092366  
281170.663      374947.105      9.96556558e-08  -0.0773715819  
281170.663      374947.105      1.77215601e-07  -0.137588298   
281170.663      374947.105      3.15138854e-07  -0.24467046    
281170.663      374947.105      5.60404936e-07  -0.435092511   
281170.663      374947.105      9.96556558e-07  -0.773716273   
281170.663      374947.105      1.77215601e-06  -1.37588441    
281170.663      374947.105      3.15138854e-06  -2.44670911    
281170.663      374947.105      5.60404936e-06  -4.35093936    
281170.663      374947.105      9.96556558e-06  -7.7372077     
281170.663      374947.105      1.77215601e-05  -13.7589857    
281170.663      374947.105      3.15138854e-05  -24.4675357    
281170.663      374947.105      5.60404936e-05  -43.5107813    
281170.663      374947.105      9.96556558e-05  -77.3763672    
374947.105      500000          0               1.75298147e-06 
374947.105      500000          1.77215601e-10  -9.54555199e-05
374947.105      500000          3.15138854e-10  -0.000171110901
374947.105      500000          5.60404936e-10  -0.000305647319
374947.105      500000          9.96556558e-10  -0.000544890701
374947.105      500000          1.77215601e-09  -0.000970332406
374947.105      500000          3.15138854e-09  -0.00172688702 
374947.105      500000          5.60404936e-09  -0.00307225377 
374947.105      500000          9.96556558e-09  -0.00546469568 
374947.105      500000          1.77215601e-08  -0.0097191383  
374947.105      500000          3.15138854e-08  -0.0172847653  
374947.105      500000          5.60404936e-08  -0.0307386884  
374947.105      500000          9.96556558e-08  -0.0546639154  
374947.105      500000          1.77215601e-07  -0.0972108935  
374947.105      500000          3.15138854e-07  -0.172875218   
374947.105      500000          5.60404936e-07  -0.307439827   
374947.105      500000          9.96556558e-07  -0.546771857   
374947.105      500000          1.77215601e-06  -0.97249112    
374947.105      500000          3.15138854e-06  -1.72990829    
374947.105      500000          5.60404936e-06  -3.07792148    
374947.105      500000          9.96556558e-06  -5.47831209    
374947.105      500000          1.77215601e-05  -9.75583557    
374947.105      500000          3.15138854e-05  -17.3852123    
374947.105      500000          5.60404936e-05  -31.0038045    
374947.105      500000          9.96556558e-05  -55.3221404    
