### /nfs/slac/g/ki/ki20/cta/mdwood/fermi/dsph_pipeline/des_dwarfs/v6/p302_6yr_source_psf0123_point_gs_jsigma0.6/results/like_ursa_major_II.txt
#[0]emin(MeV) [1]emax(MeV) [2]eflux(MeV/cm^2/s) [3]deltaLogLike
500             666.760716      0               -2.41141597    
500             666.760716      1.77215601e-10  -2.40269554    
500             666.760716      3.15138854e-10  -2.3959216     
500             666.760716      5.60404936e-10  -2.38390364    
500             666.760716      9.96556558e-10  -2.36262084    
500             666.760716      1.77215601e-09  -2.32505305    
500             666.760716      3.15138854e-09  -2.25912473    
500             666.760716      5.60404936e-09  -2.14463643    
500             666.760716      9.96556558e-09  -1.94960623    
500             666.760716      1.77215601e-08  -1.62912932    
500             666.760716      3.15138854e-08  -1.13870242    
500             666.760716      5.60404936e-08  -0.498933871   
500             666.760716      9.96556558e-08  -0.00917263339 
500             666.760716      1.77215601e-07  -0.831302534   
500             666.760716      3.15138854e-07  -6.37929008    
500             666.760716      5.60404936e-07  -25.2997783    
500             666.760716      9.96556558e-07  -77.4424645    
500             666.760716      1.77215601e-06  -205.340234    
500             666.760716      3.15138854e-06  -495.709293    
500             666.760716      5.60404936e-06  -1118.97629    
500             666.760716      9.96556558e-06  -2400.98761    
500             666.760716      1.77215601e-05  -4951.74858    
500             666.760716      3.15138854e-05  -9894.66816    
500             666.760716      5.60404936e-05  -19272.8765    
500             666.760716      9.96556558e-05  -36768.7365    
666.760716      889.139705      0               -0.0965241634  
666.760716      889.139705      1.77215601e-10  -0.0946377345  
666.760716      889.139705      3.15138854e-10  -0.0931828329  
666.760716      889.139705      5.60404936e-10  -0.0906242522  
666.760716      889.139705      9.96556558e-10  -0.0861647379  
666.760716      889.139705      1.77215601e-09  -0.0785190185  
666.760716      889.139705      3.15138854e-09  -0.0658159831  
666.760716      889.139705      5.60404936e-09  -0.0460145686  
666.760716      889.139705      9.96556558e-09  -0.0194221012  
666.760716      889.139705      1.77215601e-08  0.00164412343  
666.760716      889.139705      3.15138854e-08  -0.0386039915  
666.760716      889.139705      5.60404936e-08  -0.331439973   
666.760716      889.139705      9.96556558e-08  -1.44773842    
666.760716      889.139705      1.77215601e-07  -4.92558274    
666.760716      889.139705      3.15138854e-07  -14.5625869    
666.760716      889.139705      5.60404936e-07  -39.0600164    
666.760716      889.139705      9.96556558e-07  -97.1676907    
666.760716      889.139705      1.77215601e-06  -227.372678    
666.760716      889.139705      3.15138854e-06  -505.763893    
666.760716      889.139705      5.60404936e-06  -1078.52337    
666.760716      889.139705      9.96556558e-06  -2220.41973    
666.760716      889.139705      1.77215601e-05  -4439.22618    
666.760716      889.139705      3.15138854e-05  -8661.18769    
666.760716      889.139705      5.60404936e-05  -16560.1172    
666.760716      889.139705      9.96556558e-05  -31141.7073    
889.139705      1185.68685      0               0.00051634089  
889.139705      1185.68685      1.77215601e-10  -0.00267325422 
889.139705      1185.68685      3.15138854e-10  -0.00516872356 
889.139705      1185.68685      5.60404936e-10  -0.00963457664 
889.139705      1185.68685      9.96556558e-10  -0.0176650636  
889.139705      1185.68685      1.77215601e-09  -0.0322253576  
889.139705      1185.68685      3.15138854e-09  -0.0589945543  
889.139705      1185.68685      5.60404936e-09  -0.109326812   
889.139705      1185.68685      9.96556558e-09  -0.207225873   
889.139705      1185.68685      1.77215601e-08  -0.406634562   
889.139705      1185.68685      3.15138854e-08  -0.835231857   
889.139705      1185.68685      5.60404936e-08  -1.80368452    
889.139705      1185.68685      9.96556558e-08  -4.06478617    
889.139705      1185.68685      1.77215601e-07  -9.38491384    
889.139705      1185.68685      3.15138854e-07  -21.7137645    
889.139705      1185.68685      5.60404936e-07  -49.4483936    
889.139705      1185.68685      9.96556558e-07  -109.682783    
889.139705      1185.68685      1.77215601e-06  -236.073105    
889.139705      1185.68685      3.15138854e-06  -493.250262    
889.139705      1185.68685      5.60404936e-06  -1002.93226    
889.139705      1185.68685      9.96556558e-06  -1990.74679    
889.139705      1185.68685      1.77215601e-05  -3869.62654    
889.139705      1185.68685      3.15138854e-05  -7387.91227    
889.139705      1185.68685      5.60404936e-05  -13892.2806    
889.139705      1185.68685      9.96556558e-05  -25794.7134    
1185.68685      1581.13883      0               0.000973715898 
1185.68685      1581.13883      1.77215601e-10  -0.00303908382 
1185.68685      1581.13883      3.15138854e-10  -0.00618550195 
1185.68685      1581.13883      5.60404936e-10  -0.0118309625  
1185.68685      1581.13883      9.96556558e-10  -0.022028089   
1185.68685      1581.13883      1.77215601e-09  -0.0406553681  
1185.68685      1581.13883      3.15138854e-09  -0.0753120224  
1185.68685      1581.13883      5.60404936e-09  -0.141626316   
1185.68685      1581.13883      9.96556558e-09  -0.273537686   
1185.68685      1581.13883      1.77215601e-08  -0.548273998   
1185.68685      1581.13883      3.15138854e-08  -1.14555393    
1185.68685      1581.13883      5.60404936e-08  -2.47898959    
1185.68685      1581.13883      9.96556558e-08  -5.46357788    
1185.68685      1581.13883      1.77215601e-07  -12.024678     
1185.68685      1581.13883      3.15138854e-07  -26.0494872    
1185.68685      1581.13883      5.60404936e-07  -55.1867896    
1185.68685      1581.13883      9.96556558e-07  -114.245994    
1185.68685      1581.13883      1.77215601e-06  -231.494227    
1185.68685      1581.13883      3.15138854e-06  -460.110177    
1185.68685      1581.13883      5.60404936e-06  -898.804726    
1185.68685      1581.13883      9.96556558e-06  -1728.7256     
1185.68685      1581.13883      1.77215601e-05  -3279.18199    
1185.68685      1581.13883      3.15138854e-05  -6144.29869    
1185.68685      1581.13883      5.60404936e-05  -11389.94      
1185.68685      1581.13883      9.96556558e-05  -20921.1975    
1581.13883      2108.48252      0               -0.403754748   
1581.13883      2108.48252      1.77215601e-10  -0.396898193   
1581.13883      2108.48252      3.15138854e-10  -0.391615235   
1581.13883      2108.48252      5.60404936e-10  -0.382335009   
1581.13883      2108.48252      9.96556558e-10  -0.366189153   
1581.13883      2108.48252      1.77215601e-09  -0.338581029   
1581.13883      2108.48252      3.15138854e-09  -0.292843059   
1581.13883      2108.48252      5.60404936e-09  -0.221446309   
1581.13883      2108.48252      9.96556558e-09  -0.122685124   
1581.13883      2108.48252      1.77215601e-08  -0.0223226529  
1581.13883      2108.48252      3.15138854e-08  -0.0291705621  
1581.13883      2108.48252      5.60404936e-08  -0.45706973    
1581.13883      2108.48252      9.96556558e-08  -2.06594446    
1581.13883      2108.48252      1.77215601e-07  -6.5115279     
1581.13883      2108.48252      3.15138854e-07  -17.1637719    
1581.13883      2108.48252      5.60404936e-07  -40.587911     
1581.13883      2108.48252      9.96556558e-07  -89.2335573    
1581.13883      2108.48252      1.77215601e-06  -186.324498    
1581.13883      2108.48252      3.15138854e-06  -374.718231    
1581.13883      2108.48252      5.60404936e-06  -732.851775    
1581.13883      2108.48252      9.96556558e-06  -1403.23021    
1581.13883      2108.48252      1.77215601e-05  -2643.04878    
1581.13883      2108.48252      3.15138854e-05  -4914.00837    
1581.13883      2108.48252      5.60404936e-05  -9041.85003    
1581.13883      2108.48252      9.96556558e-05  -16500.0291    
2108.48252      2811.70663      0               8.29399432e-05 
2108.48252      2811.70663      1.77215601e-10  -0.00911708122 
2108.48252      2811.70663      3.15138854e-10  -0.0162804404  
2108.48252      2811.70663      5.60404936e-10  -0.0290257453  
2108.48252      2811.70663      9.96556558e-10  -0.0517120834  
2108.48252      2811.70663      1.77215601e-09  -0.0921228988  
2108.48252      2811.70663      3.15138854e-09  -0.164198975   
2108.48252      2811.70663      5.60404936e-09  -0.29304154    
2108.48252      2811.70663      9.96556558e-09  -0.524245439   
2108.48252      2811.70663      1.77215601e-08  -0.941790477   
2108.48252      2811.70663      3.15138854e-08  -1.70352541    
2108.48252      2811.70663      5.60404936e-08  -3.1139152     
2108.48252      2811.70663      9.96556558e-08  -5.77599798    
2108.48252      2811.70663      1.77215601e-07  -10.9062784    
2108.48252      2811.70663      3.15138854e-07  -20.9646108    
2108.48252      2811.70663      5.60404936e-07  -40.8535496    
2108.48252      2811.70663      9.96556558e-07  -80.1047041    
2108.48252      2811.70663      1.77215601e-06  -156.77099     
2108.48252      2811.70663      3.15138854e-06  -304.321158    
2108.48252      2811.70663      5.60404936e-06  -583.873241    
2108.48252      2811.70663      9.96556558e-06  -1105.92238    
2108.48252      2811.70663      1.77215601e-05  -2068.93395    
2108.48252      2811.70663      3.15138854e-05  -3827.91829    
2108.48252      2811.70663      5.60404936e-05  -7016.37502    
2108.48252      2811.70663      9.96556558e-05  -12763.2406    
2811.70663      3749.47105      0               1.40444172e-08 
2811.70663      3749.47105      1.77215601e-10  -0.00865056144 
2811.70663      3749.47105      3.15138854e-10  -0.0153868924  
2811.70663      3749.47105      5.60404936e-10  -0.0273740962  
2811.70663      3749.47105      9.96556558e-10  -0.0487163035  
2811.70663      3749.47105      1.77215601e-09  -0.0867492257  
2811.70663      3749.47105      3.15138854e-09  -0.154634393   
2811.70663      3749.47105      5.60404936e-09  -0.276135841   
2811.70663      3749.47105      9.96556558e-09  -0.49459784    
2811.70663      3749.47105      1.77215601e-08  -0.890272163   
2811.70663      3749.47105      3.15138854e-08  -1.61467308    
2811.70663      3749.47105      5.60404936e-08  -2.95977999    
2811.70663      3749.47105      9.96556558e-08  -5.4964867     
2811.70663      3749.47105      1.77215601e-07  -10.3435343    
2811.70663      3749.47105      3.15138854e-07  -19.6711172    
2811.70663      3749.47105      5.60404936e-07  -37.6191797    
2811.70663      3749.47105      9.96556558e-07  -71.9475844    
2811.70663      3749.47105      1.77215601e-06  -136.97156     
2811.70663      3749.47105      3.15138854e-06  -258.749111    
2811.70663      3749.47105      5.60404936e-06  -484.255689    
2811.70663      3749.47105      9.96556558e-06  -897.697503    
2811.70663      3749.47105      1.77215601e-05  -1649.60808    
2811.70663      3749.47105      3.15138854e-05  -3008.72866    
2811.70663      3749.47105      5.60404936e-05  -5454.38126    
2811.70663      3749.47105      9.96556558e-05  -9840.75633    
3749.47105      5000            0               3.04953574e-09 
3749.47105      5000            1.77215601e-10  -0.00188685834 
3749.47105      5000            3.15138854e-10  -0.0033680985  
3749.47105      5000            5.60404936e-10  -0.00602953966 
3749.47105      5000            9.96556558e-10  -0.0108482138  
3749.47105      5000            1.77215601e-09  -0.0196848958  
3749.47105      5000            3.15138854e-09  -0.0362246398  
3749.47105      5000            5.60404936e-09  -0.0681369456  
3749.47105      5000            9.96556558e-09  -0.132230626   
3749.47105      5000            1.77215601e-08  -0.266786198   
3749.47105      5000            3.15138854e-08  -0.559884341   
3749.47105      5000            5.60404936e-08  -1.20970301    
3749.47105      5000            9.96556558e-08  -2.64228225    
3749.47105      5000            1.77215601e-07  -5.72782823    
3749.47105      5000            3.15138854e-07  -12.1691304    
3749.47105      5000            5.60404936e-07  -25.1963315    
3749.47105      5000            9.96556558e-07  -50.8020417    
3749.47105      5000            1.77215601e-06  -99.9250961    
3749.47105      5000            3.15138854e-06  -192.31938     
3749.47105      5000            5.60404936e-06  -363.441649    
3749.47105      5000            9.96556558e-06  -676.738643    
3749.47105      5000            1.77215601e-05  -1245.54791    
3749.47105      5000            3.15138854e-05  -2272.08681    
3749.47105      5000            5.60404936e-05  -4116.8224     
3749.47105      5000            9.96556558e-05  -7421.84235    
5000            6667.60716      0               -0.0570301663  
5000            6667.60716      1.77215601e-10  -0.0551671325  
5000            6667.60716      3.15138854e-10  -0.0537426192  
5000            6667.60716      5.60404936e-10  -0.0512639054  
5000            6667.60716      9.96556558e-10  -0.047025793   
5000            6667.60716      1.77215601e-09  -0.0400123501  
5000            6667.60716      3.15138854e-09  -0.0291225721  
5000            6667.60716      5.60404936e-09  -0.0143954299  
5000            6667.60716      9.96556558e-09  -0.00115038669 
5000            6667.60716      1.77215601e-08  -0.0112192807  
5000            6667.60716      3.15138854e-08  -0.108634854   
5000            6667.60716      5.60404936e-08  -0.450944644   
5000            6667.60716      9.96556558e-08  -1.38407405    
5000            6667.60716      1.77215601e-07  -3.61256335    
5000            6667.60716      3.15138854e-07  -8.49840823    
5000            6667.60716      5.60404936e-07  -18.579836     
5000            6667.60716      9.96556558e-07  -38.4845973    
5000            6667.60716      1.77215601e-06  -76.5622062    
5000            6667.60716      3.15138854e-06  -147.801404    
5000            6667.60716      5.60404936e-06  -279.021902    
5000            6667.60716      9.96556558e-06  -518.107223    
5000            6667.60716      1.77215601e-05  -950.442593    
5000            6667.60716      3.15138854e-05  -1728.18535    
5000            6667.60716      5.60404936e-05  -3122.34952    
5000            6667.60716      9.96556558e-05  -5615.42391    
6667.60716      8891.39705      0               1.00462785e-08 
6667.60716      8891.39705      1.77215601e-10  -0.00618646687 
6667.60716      8891.39705      3.15138854e-10  -0.0110022442  
6667.60716      8891.39705      5.60404936e-10  -0.0195681338  
6667.60716      8891.39705      9.96556558e-10  -0.0348072706  
6667.60716      8891.39705      1.77215601e-09  -0.0619274285  
6667.60716      8891.39705      3.15138854e-09  -0.110219432   
6667.60716      8891.39705      5.60404936e-09  -0.196297016   
6667.60716      8891.39705      9.96556558e-09  -0.349981024   
6667.60716      8891.39705      1.77215601e-08  -0.625104527   
6667.60716      8891.39705      3.15138854e-08  -1.11958797    
6667.60716      8891.39705      5.60404936e-08  -2.01296647    
6667.60716      8891.39705      9.96556558e-08  -3.63595985    
6667.60716      8891.39705      1.77215601e-07  -6.5962697     
6667.60716      8891.39705      3.15138854e-07  -12.0001393    
6667.60716      8891.39705      5.60404936e-07  -21.840488     
6667.60716      8891.39705      9.96556558e-07  -39.6861361    
6667.60716      8891.39705      1.77215601e-06  -71.9173255    
6667.60716      8891.39705      3.15138854e-06  -129.937615    
6667.60716      8891.39705      5.60404936e-06  -234.119389    
6667.60716      8891.39705      9.96556558e-06  -420.827801    
6667.60716      8891.39705      1.77215601e-05  -754.913362    
6667.60716      8891.39705      3.15138854e-05  -1351.9255     
6667.60716      8891.39705      5.60404936e-05  -2417.61275    
6667.60716      8891.39705      9.96556558e-05  -4318.14953    
8891.39705      11856.8685      0               3.61064299e-05 
8891.39705      11856.8685      1.77215601e-10  -0.00396935976 
8891.39705      11856.8685      3.15138854e-10  -0.00708866909 
8891.39705      11856.8685      5.60404936e-10  -0.0126398473  
8891.39705      11856.8685      9.96556558e-10  -0.0225245271  
8891.39705      11856.8685      1.77215601e-09  -0.0401434076  
8891.39705      11856.8685      3.15138854e-09  -0.0716027849  
8891.39705      11856.8685      5.60404936e-09  -0.127940155   
8891.39705      11856.8685      9.96556558e-09  -0.229309622   
8891.39705      11856.8685      1.77215601e-08  -0.413021683   
8891.39705      11856.8685      3.15138854e-08  -0.749196551   
8891.39705      11856.8685      5.60404936e-08  -1.37096965    
8891.39705      11856.8685      9.96556558e-08  -2.53050563    
8891.39705      11856.8685      1.77215601e-07  -4.6972838     
8891.39705      11856.8685      3.15138854e-07  -8.72529654    
8891.39705      11856.8685      5.60404936e-07  -16.142001     
8891.39705      11856.8685      9.96556558e-07  -29.6631723    
8891.39705      11856.8685      1.77215601e-06  -54.1205484    
8891.39705      11856.8685      3.15138854e-06  -98.1269208    
8891.39705      11856.8685      5.60404936e-06  -177.047717    
8891.39705      11856.8685      9.96556558e-06  -318.286989    
8891.39705      11856.8685      1.77215601e-05  -570.682951    
8891.39705      11856.8685      3.15138854e-05  -1021.21364    
8891.39705      11856.8685      5.60404936e-05  -1824.71365    
8891.39705      11856.8685      9.96556558e-05  -3256.73874    
11856.8685      15811.3883      0               5.29848876e-09 
11856.8685      15811.3883      1.77215601e-10  -0.00326263684 
11856.8685      15811.3883      3.15138854e-10  -0.00580233957 
11856.8685      15811.3883      5.60404936e-10  -0.010319624   
11856.8685      15811.3883      9.96556558e-10  -0.0183557204  
11856.8685      15811.3883      1.77215601e-09  -0.0326559148  
11856.8685      15811.3883      3.15138854e-09  -0.0581163218  
11856.8685      15811.3883      5.60404936e-09  -0.103487749   
11856.8685      15811.3883      9.96556558e-09  -0.184466582   
11856.8685      15811.3883      1.77215601e-08  -0.329367964   
11856.8685      15811.3883      3.15138854e-08  -0.589694278   
11856.8685      15811.3883      5.60404936e-08  -1.06009205    
11856.8685      15811.3883      9.96556558e-08  -1.91615258    
11856.8685      15811.3883      1.77215601e-07  -3.4848267     
11856.8685      15811.3883      3.15138854e-07  -6.37140105    
11856.8685      15811.3883      5.60404936e-07  -11.6828669    
11856.8685      15811.3883      9.96556558e-07  -21.4216146    
11856.8685      15811.3883      1.77215601e-06  -39.1884884    
11856.8685      15811.3883      3.15138854e-06  -71.4404739    
11856.8685      15811.3883      5.60404936e-06  -129.727937    
11856.8685      15811.3883      9.96556558e-06  -234.663337    
11856.8685      15811.3883      1.77215601e-05  -422.965168    
11856.8685      15811.3883      3.15138854e-05  -759.977683    
11856.8685      15811.3883      5.60404936e-05  -1361.9436     
11856.8685      15811.3883      9.96556558e-05  -2435.63229    
15811.3883      21084.8252      0               0.00786017215  
15811.3883      21084.8252      1.77215601e-10  0.00686325967  
15811.3883      21084.8252      3.15138854e-10  0.00608439892  
15811.3883      21084.8252      5.60404936e-10  0.00469294201  
15811.3883      21084.8252      9.96556558e-10  0.0021983539   
15811.3883      21084.8252      1.77215601e-09  -0.00230085219 
15811.3883      21084.8252      3.15138854e-09  -0.0104974317  
15811.3883      21084.8252      5.60404936e-09  -0.0256711667  
15811.3883      21084.8252      9.96556558e-09  -0.0544352853  
15811.3883      21084.8252      1.77215601e-08  -0.110673758   
15811.3883      21084.8252      3.15138854e-08  -0.224290806   
15811.3883      21084.8252      5.60404936e-08  -0.459392091   
15811.3883      21084.8252      9.96556558e-08  -0.948145384   
15811.3883      21084.8252      1.77215601e-07  -1.94751651    
15811.3883      21084.8252      3.15138854e-07  -3.93158275    
15811.3883      21084.8252      5.60404936e-07  -7.75073326    
15811.3883      21084.8252      9.96556558e-07  -14.9213365    
15811.3883      21084.8252      1.77215601e-06  -28.1539331    
15811.3883      21084.8252      3.15138854e-06  -52.2987778    
15811.3883      21084.8252      5.60404936e-06  -96.0194081    
15811.3883      21084.8252      9.96556558e-06  -174.757178    
15811.3883      21084.8252      1.77215601e-05  -316.005699    
15811.3883      21084.8252      3.15138854e-05  -568.704847    
15811.3883      21084.8252      5.60404936e-05  -1019.95549    
15811.3883      21084.8252      9.96556558e-05  -1824.74783    
21084.8252      28117.0663      0               3.78940967e-09 
21084.8252      28117.0663      1.77215601e-10  -0.00233313895 
21084.8252      28117.0663      3.15138854e-10  -0.00414897922 
21084.8252      28117.0663      5.60404936e-10  -0.00737805775 
21084.8252      28117.0663      9.96556558e-10  -0.0131202843  
21084.8252      28117.0663      1.77215601e-09  -0.0233316393  
21084.8252      28117.0663      3.15138854e-09  -0.0414905084  
21084.8252      28117.0663      5.60404936e-09  -0.0737827677  
21084.8252      28117.0663      9.96556558e-09  -0.13120969    
21084.8252      28117.0663      1.77215601e-08  -0.233337938   
21084.8252      28117.0663      3.15138854e-08  -0.414972964   
21084.8252      28117.0663      5.60404936e-08  -0.738041271   
21084.8252      28117.0663      9.96556558e-08  -1.31276679    
21084.8252      28117.0663      1.77215601e-07  -2.3354677     
21084.8252      28117.0663      3.15138854e-07  -4.1561722     
21084.8252      28117.0663      5.60404936e-07  -7.39994672    
21084.8252      28117.0663      9.96556558e-07  -13.185288     
21084.8252      28117.0663      1.77215601e-06  -23.5178276    
21084.8252      28117.0663      3.15138854e-06  -41.9985718    
21084.8252      28117.0663      5.60404936e-06  -75.0906186    
21084.8252      28117.0663      9.96556558e-06  -134.370487    
21084.8252      28117.0663      1.77215601e-05  -240.515876    
21084.8252      28117.0663      3.15138854e-05  -430.372205    
21084.8252      28117.0663      5.60404936e-05  -769.504829    
21084.8252      28117.0663      9.96556558e-05  -1374.53128    
28117.0663      37494.7105      0               2.96790859e-09 
28117.0663      37494.7105      1.77215601e-10  -0.00182736245 
28117.0663      37494.7105      3.15138854e-10  -0.00324956414 
28117.0663      37494.7105      5.60404936e-10  -0.00577863784 
28117.0663      37494.7105      9.96556558e-10  -0.010276043   
28117.0663      37494.7105      1.77215601e-09  -0.0182737033  
28117.0663      37494.7105      3.15138854e-09  -0.0324958327  
28117.0663      37494.7105      5.60404936e-09  -0.0577869257  
28117.0663      37494.7105      9.96556558e-09  -0.102762102   
28117.0663      37494.7105      1.77215601e-08  -0.182742259   
28117.0663      37494.7105      3.15138854e-08  -0.324974767   
28117.0663      37494.7105      5.60404936e-08  -0.57792104    
28117.0663      37494.7105      9.96556558e-08  -1.0277839     
28117.0663      37494.7105      1.77215601e-07  -1.82793305    
28117.0663      37494.7105      3.15138854e-07  -3.25133701    
28117.0663      37494.7105      5.60404936e-07  -5.78410289    
28117.0663      37494.7105      9.96556558e-07  -10.292617     
28117.0663      37494.7105      1.77215601e-06  -18.3226412    
28117.0663      37494.7105      3.15138854e-06  -32.6347102    
28117.0663      37494.7105      5.60404936e-06  -58.1606241    
28117.0663      37494.7105      9.96556558e-06  -103.705853    
28117.0663      37494.7105      1.77215601e-05  -184.971075    
28117.0663      37494.7105      3.15138854e-05  -329.91486     
28117.0663      37494.7105      5.60404936e-05  -588.285212    
28117.0663      37494.7105      9.96556558e-05  -1048.57486    
37494.7105      50000           0               6.68817006e-06 
37494.7105      50000           1.77215601e-10  -0.000735231812
37494.7105      50000           3.15138854e-10  -0.00131296743 
37494.7105      50000           5.60404936e-10  -0.002341022   
37494.7105      50000           9.96556558e-10  -0.00417133373 
37494.7105      50000           1.77215601e-09  -0.00743289262 
37494.7105      50000           3.15138854e-09  -0.0132540722  
37494.7105      50000           5.60404936e-09  -0.0236720779  
37494.7105      50000           9.96556558e-09  -0.0424037044  
37494.7105      50000           1.77215601e-08  -0.0763408761  
37494.7105      50000           3.15138854e-08  -0.138555215   
37494.7105      50000           5.60404936e-08  -0.254500663   
37494.7105      50000           9.96556558e-08  -0.474824357   
37494.7105      50000           1.77215601e-07  -0.900731283   
37494.7105      50000           3.15138854e-07  -1.73031716    
37494.7105      50000           5.60404936e-07  -3.33673327    
37494.7105      50000           9.96556558e-07  -6.39734666    
37494.7105      50000           1.77215601e-06  -12.1162034    
37494.7105      50000           3.15138854e-06  -22.6218933    
37494.7105      50000           5.60404936e-06  -41.6829204    
37494.7105      50000           9.96556558e-06  -75.9860384    
37494.7105      50000           1.77215601e-05  -137.411905    
37494.7105      50000           3.15138854e-05  -247.082254    
37494.7105      50000           5.60404936e-05  -442.557738    
37494.7105      50000           9.96556558e-05  -790.641174    
50000           66676.0716      0               1.72408932e-09 
50000           66676.0716      1.77215601e-10  -0.00106155175 
50000           66676.0716      3.15138854e-10  -0.00188773696 
50000           66676.0716      5.60404936e-10  -0.00335692512 
50000           66676.0716      9.96556558e-10  -0.00596955218 
50000           66676.0716      1.77215601e-09  -0.0106155331  
50000           66676.0716      3.15138854e-09  -0.0188773855  
50000           66676.0716      5.60404936e-09  -0.033569268   
50000           66676.0716      9.96556558e-09  -0.0596955414  
50000           66676.0716      1.77215601e-08  -0.10615536    
50000           66676.0716      3.15138854e-08  -0.188773911   
50000           66676.0716      5.60404936e-08  -0.335692823   
50000           66676.0716      9.96556558e-08  -0.596955834   
50000           66676.0716      1.77215601e-07  -1.06155489    
50000           66676.0716      3.15138854e-07  -1.88774317    
50000           66676.0716      5.60404936e-07  -3.35694102    
50000           66676.0716      9.96556558e-07  -5.96959863    
50000           66676.0716      1.77215601e-06  -10.6156757    
50000           66676.0716      3.15138854e-06  -18.8778293    
50000           66676.0716      5.60404936e-06  -33.5706493    
50000           66676.0716      9.96556558e-06  -59.699807     
50000           66676.0716      1.77215601e-05  -106.168329    
50000           66676.0716      3.15138854e-05  -188.812353    
50000           66676.0716      5.60404936e-05  -335.802521    
50000           66676.0716      9.96556558e-05  -597.253253    
66676.0716      88913.9705      0               1.19186438e-09 
66676.0716      88913.9705      1.77215601e-10  -0.000733843263
66676.0716      88913.9705      3.15138854e-10  -0.00130498067 
66676.0716      88913.9705      5.60404936e-10  -0.00232062554 
66676.0716      88913.9705      9.96556558e-10  -0.0041267353  
66676.0716      88913.9705      1.77215601e-09  -0.00733853286 
66676.0716      88913.9705      3.15138854e-09  -0.0130501004  
66676.0716      88913.9705      5.60404936e-09  -0.0232071606  
66676.0716      88913.9705      9.96556558e-09  -0.0412701903  
66676.0716      88913.9705      1.77215601e-08  -0.0733942659  
66676.0716      88913.9705      3.15138854e-08  -0.130529177   
66676.0716      88913.9705      5.60404936e-08  -0.232160304   
66676.0716      88913.9705      9.96556558e-08  -0.412980317   
66676.0716      88913.9705      1.77215601e-07  -0.734811782   
66676.0716      88913.9705      3.15138854e-07  -1.30797908    
66676.0716      88913.9705      5.60404936e-07  -2.32977919    
66676.0716      88913.9705      9.96556558e-07  -4.15403601    
66676.0716      88913.9705      1.77215601e-06  -7.41711206    
66676.0716      88913.9705      3.15138854e-06  -13.265369     
66676.0716      88913.9705      5.60404936e-06  -23.7618905    
66676.0716      88913.9705      9.96556558e-06  -42.6075414    
66676.0716      88913.9705      1.77215601e-05  -76.4177807    
66676.0716      88913.9705      3.15138854e-05  -136.990555    
66676.0716      88913.9705      5.60404936e-05  -245.340305    
66676.0716      88913.9705      9.96556558e-05  -438.871189    
88913.9705      118568.685      0               9.58863211e-10 
88913.9705      118568.685      1.77215601e-10  -0.000590366861
88913.9705      118568.685      3.15138854e-10  -0.00104983798 
88913.9705      118568.685      5.60404936e-10  -0.00186690603 
88913.9705      118568.685      9.96556558e-10  -0.00331988133 
88913.9705      118568.685      1.77215601e-09  -0.00590367749 
88913.9705      118568.685      3.15138854e-09  -0.0104983892  
88913.9705      118568.685      5.60404936e-09  -0.0186690714  
88913.9705      118568.685      9.96556558e-09  -0.0331988297  
88913.9705      118568.685      1.77215601e-08  -0.059036808   
88913.9705      118568.685      3.15138854e-08  -0.104983978   
88913.9705      118568.685      5.60404936e-08  -0.186690967   
88913.9705      118568.685      9.96556558e-08  -0.331989079   
88913.9705      118568.685      1.77215601e-07  -0.590370531   
88913.9705      118568.685      3.15138854e-07  -1.04984751    
88913.9705      118568.685      5.60404936e-07  -1.86693401    
88913.9705      118568.685      9.96556558e-07  -3.31996744    
88913.9705      118568.685      1.77215601e-06  -5.9039459     
88913.9705      118568.685      3.15138854e-06  -10.4992261    
88913.9705      118568.685      5.60404936e-06  -18.6716621    
88913.9705      118568.685      9.96556558e-06  -33.2067375    
88913.9705      118568.685      1.77215601e-05  -59.0603806    
88913.9705      118568.685      3.15138854e-05  -105.051738    
88913.9705      118568.685      5.60404936e-05  -186.876033    
88913.9705      118568.685      9.96556558e-05  -332.46309     
118568.685      158113.883      0               0.000171284628 
118568.685      158113.883      1.77215601e-10  -0.000270534108
118568.685      158113.883      3.15138854e-10  -0.000614392534
118568.685      158113.883      5.60404936e-10  -0.00122586889 
118568.685      158113.883      9.96556558e-10  -0.00231324471 
118568.685      158113.883      1.77215601e-09  -0.00424690273 
118568.685      158113.883      3.15138854e-09  -0.00768548699 
118568.685      158113.883      5.60404936e-09  -0.0138002506  
118568.685      158113.883      9.96556558e-09  -0.0246740087  
118568.685      158113.883      1.77215601e-08  -0.044010589   
118568.685      158113.883      3.15138854e-08  -0.0783964315  
118568.685      158113.883      5.60404936e-08  -0.139544067   
118568.685      158113.883      9.96556558e-08  -0.248281649   
118568.685      158113.883      1.77215601e-07  -0.441647452   
118568.685      158113.883      3.15138854e-07  -0.785505879   
118568.685      158113.883      5.60404936e-07  -1.39698224    
118568.685      158113.883      9.96556558e-07  -2.48435807    
118568.685      158113.883      1.77215601e-06  -4.41801615    
118568.685      158113.883      3.15138854e-06  -7.85660055    
118568.685      158113.883      5.60404936e-06  -13.9713646    
118568.685      158113.883      9.96556558e-06  -24.8451243    
118568.685      158113.883      1.77215601e-05  -44.1817093    
118568.685      158113.883      3.15138854e-05  -78.5675669    
118568.685      158113.883      5.60404936e-05  -139.71525     
118568.685      158113.883      9.96556558e-05  -248.452981    
158113.883      210848.252      0               0.00048245754  
158113.883      210848.252      1.77215601e-10  0.00015213393  
158113.883      210848.252      3.15138854e-10  -0.000104950134
158113.883      210848.252      5.60404936e-10  -0.000562117433
158113.883      210848.252      9.96556558e-10  -0.00137508863 
158113.883      210848.252      1.77215601e-09  -0.00282077856 
158113.883      210848.252      3.15138854e-09  -0.00539161921 
158113.883      210848.252      5.60404936e-09  -0.0099632922  
158113.883      210848.252      9.96556558e-09  -0.0180930042  
158113.883      210848.252      1.77215601e-08  -0.0325499036  
158113.883      210848.252      3.15138854e-08  -0.0582583104  
158113.883      210848.252      5.60404936e-08  -0.103975041   
158113.883      210848.252      9.96556558e-08  -0.185272164   
158113.883      210848.252      1.77215601e-07  -0.329841168   
158113.883      210848.252      3.15138854e-07  -0.586925266   
158113.883      210848.252      5.60404936e-07  -1.04409267    
158113.883      210848.252      9.96556558e-07  -1.8570642     
158113.883      210848.252      1.77215601e-06  -3.30275519    
158113.883      210848.252      3.15138854e-06  -5.87359919    
158113.883      210848.252      5.60404936e-06  -10.4452827    
158113.883      210848.252      9.96556558e-06  -18.575028     
158113.883      210848.252      1.77215601e-05  -33.0320322    
158113.883      210848.252      3.15138854e-05  -58.7407665    
158113.883      210848.252      5.60404936e-05  -104.458515    
158113.883      210848.252      9.96556558e-05  -185.758753    
210848.252      281170.663      0               2.44898007e-05 
210848.252      281170.663      1.77215601e-10  -0.000222444527
210848.252      281170.663      3.15138854e-10  -0.000414628431
210848.252      281170.663      5.60404936e-10  -0.000756385109
210848.252      281170.663      9.96556558e-10  -0.00136412397 
210848.252      281170.663      1.77215601e-09  -0.00244485348 
210848.252      281170.663      3.15138854e-09  -0.00436669251 
210848.252      281170.663      5.60404936e-09  -0.00778425929 
210848.252      281170.663      9.96556558e-09  -0.0138616479  
210848.252      281170.663      1.77215601e-08  -0.024668943   
210848.252      281170.663      3.15138854e-08  -0.0438873333  
210848.252      281170.663      5.60404936e-08  -0.0780630012  
210848.252      281170.663      9.96556558e-08  -0.138836888   
210848.252      281170.663      1.77215601e-07  -0.246909838   
210848.252      281170.663      3.15138854e-07  -0.439093742   
210848.252      281170.663      5.60404936e-07  -0.78085042    
210848.252      281170.663      9.96556558e-07  -1.38858928    
210848.252      281170.663      1.77215601e-06  -2.4693188     
210848.252      281170.663      3.15138854e-06  -4.39115784    
210848.252      281170.663      5.60404936e-06  -7.80872464    
210848.252      281170.663      9.96556558e-06  -13.8861134    
210848.252      281170.663      1.77215601e-05  -24.6934087    
210848.252      281170.663      3.15138854e-05  -43.9117999    
210848.252      281170.663      5.60404936e-05  -78.0874703    
210848.252      281170.663      9.96556558e-05  -138.861365    
281170.663      374947.105      0               2.98051361e-10 
281170.663      374947.105      1.77215601e-10  -0.000183511246
281170.663      374947.105      3.15138854e-10  -0.000326334501
281170.663      374947.105      5.60404936e-10  -0.000580314157
281170.663      374947.105      9.96556558e-10  -0.00103196095 
281170.663      374947.105      1.77215601e-09  -0.00183511514 
281170.663      374947.105      3.15138854e-09  -0.0032633477  
281170.663      374947.105      5.60404936e-09  -0.00580314425 
281170.663      374947.105      9.96556558e-09  -0.0103196122  
281170.663      374947.105      1.77215601e-08  -0.0183511541  
281170.663      374947.105      3.15138854e-08  -0.0326334796  
281170.663      374947.105      5.60404936e-08  -0.0580314452  
281170.663      374947.105      9.96556558e-08  -0.103196124   
281170.663      374947.105      1.77215601e-07  -0.183511543   
281170.663      374947.105      3.15138854e-07  -0.326334799   
281170.663      374947.105      5.60404936e-07  -0.580314454   
281170.663      374947.105      9.96556558e-07  -1.03196125    
281170.663      374947.105      1.77215601e-06  -1.83511544    
281170.663      374947.105      3.15138854e-06  -3.26334799    
281170.663      374947.105      5.60404936e-06  -5.80314455    
281170.663      374947.105      9.96556558e-06  -10.3196125    
281170.663      374947.105      1.77215601e-05  -18.3511544    
281170.663      374947.105      3.15138854e-05  -32.63348      
281170.663      374947.105      5.60404936e-05  -58.0314456    
281170.663      374947.105      9.96556558e-05  -103.196125    
374947.105      500000          0               7.69794026e-05 
374947.105      500000          1.77215601e-10  -5.64308959e-05
374947.105      500000          3.15138854e-10  -0.000160261384
374947.105      500000          5.60404936e-10  -0.000344901004
374947.105      500000          9.96556558e-10  -0.000673241838
374947.105      500000          1.77215601e-09  -0.00125712358 
374947.105      500000          3.15138854e-09  -0.00229542847 
374947.105      500000          5.60404936e-09  -0.00414182466 
374947.105      500000          9.96556558e-09  -0.007425233   
374947.105      500000          1.77215601e-08  -0.0132640504  
374947.105      500000          3.15138854e-08  -0.0236470993  
374947.105      500000          5.60404936e-08  -0.0421110613  
374947.105      500000          9.96556558e-08  -0.0749451447  
374947.105      500000          1.77215601e-07  -0.133333319   
374947.105      500000          3.15138854e-07  -0.237163808   
374947.105      500000          5.60404936e-07  -0.421803428   
374947.105      500000          9.96556558e-07  -0.750144263   
374947.105      500000          1.77215601e-06  -1.33402601    
374947.105      500000          3.15138854e-06  -2.37233091    
374947.105      500000          5.60404936e-06  -4.21872714    
374947.105      500000          9.96556558e-06  -7.5021356     
374947.105      500000          1.77215601e-05  -13.3409534    
374947.105      500000          3.15138854e-05  -23.7240035    
374947.105      500000          5.60404936e-05  -42.1879693    
374947.105      500000          9.96556558e-05  -75.0220647    
