### /nfs/slac/g/ki/ki20/cta/mdwood/fermi/dsph_pipeline/des_dwarfs/v6/p302_6yr_source_psf0123_point_gs_jsigma0.6/results/like_draco_II.txt
#[0]emin(MeV) [1]emax(MeV) [2]eflux(MeV/cm^2/s) [3]deltaLogLike
500             666.760716      0               -0.00939765078 
500             666.760716      1.77215601e-10  -0.00865802524 
500             666.760716      3.15138854e-10  -0.00809636975 
500             666.760716      5.60404936e-10  -0.00712777611 
500             666.760716      9.96556558e-10  -0.00550061358 
500             666.760716      1.77215601e-09  -0.00290725687 
500             666.760716      3.15138854e-09  0.000761116586 
500             666.760716      5.60404936e-09  0.00433428961  
500             666.760716      9.96556558e-09  0.00153811136  
500             666.760716      1.77215601e-08  -0.0314164437  
500             666.760716      3.15138854e-08  -0.173622023   
500             666.760716      5.60404936e-08  -0.667341013   
500             666.760716      9.96556558e-08  -2.2032416     
500             666.760716      1.77215601e-07  -6.61068924    
500             666.760716      3.15138854e-07  -18.385291     
500             666.760716      5.60404936e-07  -47.8300266    
500             666.760716      9.96556558e-07  -117.20756     
500             666.760716      1.77215601e-06  -272.432149    
500             666.760716      3.15138854e-06  -604.805039    
500             666.760716      5.60404936e-06  -1290.71437    
500             666.760716      9.96556558e-06  -2663.26629    
500             666.760716      1.77215601e-05  -5340.57027    
500             666.760716      3.15138854e-05  -10454.3423    
500             666.760716      5.60404936e-05  -20055.9271    
500             666.760716      9.96556558e-05  -37836.2985    
666.760716      889.139705      0               0.00215833463  
666.760716      889.139705      1.77215601e-10  0.00223236701  
666.760716      889.139705      3.15138854e-10  0.00227066034  
666.760716      889.139705      5.60404936e-10  0.00229707837  
666.760716      889.139705      9.96556558e-10  0.00221274921  
666.760716      889.139705      1.77215601e-09  0.0016502818   
666.760716      889.139705      3.15138854e-09  -0.0006393896  
666.760716      889.139705      5.60404936e-09  -0.00870719578 
666.760716      889.139705      9.96556558e-09  -0.0352601188  
666.760716      889.139705      1.77215601e-08  -0.118893064   
666.760716      889.139705      3.15138854e-08  -0.372378085   
666.760716      889.139705      5.60404936e-08  -1.10933083    
666.760716      889.139705      9.96556558e-08  -3.15082278    
666.760716      889.139705      1.77215601e-07  -8.50740442    
666.760716      889.139705      3.15138854e-07  -21.7886419    
666.760716      889.139705      5.60404936e-07  -52.9739683    
666.760716      889.139705      9.96556558e-07  -122.706085    
666.760716      889.139705      1.77215601e-06  -272.195928    
666.760716      889.139705      3.15138854e-06  -581.389108    
666.760716      889.139705      5.60404936e-06  -1201.73903    
666.760716      889.139705      9.96556558e-06  -2414.75265    
666.760716      889.139705      1.77215601e-05  -4736.14775    
666.760716      889.139705      3.15138854e-05  -9100.95814    
666.760716      889.139705      5.60404936e-05  -17192.4936    
666.760716      889.139705      9.96556558e-05  -32026.9072    
889.139705      1185.68685      0               0.000713062902 
889.139705      1185.68685      1.77215601e-10  0.000187773257 
889.139705      1185.68685      3.15138854e-10  -0.000243281522
889.139705      1185.68685      5.60404936e-10  -0.00105775219 
889.139705      1185.68685      9.96556558e-10  -0.00265705685 
889.139705      1185.68685      1.77215601e-09  -0.00597487689 
889.139705      1185.68685      3.15138854e-09  -0.0133537454  
889.139705      1185.68685      5.60404936e-09  -0.0310463434  
889.139705      1185.68685      9.96556558e-09  -0.0764041442  
889.139705      1185.68685      1.77215601e-08  -0.198168591   
889.139705      1185.68685      3.15138854e-08  -0.531234058   
889.139705      1185.68685      5.60404936e-08  -1.43416556    
889.139705      1185.68685      9.96556558e-08  -3.80386432    
889.139705      1185.68685      1.77215601e-07  -9.72968478    
889.139705      1185.68685      3.15138854e-07  -23.7569572    
889.139705      1185.68685      5.60404936e-07  -55.2436212    
889.139705      1185.68685      9.96556558e-07  -122.721906    
889.139705      1185.68685      1.77215601e-06  -261.927254    
889.139705      1185.68685      3.15138854e-06  -540.391854    
889.139705      1185.68685      5.60404936e-06  -1083.6394     
889.139705      1185.68685      9.96556558e-06  -2121.9006     
889.139705      1185.68685      1.77215601e-05  -4073.24364    
889.139705      1185.68685      3.15138854e-05  -7691.40138    
889.139705      1185.68685      5.60404936e-05  -14328.6313    
889.139705      1185.68685      9.96556558e-05  -26403.1177    
1185.68685      1581.13883      0               -0.012502428   
1185.68685      1581.13883      1.77215601e-10  -0.0111582045  
1185.68685      1581.13883      3.15138854e-10  -0.0101649199  
1185.68685      1581.13883      5.60404936e-10  -0.00851185561 
1185.68685      1581.13883      9.96556558e-10  -0.00592545957 
1185.68685      1581.13883      1.77215601e-09  -0.00241605443 
1185.68685      1581.13883      3.15138854e-09  0.000520591886 
1185.68685      1581.13883      5.60404936e-09  -0.00398622096 
1185.68685      1581.13883      9.96556558e-09  -0.039385984   
1185.68685      1581.13883      1.77215601e-08  -0.174629767   
1185.68685      1581.13883      3.15138854e-08  -0.591093124   
1185.68685      1581.13883      5.60404936e-08  -1.72375927    
1185.68685      1581.13883      9.96556558e-08  -4.54292131    
1185.68685      1581.13883      1.77215601e-07  -11.1014029    
1185.68685      1581.13883      3.15138854e-07  -25.574126     
1185.68685      1581.13883      5.60404936e-07  -56.1892977    
1185.68685      1581.13883      9.96556558e-07  -118.76291     
1185.68685      1581.13883      1.77215601e-06  -243.110452    
1185.68685      1581.13883      3.15138854e-06  -484.581056    
1185.68685      1581.13883      5.60404936e-06  -944.66871     
1185.68685      1581.13883      9.96556558e-06  -1807.74488    
1185.68685      1581.13883      1.77215601e-05  -3406.45622    
1185.68685      1581.13883      3.15138854e-05  -6338.0625     
1185.68685      1581.13883      5.60404936e-05  -11671.3815    
1185.68685      1581.13883      9.96556558e-05  -21314.9952    
1581.13883      2108.48252      0               -0.0541884116  
1581.13883      2108.48252      1.77215601e-10  -0.0517123926  
1581.13883      2108.48252      3.15138854e-10  -0.0498295932  
1581.13883      2108.48252      5.60404936e-10  -0.0465763242  
1581.13883      2108.48252      9.96556558e-10  -0.0410876126  
1581.13883      2108.48252      1.77215601e-09  -0.0322456681  
1581.13883      2108.48252      3.15138854e-09  -0.019324952   
1581.13883      2108.48252      5.60404936e-09  -0.00468916382 
1581.13883      2108.48252      9.96556558e-09  -0.00252189187 
1581.13883      2108.48252      1.77215601e-08  -0.0630515423  
1581.13883      2108.48252      3.15138854e-08  -0.331379185   
1581.13883      2108.48252      5.60404936e-08  -1.17392686    
1581.13883      2108.48252      9.96556558e-08  -3.42507793    
1581.13883      2108.48252      1.77215601e-07  -8.8414297     
1581.13883      2108.48252      3.15138854e-07  -20.9248472    
1581.13883      2108.48252      5.60404936e-07  -46.4232083    
1581.13883      2108.48252      9.96556558e-07  -98.07518      
1581.13883      2108.48252      1.77215601e-06  -199.590444    
1581.13883      2108.48252      3.15138854e-06  -394.596226    
1581.13883      2108.48252      5.60404936e-06  -762.616857    
1581.13883      2108.48252      9.96556558e-06  -1447.53615    
1581.13883      2108.48252      1.77215601e-05  -2708.19476    
1581.13883      2108.48252      3.15138854e-05  -5008.25778    
1581.13883      2108.48252      5.60404936e-05  -9175.90638    
1581.13883      2108.48252      9.96556558e-05  -16687.8444    
2108.48252      2811.70663      0               -0.819864291   
2108.48252      2811.70663      1.77215601e-10  -0.801809785   
2108.48252      2811.70663      3.15138854e-10  -0.788002232   
2108.48252      2811.70663      5.60404936e-10  -0.763962016   
2108.48252      2811.70663      9.96556558e-10  -0.722774908   
2108.48252      2811.70663      1.77215601e-09  -0.654164108   
2108.48252      2811.70663      3.15138854e-09  -0.545293522   
2108.48252      2811.70663      5.60404936e-09  -0.386596869   
2108.48252      2811.70663      9.96556558e-09  -0.189092391   
2108.48252      2811.70663      1.77215601e-08  -0.0216540151  
2108.48252      2811.70663      3.15138854e-08  -0.0769015845  
2108.48252      2811.70663      5.60404936e-08  -0.778849731   
2108.48252      2811.70663      9.96556558e-08  -2.96583458    
2108.48252      2811.70663      1.77215601e-07  -8.22429762    
2108.48252      2811.70663      3.15138854e-07  -19.5149165    
2108.48252      2811.70663      5.60404936e-07  -42.3401373    
2108.48252      2811.70663      9.96556558e-07  -86.8828434    
2108.48252      2811.70663      1.77215601e-06  -171.853856    
2108.48252      2811.70663      3.15138854e-06  -331.352022    
2108.48252      2811.70663      5.60404936e-06  -627.080092    
2108.48252      2811.70663      9.96556558e-06  -1170.08105    
2108.48252      2811.70663      1.77215601e-05  -2159.36906    
2108.48252      2811.70663      3.15138854e-05  -3950.59625    
2108.48252      2811.70663      5.60404936e-05  -7178.18346    
2108.48252      2811.70663      9.96556558e-05  -12972.5733    
2811.70663      3749.47105      0               4.00369563e-05 
2811.70663      3749.47105      1.77215601e-10  -0.00441081243 
2811.70663      3749.47105      3.15138854e-10  -0.00788998417 
2811.70663      3749.47105      5.60404936e-10  -0.0141095514  
2811.70663      3749.47105      9.96556558e-10  -0.0252720891  
2811.70663      3749.47105      1.77215601e-09  -0.0454418015  
2811.70663      3749.47105      3.15138854e-09  -0.0822967345  
2811.70663      3749.47105      5.60404936e-09  -0.150835021   
2811.70663      3749.47105      9.96556558e-09  -0.281573052   
2811.70663      3749.47105      1.77215601e-08  -0.5390571     
2811.70663      3749.47105      3.15138854e-08  -1.06285295    
2811.70663      3749.47105      5.60404936e-08  -2.15287265    
2811.70663      3749.47105      9.96556558e-08  -4.43268617    
2811.70663      3749.47105      1.77215601e-07  -9.14154937    
2811.70663      3749.47105      3.15138854e-07  -18.6445922    
2811.70663      3749.47105      5.60404936e-07  -37.3334696    
2811.70663      3749.47105      9.96556558e-07  -73.2388313    
2811.70663      3749.47105      1.77215601e-06  -140.928473    
2811.70663      3749.47105      3.15138854e-06  -266.691799    
2811.70663      3749.47105      5.60404936e-06  -497.765822    
2811.70663      3749.47105      9.96556558e-06  -918.737994    
2811.70663      3749.47105      1.77215601e-05  -1680.73043    
2811.70663      3749.47105      3.15138854e-05  -3053.31837    
2811.70663      3749.47105      5.60404936e-05  -5516.8662     
2811.70663      3749.47105      9.96556558e-05  -9926.76063    
3749.47105      5000            0               1.12277121e-08 
3749.47105      5000            1.77215601e-10  -0.00691744295 
3749.47105      5000            3.15138854e-10  -0.0123069619  
3749.47105      5000            5.60404936e-10  -0.0219035298  
3749.47105      5000            9.96556558e-10  -0.0390081601  
3749.47105      5000            1.77215601e-09  -0.0695476113  
3749.47105      5000            3.15138854e-09  -0.124235002   
3749.47105      5000            5.60404936e-09  -0.222641923   
3749.47105      5000            9.96556558e-09  -0.401074212   
3749.47105      5000            1.77215601e-08  -0.728165899   
3749.47105      5000            3.15138854e-08  -1.33601079    
3749.47105      5000            5.60404936e-08  -2.48126158    
3749.47105      5000            9.96556558e-08  -4.66078808    
3749.47105      5000            1.77215601e-07  -8.82371173    
3749.47105      5000            3.15138854e-07  -16.7549014    
3749.47105      5000            5.60404936e-07  -31.7650156    
3749.47105      5000            9.96556558e-07  -59.9251678    
3749.47105      5000            1.77215601e-06  -112.26824     
3749.47105      5000            3.15138854e-06  -208.706257    
3749.47105      5000            5.60404936e-06  -384.988799    
3749.47105      5000            9.96556558e-06  -705.050571    
3749.47105      5000            1.77215601e-05  -1282.9272     
3749.47105      5000            3.15138854e-05  -2321.69656    
3749.47105      5000            5.60404936e-05  -4182.75227    
3749.47105      5000            9.96556558e-05  -7509.08835    
5000            6667.60716      0               -0.0631625118  
5000            6667.60716      1.77215601e-10  -0.0603405286  
5000            6667.60716      3.15138854e-10  -0.058199362   
5000            6667.60716      5.60404936e-10  -0.0545089353  
5000            6667.60716      9.96556558e-10  -0.0483077785  
5000            6667.60716      1.77215601e-09  -0.0383752264  
5000            6667.60716      3.15138854e-09  -0.0239283456  
5000            6667.60716      5.60404936e-09  -0.00722884586 
5000            6667.60716      9.96556558e-09  -0.000862419226
5000            6667.60716      1.77215601e-08  -0.0441821353  
5000            6667.60716      3.15138854e-08  -0.234304142   
5000            6667.60716      5.60404936e-08  -0.778541993   
5000            6667.60716      9.96556558e-08  -2.08347389    
5000            6667.60716      1.77215601e-07  -4.91367615    
5000            6667.60716      3.15138854e-07  -10.6779788    
5000            6667.60716      5.60404936e-07  -21.9418486    
5000            6667.60716      9.96556558e-07  -43.3433864    
5000            6667.60716      1.77215601e-06  -83.2328288    
5000            6667.60716      3.15138854e-06  -156.597938    
5000            6667.60716      5.60404936e-06  -290.265507    
5000            6667.60716      9.96556558e-06  -532.149955    
5000            6667.60716      1.77215601e-05  -967.715532    
5000            6667.60716      3.15138854e-05  -1749.27537    
5000            6667.60716      5.60404936e-05  -3148.09954    
5000            6667.60716      9.96556558e-05  -5647.05151    
6667.60716      8891.39705      0               -0.0323115878  
6667.60716      8891.39705      1.77215601e-10  -0.0304094772  
6667.60716      8891.39705      3.15138854e-10  -0.0289760288  
6667.60716      8891.39705      5.60404936e-10  -0.0265266994  
6667.60716      8891.39705      9.96556558e-10  -0.0224788241  
6667.60716      8891.39705      1.77215601e-09  -0.0162126325  
6667.60716      8891.39705      3.15138854e-09  -0.00780667362 
6667.60716      8891.39705      5.60404936e-09  -0.000501711606
6667.60716      8891.39705      9.96556558e-09  -0.00726900101 
6667.60716      8891.39705      1.77215601e-08  -0.0651090793  
6667.60716      8891.39705      3.15138854e-08  -0.260573518   
6667.60716      8891.39705      5.60404936e-08  -0.769460155   
6667.60716      8891.39705      9.96556558e-08  -1.91969103    
6667.60716      8891.39705      1.77215601e-07  -4.30408286    
6667.60716      8891.39705      3.15138854e-07  -8.99405715    
6667.60716      8891.39705      5.60404936e-07  -17.9351356    
6667.60716      8891.39705      9.96556558e-07  -34.6557279    
6667.60716      8891.39705      1.77215601e-06  -65.5221519    
6667.60716      8891.39705      3.15138854e-06  -121.962755    
6667.60716      8891.39705      5.60404936e-06  -224.417023    
6667.60716      8891.39705      9.96556558e-06  -409.355143    
6667.60716      8891.39705      1.77215601e-05  -741.760125    
6667.60716      8891.39705      3.15138854e-05  -1337.32038    
6667.60716      8891.39705      5.60404936e-05  -2401.90214    
6667.60716      8891.39705      9.96556558e-05  -4301.7855     
8891.39705      11856.8685      0               -0.345129912   
8891.39705      11856.8685      1.77215601e-10  -0.341784986   
8891.39705      11856.8685      3.15138854e-10  -0.339198193   
8891.39705      11856.8685      5.60404936e-10  -0.334633567   
8891.39705      11856.8685      9.96556558e-10  -0.326627233   
8891.39705      11856.8685      1.77215601e-09  -0.312733968   
8891.39705      11856.8685      3.15138854e-09  -0.289082533   
8891.39705      11856.8685      5.60404936e-09  -0.250181664   
8891.39705      11856.8685      9.96556558e-09  -0.190111517   
8891.39705      11856.8685      1.77215601e-08  -0.108054328   
8891.39705      11856.8685      3.15138854e-08  -0.0240264133  
8891.39705      11856.8685      5.60404936e-08  -0.0132791142  
8891.39705      11856.8685      9.96556558e-08  -0.26869341    
8891.39705      11856.8685      1.77215601e-07  -1.20418708    
8891.39705      11856.8685      3.15138854e-07  -3.62772818    
8891.39705      11856.8685      5.60404936e-07  -9.04057553    
8891.39705      11856.8685      9.96556558e-07  -20.1613235    
8891.39705      11856.8685      1.77215601e-06  -41.8514284    
8891.39705      11856.8685      3.15138854e-06  -82.7661671    
8891.39705      11856.8685      5.60404936e-06  -158.313297    
8891.39705      11856.8685      9.96556558e-06  -295.94448     
8891.39705      11856.8685      1.77215601e-05  -544.576398    
8891.39705      11856.8685      3.15138854e-05  -991.323539    
8891.39705      11856.8685      5.60404936e-05  -1791.22659    
8891.39705      11856.8685      9.96556558e-05  -3220.11703    
11856.8685      15811.3883      0               0.0039821091   
11856.8685      15811.3883      1.77215601e-10  0.00299099271  
11856.8685      15811.3883      3.15138854e-10  0.00221367614  
11856.8685      15811.3883      5.60404936e-10  0.000818599509 
11856.8685      15811.3883      9.96556558e-10  -0.00170233069 
11856.8685      15811.3883      1.77215601e-09  -0.00631008947 
11856.8685      15811.3883      3.15138854e-09  -0.0148881627  
11856.8685      15811.3883      5.60404936e-09  -0.0313011695  
11856.8685      15811.3883      9.96556558e-09  -0.0638674864  
11856.8685      15811.3883      1.77215601e-08  -0.131115307   
11856.8685      15811.3883      3.15138854e-08  -0.274467037   
11856.8685      15811.3883      5.60404936e-08  -0.58344878    
11856.8685      15811.3883      9.96556558e-08  -1.24014068    
11856.8685      15811.3883      1.77215601e-07  -2.59229415    
11856.8685      15811.3883      3.15138854e-07  -5.27663033    
11856.8685      15811.3883      5.60404936e-07  -10.4382543    
11856.8685      15811.3883      9.96556558e-07  -20.1255481    
11856.8685      15811.3883      1.77215601e-06  -37.9946439    
11856.8685      15811.3883      3.15138854e-06  -70.5638552    
11856.8685      15811.3883      5.60404936e-06  -129.448141    
11856.8685      15811.3883      9.96556558e-06  -235.331565    
11856.8685      15811.3883      1.77215601e-05  -425.021305    
11856.8685      15811.3883      3.15138854e-05  -763.980472    
11856.8685      15811.3883      5.60404936e-05  -1368.61592    
11856.8685      15811.3883      9.96556558e-05  -2445.93026    
15811.3883      21084.8252      0               0.00880496693  
15811.3883      21084.8252      1.77215601e-10  0.00559241912  
15811.3883      21084.8252      3.15138854e-10  0.00309215752  
15811.3883      21084.8252      5.60404936e-10  -0.00135401008 
15811.3883      21084.8252      9.96556558e-10  -0.0092605506  
15811.3883      21084.8252      1.77215601e-09  -0.0233206275  
15811.3883      21084.8252      3.15138854e-09  -0.0483234949  
15811.3883      21084.8252      5.60404936e-09  -0.0927859654  
15811.3883      21084.8252      9.96556558e-09  -0.171853881   
15811.3883      21084.8252      1.77215601e-08  -0.312462576   
15811.3883      21084.8252      3.15138854e-08  -0.562516246   
15811.3883      21084.8252      5.60404936e-08  -1.00721961    
15811.3883      21084.8252      9.96556558e-08  -1.79814536    
15811.3883      21084.8252      1.77215601e-07  -3.20500036    
15811.3883      21084.8252      3.15138854e-07  -5.70790244    
15811.3883      21084.8252      5.60404936e-07  -10.1620839    
15811.3883      21084.8252      9.96556558e-07  -18.0922877    
15811.3883      21084.8252      1.77215601e-06  -32.219399     
15811.3883      21084.8252      3.15138854e-06  -57.4016211    
15811.3883      21084.8252      5.60404936e-06  -102.311539    
15811.3883      21084.8252      9.96556558e-06  -182.415258    
15811.3883      21084.8252      1.77215601e-05  -325.260425    
15811.3883      21084.8252      3.15138854e-05  -579.874726    
15811.3883      21084.8252      5.60404936e-05  -1033.48865    
15811.3883      21084.8252      9.96556558e-05  -1841.28792    
21084.8252      28117.0663      0               0.00809794805  
21084.8252      28117.0663      1.77215601e-10  0.00574666662  
21084.8252      28117.0663      3.15138854e-10  0.00391670405  
21084.8252      28117.0663      5.60404936e-10  0.000662500591 
21084.8252      28117.0663      9.96556558e-10  -0.00512444155 
21084.8252      28117.0663      1.77215601e-09  -0.0154154285  
21084.8252      28117.0663      3.15138854e-09  -0.0337162688  
21084.8252      28117.0663      5.60404936e-09  -0.0662621393  
21084.8252      28117.0663      9.96556558e-09  -0.124143662   
21084.8252      28117.0663      1.77215601e-08  -0.227091634   
21084.8252      28117.0663      3.15138854e-08  -0.410219624   
21084.8252      28117.0663      5.60404936e-08  -0.736051497   
21084.8252      28117.0663      9.96556558e-08  -1.31601962    
21084.8252      28117.0663      1.77215601e-07  -2.34900121    
21084.8252      28117.0663      3.15138854e-07  -4.19062366    
21084.8252      28117.0663      5.60404936e-07  -7.47816967    
21084.8252      28117.0663      9.96556558e-07  -13.3552714    
21084.8252      28117.0663      1.77215601e-06  -23.8731927    
21084.8252      28117.0663      3.15138854e-06  -42.7013527    
21084.8252      28117.0663      5.60404936e-06  -76.3822519    
21084.8252      28117.0663      9.96556558e-06  -136.557237    
21084.8252      28117.0663      1.77215601e-05  -243.930728    
21084.8252      28117.0663      3.15138854e-05  -435.336565    
21084.8252      28117.0663      5.60404936e-05  -776.321624    
21084.8252      28117.0663      9.96556558e-05  -1383.529      
28117.0663      37494.7105      0               2.11798579e-09 
28117.0663      37494.7105      1.77215601e-10  -0.00130426002 
28117.0663      37494.7105      3.15138854e-10  -0.00231954133 
28117.0663      37494.7105      5.60404936e-10  -0.0041254292  
28117.0663      37494.7105      9.96556558e-10  -0.00733817263 
28117.0663      37494.7105      1.77215601e-09  -0.0130556484  
28117.0663      37494.7105      3.15138854e-09  -0.0232365091  
28117.0663      37494.7105      5.60404936e-09  -0.041383509   
28117.0663      37494.7105      9.96556558e-09  -0.0737864392  
28117.0663      37494.7105      1.77215601e-08  -0.131815097   
28117.0663      37494.7105      3.15138854e-08  -0.236231591   
28117.0663      37494.7105      5.60404936e-08  -0.425472738   
28117.0663      37494.7105      9.96556558e-08  -0.771766711   
28117.0663      37494.7105      1.77215601e-07  -1.41219784    
28117.0663      37494.7105      3.15138854e-07  -2.60623767    
28117.0663      37494.7105      5.60404936e-07  -4.83664676    
28117.0663      37494.7105      9.96556558e-07  -8.98135825    
28117.0663      37494.7105      1.77215601e-06  -16.6111137    
28117.0663      37494.7105      3.15138854e-06  -30.5197067    
28117.0663      37494.7105      5.60404936e-06  -55.6760305    
28117.0663      37494.7105      9.96556558e-06  -100.923561    
28117.0663      37494.7105      1.77215601e-05  -182.000043    
28117.0663      37494.7105      3.15138854e-05  -326.902653    
28117.0663      37494.7105      5.60404936e-05  -585.431625    
28117.0663      37494.7105      9.96556558e-05  -1046.16928    
37494.7105      50000           0               2.29942998e-09 
37494.7105      50000           1.77215601e-10  -0.00141576845 
37494.7105      50000           3.15138854e-10  -0.00251763368 
37494.7105      50000           5.60404936e-10  -0.00447705794 
37494.7105      50000           9.96556558e-10  -0.00796146179 
37494.7105      50000           1.77215601e-09  -0.0141577055  
37494.7105      50000           3.15138854e-09  -0.0251763583  
37494.7105      50000           5.60404936e-09  -0.0447706025  
37494.7105      50000           9.96556558e-09  -0.0796146462  
37494.7105      50000           1.77215601e-08  -0.141577099   
37494.7105      50000           3.15138854e-08  -0.25176368    
37494.7105      50000           5.60404936e-08  -0.447706286   
37494.7105      50000           9.96556558e-08  -0.79614724    
37494.7105      50000           1.77215601e-07  -1.41577341    
37494.7105      50000           3.15138854e-07  -2.51764439    
37494.7105      50000           5.60404936e-07  -4.47708678    
37494.7105      50000           9.96556558e-07  -7.96154776    
37494.7105      50000           1.77215601e-06  -14.1579711    
37494.7105      50000           3.15138854e-06  -25.1771862    
37494.7105      50000           5.60404936e-06  -44.7731768    
37494.7105      50000           9.96556558e-06  -79.6225748    
37494.7105      50000           1.77215601e-05  -141.601101    
37494.7105      50000           3.15138854e-05  -251.834383    
37494.7105      50000           5.60404936e-05  -447.90656     
37494.7105      50000           9.96556558e-05  -796.686525    
50000           66676.0716      0               1.53588076e-09 
50000           66676.0716      1.77215601e-10  -0.000945663603
50000           66676.0716      3.15138854e-10  -0.00168166508 
50000           66676.0716      5.60404936e-10  -0.00299050249 
50000           66676.0716      9.96556558e-10  -0.00531804788 
50000           66676.0716      1.77215601e-09  -0.00945728498 
50000           66676.0716      3.15138854e-09  -0.0168186717  
50000           66676.0716      5.60404936e-09  -0.0299113781  
50000           66676.0716      9.96556558e-09  -0.0532004966  
50000           66676.0716      1.77215601e-08  -0.0946358828  
50000           66676.0716      3.15138854e-08  -0.168384685   
50000           66676.0716      5.60404936e-08  -0.29973244    
50000           66676.0716      9.96556558e-08  -0.53392139    
50000           66676.0716      1.77215601e-07  -0.952207135   
50000           66676.0716      3.15138854e-07  -1.70125986    
50000           66676.0716      5.60404936e-07  -3.04721168    
50000           66676.0716      9.96556558e-07  -5.47434792    
50000           66676.0716      1.77215601e-06  -9.86188953    
50000           66676.0716      3.15138854e-06  -17.794247     
50000           66676.0716      5.60404936e-06  -32.102946     
50000           66676.0716      9.96556558e-06  -57.8229905    
50000           66676.0716      1.77215601e-05  -103.895688    
50000           66676.0716      3.15138854e-05  -186.204673    
50000           66676.0716      5.60404936e-05  -332.981361    
50000           66676.0716      9.96556558e-05  -594.420624    
66676.0716      88913.9705      0               -0.342833687   
66676.0716      88913.9705      1.77215601e-10  -0.341554211   
66676.0716      88913.9705      3.15138854e-10  -0.340561391   
66676.0716      88913.9705      5.60404936e-10  -0.338802274   
66676.0716      88913.9705      9.96556558e-10  -0.335694165   
66676.0716      88913.9705      1.77215601e-09  -0.330229902   
66676.0716      88913.9705      3.15138854e-09  -0.320707685   
66676.0716      88913.9705      5.60404936e-09  -0.304369436   
66676.0716      88913.9705      9.96556558e-09  -0.277087079   
66676.0716      88913.9705      1.77215601e-08  -0.233630478   
66676.0716      88913.9705      3.15138854e-08  -0.169874521   
66676.0716      88913.9705      5.60404936e-08  -0.0892955921  
66676.0716      88913.9705      9.96556558e-08  -0.0159063749  
66676.0716      88913.9705      1.77215601e-07  -0.0133577592  
66676.0716      88913.9705      3.15138854e-07  -0.209200716   
66676.0716      88913.9705      5.60404936e-07  -0.830456053   
66676.0716      88913.9705      9.96556558e-07  -2.26868032    
66676.0716      88913.9705      1.77215601e-06  -5.20342339    
66676.0716      88913.9705      3.15138854e-06  -10.8280794    
66676.0716      88913.9705      5.60404936e-06  -21.2538686    
66676.0716      88913.9705      9.96556558e-06  -40.2280703    
66676.0716      88913.9705      1.77215601e-05  -74.4103759    
66676.0716      88913.9705      3.15138854e-05  -135.642075    
66676.0716      88913.9705      5.60404936e-05  -244.981699    
66676.0716      88913.9705      9.96556558e-05  -439.88327     
88913.9705      118568.685      0               0.000433226168 
88913.9705      118568.685      1.77215601e-10  -0.000160006027
88913.9705      118568.685      3.15138854e-10  -0.000621706429
88913.9705      118568.685      5.60404936e-10  -0.00144273875 
88913.9705      118568.685      9.96556558e-10  -0.00290276362 
88913.9705      118568.685      1.77215601e-09  -0.0054990958  
88913.9705      118568.685      3.15138854e-09  -0.0101160999  
88913.9705      118568.685      5.60404936e-09  -0.0183264233  
88913.9705      118568.685      9.96556558e-09  -0.0329266725  
88913.9705      118568.685      1.77215601e-08  -0.058889996   
88913.9705      118568.685      3.15138854e-08  -0.105060042   
88913.9705      118568.685      5.60404936e-08  -0.187163293   
88913.9705      118568.685      9.96556558e-08  -0.33316584    
88913.9705      118568.685      1.77215601e-07  -0.592799247   
88913.9705      118568.685      3.15138854e-07  -1.05450025    
88913.9705      118568.685      5.60404936e-07  -1.87553447    
88913.9705      118568.685      9.96556558e-07  -3.33556536    
88913.9705      118568.685      1.77215601e-06  -5.93191649    
88913.9705      118568.685      3.15138854e-06  -10.5489802    
88913.9705      118568.685      5.60404936e-06  -18.7594908    
88913.9705      118568.685      9.96556558e-06  -33.3603238    
88913.9705      118568.685      1.77215601e-05  -59.3254491    
88913.9705      118568.685      3.15138854e-05  -105.500961    
88913.9705      118568.685      5.60404936e-05  -187.620332    
88913.9705      118568.685      9.96556558e-05  -333.668436    
118568.685      158113.883      0               2.39480934e-05 
118568.685      158113.883      1.77215601e-10  -0.000418744922
118568.685      158113.883      3.15138854e-10  -0.000763283781
118568.685      158113.883      5.60404936e-10  -0.00137597014 
118568.685      158113.883      9.96556558e-10  -0.00246549768 
118568.685      158113.883      1.77215601e-09  -0.00440298206 
118568.685      158113.883      3.15138854e-09  -0.00784837065 
118568.685      158113.883      5.60404936e-09  -0.0139752342  
118568.685      158113.883      9.96556558e-09  -0.0248705096  
118568.685      158113.883      1.77215601e-08  -0.0442453535  
118568.685      158113.883      3.15138854e-08  -0.0786992394  
118568.685      158113.883      5.60404936e-08  -0.139967875   
118568.685      158113.883      9.96556558e-08  -0.248920629   
118568.685      158113.883      1.77215601e-07  -0.442669068   
118568.685      158113.883      3.15138854e-07  -0.787207927   
118568.685      158113.883      5.60404936e-07  -1.39989429    
118568.685      158113.883      9.96556558e-07  -2.48942182    
118568.685      158113.883      1.77215601e-06  -4.42690622    
118568.685      158113.883      3.15138854e-06  -7.87229482    
118568.685      158113.883      5.60404936e-06  -13.9991585    
118568.685      158113.883      9.96556558e-06  -24.894434     
118568.685      158113.883      1.77215601e-05  -44.2692784    
118568.685      158113.883      3.15138854e-05  -78.723166     
118568.685      158113.883      5.60404936e-05  -139.991807    
118568.685      158113.883      9.96556558e-05  -248.944578    
158113.883      210848.252      0               5.37792033e-10 
158113.883      210848.252      1.77215601e-10  -0.000331123471
158113.883      210848.252      3.15138854e-10  -0.000588830469
158113.883      210848.252      5.60404936e-10  -0.00104710552 
158113.883      210848.252      9.96556558e-10  -0.0018620466  
158113.883      210848.252      1.77215601e-09  -0.00331123955 
158113.883      210848.252      3.15138854e-09  -0.00588830953 
158113.883      210848.252      5.60404936e-09  -0.01047106    
158113.883      210848.252      9.96556558e-09  -0.0186204708  
158113.883      210848.252      1.77215601e-08  -0.0331124003  
158113.883      210848.252      3.15138854e-08  -0.0588831001  
158113.883      210848.252      5.60404936e-08  -0.104710605   
158113.883      210848.252      9.96556558e-08  -0.186204713   
158113.883      210848.252      1.77215601e-07  -0.331124008   
158113.883      210848.252      3.15138854e-07  -0.588831006   
158113.883      210848.252      5.60404936e-07  -1.04710605    
158113.883      210848.252      9.96556558e-07  -1.86204714    
158113.883      210848.252      1.77215601e-06  -3.31124009    
158113.883      210848.252      3.15138854e-06  -5.88831007    
158113.883      210848.252      5.60404936e-06  -10.4710606    
158113.883      210848.252      9.96556558e-06  -18.6204714    
158113.883      210848.252      1.77215601e-05  -33.1124009    
158113.883      210848.252      3.15138854e-05  -58.8831007    
158113.883      210848.252      5.60404936e-05  -104.710606    
158113.883      210848.252      9.96556558e-05  -186.204714    
210848.252      281170.663      0               4.01826128e-10 
210848.252      281170.663      1.77215601e-10  -0.000247408811
210848.252      281170.663      3.15138854e-10  -0.000439962308
210848.252      281170.663      5.60404936e-10  -0.000782376226
210848.252      281170.663      9.96556558e-10  -0.00139128385 
210848.252      281170.663      1.77215601e-09  -0.00247409173 
210848.252      281170.663      3.15138854e-09  -0.00439962669 
210848.252      281170.663      5.60404936e-09  -0.00782376588 
210848.252      281170.663      9.96556558e-09  -0.0139128421  
210848.252      281170.663      1.77215601e-08  -0.0247409209  
210848.252      281170.663      3.15138854e-08  -0.0439962706  
210848.252      281170.663      5.60404936e-08  -0.0782376624  
210848.252      281170.663      9.96556558e-08  -0.139128424   
210848.252      281170.663      1.77215601e-07  -0.247409213   
210848.252      281170.663      3.15138854e-07  -0.439962709   
210848.252      281170.663      5.60404936e-07  -0.782376627   
210848.252      281170.663      9.96556558e-07  -1.39128425    
210848.252      281170.663      1.77215601e-06  -2.47409213    
210848.252      281170.663      3.15138854e-06  -4.3996271     
210848.252      281170.663      5.60404936e-06  -7.82376628    
210848.252      281170.663      9.96556558e-06  -13.9128425    
210848.252      281170.663      1.77215601e-05  -24.7409213    
210848.252      281170.663      3.15138854e-05  -43.996271     
210848.252      281170.663      5.60404936e-05  -78.2376628    
210848.252      281170.663      9.96556558e-05  -139.128425    
281170.663      374947.105      0               1.65828926e-06 
281170.663      374947.105      1.77215601e-10  -0.000182240163
281170.663      374947.105      3.15138854e-10  -0.000325364542
281170.663      374947.105      5.60404936e-10  -0.000579879678
281170.663      374947.105      9.96556558e-10  -0.0010324787  
281170.663      374947.105      1.77215601e-09  -0.00183732623 
281170.663      374947.105      3.15138854e-09  -0.00326857002 
281170.663      374947.105      5.60404936e-09  -0.00581372139 
281170.663      374947.105      9.96556558e-09  -0.0103397116  
281170.663      374947.105      1.77215601e-08  -0.0183881869  
281170.663      374947.105      3.15138854e-08  -0.0327006248  
281170.663      374947.105      5.60404936e-08  -0.0581521385  
281170.663      374947.105      9.96556558e-08  -0.103412041   
281170.663      374947.105      1.77215601e-07  -0.183896794   
281170.663      374947.105      3.15138854e-07  -0.327021173   
281170.663      374947.105      5.60404936e-07  -0.581536309   
281170.663      374947.105      9.96556558e-07  -1.03413534    
281170.663      374947.105      1.77215601e-06  -1.83898286    
281170.663      374947.105      3.15138854e-06  -3.27022665    
281170.663      374947.105      5.60404936e-06  -5.81537802    
281170.663      374947.105      9.96556558e-06  -10.3413683    
281170.663      374947.105      1.77215601e-05  -18.3898436    
281170.663      374947.105      3.15138854e-05  -32.7022815    
281170.663      374947.105      5.60404936e-05  -58.1537952    
281170.663      374947.105      9.96556558e-05  -103.413698    
374947.105      500000          0               2.1717117e-10  
374947.105      500000          1.77215601e-10  -0.000133714669
374947.105      500000          3.15138854e-10  -0.000237782211
374947.105      500000          5.60404936e-10  -0.000422843379
374947.105      500000          9.96556558e-10  -0.000751933844
374947.105      500000          1.77215601e-09  -0.00133714864 
374947.105      500000          3.15138854e-09  -0.00237782407 
374947.105      500000          5.60404936e-09  -0.00422843575 
374947.105      500000          9.96556558e-09  -0.0075193404  
374947.105      500000          1.77215601e-08  -0.0133714884  
374947.105      500000          3.15138854e-08  -0.0237782426  
374947.105      500000          5.60404936e-08  -0.0422843594  
374947.105      500000          9.96556558e-08  -0.0751934059  
374947.105      500000          1.77215601e-07  -0.133714886   
374947.105      500000          3.15138854e-07  -0.237782428   
374947.105      500000          5.60404936e-07  -0.422843596   
374947.105      500000          9.96556558e-07  -0.751934061   
374947.105      500000          1.77215601e-06  -1.33714886    
374947.105      500000          3.15138854e-06  -2.37782428    
374947.105      500000          5.60404936e-06  -4.22843596    
374947.105      500000          9.96556558e-06  -7.51934061    
374947.105      500000          1.77215601e-05  -13.3714886    
374947.105      500000          3.15138854e-05  -23.7782428    
374947.105      500000          5.60404936e-05  -42.2843597    
374947.105      500000          9.96556558e-05  -75.1934061    
