### /nfs/slac/g/ki/ki20/cta/mdwood/fermi/dsph_pipeline/des_dwarfs/v6/p302_6yr_source_psf0123_point_gs_jsigma0.6/results/like_leo_V.txt
#[0]emin(MeV) [1]emax(MeV) [2]eflux(MeV/cm^2/s) [3]deltaLogLike
500             666.760716      0               -0.388758937   
500             666.760716      1.77215601e-10  -0.386157426   
500             666.760716      3.15138854e-10  -0.384139384   
500             666.760716      5.60404936e-10  -0.380565129   
500             666.760716      9.96556558e-10  -0.374254525   
500             666.760716      1.77215601e-09  -0.363175722   
500             666.760716      3.15138854e-09  -0.343925062   
500             666.760716      5.60404936e-09  -0.311103866   
500             666.760716      9.96556558e-09  -0.257132713   
500             666.760716      1.77215601e-08  -0.174674205   
500             666.760716      3.15138854e-08  -0.068827562   
500             666.760716      5.60404936e-08  1.65209458e-05 
500             666.760716      9.96556558e-08  -0.211654049   
500             666.760716      1.77215601e-07  -1.46866501    
500             666.760716      3.15138854e-07  -5.86529419    
500             666.760716      5.60404936e-07  -18.6045046    
500             666.760716      9.96556558e-07  -51.6942412    
500             666.760716      1.77215601e-06  -131.325476    
500             666.760716      3.15138854e-06  -312.104757    
500             666.760716      5.60404936e-06  -703.60913     
500             666.760716      9.96556558e-06  -1518.63784    
500             666.760716      1.77215601e-05  -3159.59904    
500             666.760716      3.15138854e-05  -6372.20641    
500             666.760716      5.60404936e-05  -12518.2524    
500             666.760716      9.96556558e-05  -24059.091     
666.760716      889.139705      0               -0.0672700559  
666.760716      889.139705      1.77215601e-10  -0.0658700796  
666.760716      889.139705      3.15138854e-10  -0.0647913416  
666.760716      889.139705      5.60404936e-10  -0.062896421   
666.760716      889.139705      9.96556558e-10  -0.0596004129  
666.760716      889.139705      1.77215601e-09  -0.0539709138  
666.760716      889.139705      3.15138854e-09  -0.0446856496  
666.760716      889.139705      5.60404936e-09  -0.0304288155  
666.760716      889.139705      9.96556558e-09  -0.0119957885  
666.760716      889.139705      1.77215601e-08  -6.77378193e-06
666.760716      889.139705      3.15138854e-08  -0.0390961392  
666.760716      889.139705      5.60404936e-08  -0.275679893   
666.760716      889.139705      9.96556558e-08  -1.1289379     
666.760716      889.139705      1.77215601e-07  -3.68222348    
666.760716      889.139705      3.15138854e-07  -10.5129804    
666.760716      889.139705      5.60404936e-07  -27.3692836    
666.760716      889.139705      9.96556558e-07  -66.4599976    
666.760716      889.139705      1.77215601e-06  -152.763231    
666.760716      889.139705      3.15138854e-06  -335.849411    
666.760716      889.139705      5.60404936e-06  -711.611904    
666.760716      889.139705      9.96556558e-06  -1461.66071    
666.760716      889.139705      1.77215601e-05  -2924.01874    
666.760716      889.139705      3.15138854e-05  -5719.02647    
666.760716      889.139705      5.60404936e-05  -10972.6743    
666.760716      889.139705      9.96556558e-05  -20712.4917    
889.139705      1185.68685      0               -0.415606277   
889.139705      1185.68685      1.77215601e-10  -0.412424599   
889.139705      1185.68685      3.15138854e-10  -0.409958049   
889.139705      1185.68685      5.60404936e-10  -0.405592738   
889.139705      1185.68685      9.96556558e-10  -0.397895919   
889.139705      1185.68685      1.77215601e-09  -0.384416308   
889.139705      1185.68685      3.15138854e-09  -0.361096409   
889.139705      1185.68685      5.60404936e-09  -0.321654399   
889.139705      1185.68685      9.96556558e-09  -0.257764031   
889.139705      1185.68685      1.77215601e-08  -0.163061657   
889.139705      1185.68685      3.15138854e-08  -0.0502551124  
889.139705      1185.68685      5.60404936e-08  -0.00611335979 
889.139705      1185.68685      9.96556558e-08  -0.342090904   
889.139705      1185.68685      1.77215601e-07  -1.95796934    
889.139705      1185.68685      3.15138854e-07  -7.13100238    
889.139705      1185.68685      5.60404936e-07  -21.0895277    
889.139705      1185.68685      9.96556558e-07  -54.9739436    
889.139705      1185.68685      1.77215601e-06  -131.245514    
889.139705      1185.68685      3.15138854e-06  -293.476839    
889.139705      1185.68685      5.60404936e-06  -624.013039    
889.139705      1185.68685      9.96556558e-06  -1275.67902    
889.139705      1185.68685      1.77215601e-05  -2528.4623     
889.139705      1185.68685      3.15138854e-05  -4890.56891    
889.139705      1185.68685      5.60404936e-05  -9278.23135    
889.139705      1185.68685      9.96556558e-05  -17335.2051    
1185.68685      1581.13883      0               -0.158396048   
1185.68685      1581.13883      1.77215601e-10  -0.155587873   
1185.68685      1581.13883      3.15138854e-10  -0.153422211   
1185.68685      1581.13883      5.60404936e-10  -0.149613867   
1185.68685      1581.13883      9.96556558e-10  -0.142976106   
1185.68685      1581.13883      1.77215601e-09  -0.131593154   
1185.68685      1581.13883      3.15138854e-09  -0.112656709   
1185.68685      1581.13883      5.60404936e-09  -0.0829764174  
1185.68685      1581.13883      9.96556558e-09  -0.0421311312  
1185.68685      1581.13883      1.77215601e-08  -0.00384678139 
1185.68685      1581.13883      3.15138854e-08  -0.0292410706  
1185.68685      1581.13883      5.60404936e-08  -0.310028575   
1185.68685      1581.13883      9.96556558e-08  -1.35063213    
1185.68685      1581.13883      1.77215601e-07  -4.32777378    
1185.68685      1581.13883      3.15138854e-07  -11.7627307    
1185.68685      1581.13883      5.60404936e-07  -28.762091     
1185.68685      1581.13883      9.96556558e-07  -65.3126673    
1185.68685      1581.13883      1.77215601e-06  -140.523117    
1185.68685      1581.13883      3.15138854e-06  -290.411094    
1185.68685      1581.13883      5.60404936e-06  -582.039142    
1185.68685      1581.13883      9.96556558e-06  -1138.87433    
1185.68685      1581.13883      1.77215601e-05  -2185.93691    
1185.68685      1581.13883      3.15138854e-05  -4129.98076    
1185.68685      1581.13883      5.60404936e-05  -7701.92259    
1185.68685      1581.13883      9.96556558e-05  -14209.9761    
1581.13883      2108.48252      0               -0.0266989762  
1581.13883      2108.48252      1.77215601e-10  -0.0254172327  
1581.13883      2108.48252      3.15138854e-10  -0.02444353    
1581.13883      2108.48252      5.60404936e-10  -0.0227631982  
1581.13883      2108.48252      9.96556558e-10  -0.0199351807  
1581.13883      2108.48252      1.77215601e-09  -0.0154026884  
1581.13883      2108.48252      3.15138854e-09  -0.00886071696 
1581.13883      2108.48252      5.60404936e-09  -0.00175838033 
1581.13883      2108.48252      9.96556558e-09  -0.00213932846 
1581.13883      2108.48252      1.77215601e-08  -0.0380590339  
1581.13883      2108.48252      3.15138854e-08  -0.190084465   
1581.13883      2108.48252      5.60404936e-08  -0.661051276   
1581.13883      2108.48252      9.96556558e-08  -1.91477169    
1581.13883      2108.48252      1.77215601e-07  -4.94719337    
1581.13883      2108.48252      3.15138854e-07  -11.8155251    
1581.13883      2108.48252      5.60404936e-07  -26.6444508    
1581.13883      2108.48252      9.96556558e-07  -57.4833754    
1581.13883      2108.48252      1.77215601e-06  -119.690044    
1581.13883      2108.48252      3.15138854e-06  -242.061473    
1581.13883      2108.48252      5.60404936e-06  -477.85063     
1581.13883      2108.48252      9.96556558e-06  -924.39612     
1581.13883      2108.48252      1.77215601e-05  -1757.97388    
1581.13883      2108.48252      3.15138854e-05  -3295.69976    
1581.13883      2108.48252      5.60404936e-05  -6105.59209    
1581.13883      2108.48252      9.96556558e-05  -11202.3084    
2108.48252      2811.70663      0               -0.101178663   
2108.48252      2811.70663      1.77215601e-10  -0.0981247982  
2108.48252      2811.70663      3.15138854e-10  -0.0957897805  
2108.48252      2811.70663      5.60404936e-10  -0.0917264409  
2108.48252      2811.70663      9.96556558e-10  -0.0847762953  
2108.48252      2811.70663      1.77215601e-09  -0.0732577036  
2108.48252      2811.70663      3.15138854e-09  -0.055273403   
2108.48252      2811.70663      5.60404936e-09  -0.0304152546  
2108.48252      2811.70663      9.96556558e-09  -0.00525742445 
2108.48252      2811.70663      1.77215601e-08  -0.00715246506 
2108.48252      2811.70663      3.15138854e-08  -0.113301466   
2108.48252      2811.70663      5.60404936e-08  -0.506907077   
2108.48252      2811.70663      9.96556558e-08  -1.58795806    
2108.48252      2811.70663      1.77215601e-07  -4.19945548    
2108.48252      2811.70663      3.15138854e-07  -10.0734535    
2108.48252      2811.70663      5.60404936e-07  -22.6571934    
2108.48252      2811.70663      9.96556558e-07  -48.5889802    
2108.48252      2811.70663      1.77215601e-06  -100.313332    
2108.48252      2811.70663      3.15138854e-06  -200.721836    
2108.48252      2811.70663      5.60404936e-06  -391.41395     
2108.48252      2811.70663      9.96556558e-06  -747.436518    
2108.48252      2811.70663      1.77215601e-05  -1403.61965    
2108.48252      2811.70663      3.15138854e-05  -2601.61385    
2108.48252      2811.70663      5.60404936e-05  -4773.68762    
2108.48252      2811.70663      9.96556558e-05  -8691.63175    
2811.70663      3749.47105      0               0.000718809632 
2811.70663      3749.47105      1.77215601e-10  -0.00460385297 
2811.70663      3749.47105      3.15138854e-10  -0.00875838499 
2811.70663      3749.47105      5.60404936e-10  -0.0161720686  
2811.70663      3749.47105      9.96556558e-10  -0.0294361847  
2811.70663      3749.47105      1.77215601e-09  -0.0532728428  
2811.70663      3749.47105      3.15138854e-09  -0.0964213863  
2811.70663      3749.47105      5.60404936e-09  -0.175409479   
2811.70663      3749.47105      9.96556558e-09  -0.322294941   
2811.70663      3749.47105      1.77215601e-08  -0.600588418   
2811.70663      3749.47105      3.15138854e-08  -1.13683141    
2811.70663      3749.47105      5.60404936e-08  -2.17919831    
2811.70663      3749.47105      9.96556558e-08  -4.20016163    
2811.70663      3749.47105      1.77215601e-07  -8.07497436    
2811.70663      3749.47105      3.15138854e-07  -15.4009829    
2811.70663      3749.47105      5.60404936e-07  -29.0805151    
2811.70663      3749.47105      9.96556558e-07  -54.388541     
2811.70663      3749.47105      1.77215601e-06  -100.919379    
2811.70663      3749.47105      3.15138854e-06  -186.104326    
2811.70663      3749.47105      5.60404936e-06  -341.508215    
2811.70663      3749.47105      9.96556558e-06  -624.024156    
2811.70663      3749.47105      1.77215601e-05  -1135.7239     
2811.70663      3749.47105      3.15138854e-05  -2059.0902     
2811.70663      3749.47105      5.60404936e-05  -3719.66194    
2811.70663      3749.47105      9.96556558e-05  -6697.5007     
3749.47105      5000            0               -1.37913747    
3749.47105      5000            1.77215601e-10  -1.36873614    
3749.47105      5000            3.15138854e-10  -1.36069513    
3749.47105      5000            5.60404936e-10  -1.34651168    
3749.47105      5000            9.96556558e-10  -1.32164935    
3749.47105      5000            1.77215601e-09  -1.27854217    
3749.47105      5000            3.15138854e-09  -1.20520715    
3749.47105      5000            5.60404936e-09  -1.08443514    
3749.47105      5000            9.96556558e-09  -0.896124759   
3749.47105      5000            1.77215601e-08  -0.628230278   
3749.47105      5000            3.15138854e-08  -0.304329912   
3749.47105      5000            5.60404936e-08  -0.0359578228  
3749.47105      5000            9.96556558e-08  -0.11002613    
3749.47105      5000            1.77215601e-07  -1.13551867    
3749.47105      5000            3.15138854e-07  -4.29827628    
3749.47105      5000            5.60404936e-07  -11.808371     
3749.47105      5000            9.96556558e-07  -27.6963745    
3749.47105      5000            1.77215601e-06  -59.2518061    
3749.47105      5000            3.15138854e-06  -119.623779    
3749.47105      5000            5.60404936e-06  -232.481694    
3749.47105      5000            9.96556558e-06  -440.30398     
3749.47105      5000            1.77215601e-05  -819.089794    
3749.47105      5000            3.15138854e-05  -1504.50778    
3749.47105      5000            5.60404936e-05  -2738.42612    
3749.47105      5000            9.96556558e-05  -4951.72483    
5000            6667.60716      0               9.05083652e-09 
5000            6667.60716      1.77215601e-10  -0.00557279258 
5000            6667.60716      3.15138854e-10  -0.00991011374 
5000            6667.60716      5.60404936e-10  -0.0176233515  
5000            6667.60716      9.96556558e-10  -0.031340493   
5000            6667.60716      1.77215601e-09  -0.0557360869  
5000            6667.60716      3.15138854e-09  -0.0991267369  
5000            6667.60716      5.60404936e-09  -0.176314113   
5000            6667.60716      9.96556558e-09  -0.31365863    
5000            6667.60716      1.77215601e-08  -0.558157423   
5000            6667.60716      3.15138854e-08  -0.993755644   
5000            6667.60716      5.60404936e-08  -1.77084462    
5000            6667.60716      9.96556558e-08  -3.16007785    
5000            6667.60716      1.77215601e-07  -5.65148265    
5000            6667.60716      3.15138854e-07  -10.1380053    
5000            6667.60716      5.60404936e-07  -18.253999     
5000            6667.60716      9.96556558e-07  -32.9904829    
5000            6667.60716      1.77215601e-06  -59.7961872    
5000            6667.60716      3.15138854e-06  -108.533946    
5000            6667.60716      5.60404936e-06  -196.955258    
5000            6667.60716      9.96556558e-06  -356.875061    
5000            6667.60716      1.77215601e-05  -645.155198    
5000            6667.60716      3.15138854e-05  -1163.24979    
5000            6667.60716      5.60404936e-05  -2091.95996    
5000            6667.60716      9.96556558e-05  -3753.19061    
6667.60716      8891.39705      0               0.000254169883 
6667.60716      8891.39705      1.77215601e-10  -0.0028789523  
6667.60716      8891.39705      3.15138854e-10  -0.00531857328 
6667.60716      8891.39705      5.60404936e-10  -0.00965943869 
6667.60716      8891.39705      9.96556558e-10  -0.0173867062  
6667.60716      8891.39705      1.77215601e-09  -0.0311530718  
6667.60716      8891.39705      3.15138854e-09  -0.0557120774  
6667.60716      8891.39705      5.60404936e-09  -0.0996284048  
6667.60716      8891.39705      9.96556558e-09  -0.178467866   
6667.60716      8891.39705      1.77215601e-08  -0.320882698   
6667.60716      8891.39705      3.15138854e-08  -0.580472964   
6667.60716      8891.39705      5.60404936e-08  -1.0591027     
6667.60716      8891.39705      9.96556558e-08  -1.95194336    
6667.60716      8891.39705      1.77215601e-07  -3.63095205    
6667.60716      8891.39705      3.15138854e-07  -6.79354078    
6667.60716      8891.39705      5.60404936e-07  -12.7248173    
6667.60716      8891.39705      9.96556558e-07  -23.7655782    
6667.60716      8891.39705      1.77215601e-06  -44.1503885    
6667.60716      8891.39705      3.15138854e-06  -81.496589     
6667.60716      8891.39705      5.60404936e-06  -149.434085    
6667.60716      8891.39705      9.96556558e-06  -272.26028     
6667.60716      8891.39705      1.77215601e-05  -493.225318    
6667.60716      8891.39705      3.15138854e-05  -889.311484    
6667.60716      8891.39705      5.60404936e-05  -1597.56765    
6667.60716      8891.39705      9.96556558e-05  -2861.96616    
8891.39705      11856.8685      0               5.42763701e-09 
8891.39705      11856.8685      1.77215601e-10  -0.00334179524 
8891.39705      11856.8685      3.15138854e-10  -0.00594272387 
8891.39705      11856.8685      5.60404936e-10  -0.0105680616  
8891.39705      11856.8685      9.96556558e-10  -0.0187937096  
8891.39705      11856.8685      1.77215601e-09  -0.0334228056  
8891.39705      11856.8685      3.15138854e-09  -0.0594424588  
8891.39705      11856.8685      5.60404936e-09  -0.105728519   
8891.39705      11856.8685      9.96556558e-09  -0.188087801   
8891.39705      11856.8685      1.77215601e-08  -0.33470078    
8891.39705      11856.8685      3.15138854e-08  -0.595898837   
8891.39705      11856.8685      5.60404936e-08  -1.06183637    
8891.39705      11856.8685      9.96556558e-08  -1.89469047    
8891.39705      11856.8685      1.77215601e-07  -3.38779505    
8891.39705      11856.8685      3.15138854e-07  -6.07454967    
8891.39705      11856.8685      5.60404936e-07  -10.9274756    
8891.39705      11856.8685      9.96556558e-07  -19.7158384    
8891.39705      11856.8685      1.77215601e-06  -35.638048     
8891.39705      11856.8685      3.15138854e-06  -64.4353941    
8891.39705      11856.8685      5.60404936e-06  -116.363958    
8891.39705      11856.8685      9.96556558e-06  -209.705866    
8891.39705      11856.8685      1.77215601e-05  -377.032309    
8891.39705      11856.8685      3.15138854e-05  -676.362872    
8891.39705      11856.8685      5.60404936e-05  -1211.02423    
8891.39705      11856.8685      9.96556558e-05  -2164.9726     
11856.8685      15811.3883      0               3.83101906e-09 
11856.8685      15811.3883      1.77215601e-10  -0.00235896121 
11856.8685      15811.3883      3.15138854e-10  -0.00419499955 
11856.8685      15811.3883      5.60404936e-10  -0.00746021435 
11856.8685      15811.3883      9.96556558e-10  -0.0132673913  
11856.8685      15811.3883      1.77215601e-09  -0.0235964239  
11856.8685      15811.3883      3.15138854e-09  -0.0419714188  
11856.8685      15811.3883      5.60404936e-09  -0.074669575   
11856.8685      15811.3883      9.96556558e-09  -0.132885739   
11856.8685      15811.3883      1.77215601e-08  -0.236626644   
11856.8685      15811.3883      3.15138854e-08  -0.421768689   
11856.8685      15811.3883      5.60404936e-08  -0.752979342   
11856.8685      15811.3883      9.96556558e-08  -1.34763851    
11856.8685      15811.3883      1.77215601e-07  -2.42042636    
11856.8685      15811.3883      3.15138854e-07  -4.36599439    
11856.8685      15811.3883      5.60404936e-07  -7.90927771    
11856.8685      15811.3883      9.96556558e-07  -14.3729023    
11856.8685      15811.3883      1.77215601e-06  -26.1493822    
11856.8685      15811.3883      3.15138854e-06  -47.5385861    
11856.8685      15811.3883      5.60404936e-06  -86.2360203    
11856.8685      15811.3883      9.96556558e-06  -155.975155    
11856.8685      15811.3883      1.77215601e-05  -281.222004    
11856.8685      15811.3883      3.15138854e-05  -505.527021    
11856.8685      15811.3883      5.60404936e-05  -906.391569    
11856.8685      15811.3883      9.96556558e-05  -1621.72394    
15811.3883      21084.8252      0               1.50462632e-05 
15811.3883      21084.8252      1.77215601e-10  -0.00165358619 
15811.3883      21084.8252      3.15138854e-10  -0.00295232488 
15811.3883      21084.8252      5.60404936e-10  -0.00526201025 
15811.3883      21084.8252      9.96556558e-10  -0.00936979785 
15811.3883      21084.8252      1.77215601e-09  -0.0166762391  
15811.3883      21084.8252      3.15138854e-09  -0.0296743279  
15811.3883      21084.8252      5.60404936e-09  -0.0528049107  
15811.3883      21084.8252      9.96556558e-09  -0.0939888156  
15811.3883      21084.8252      1.77215601e-08  -0.167385025   
15811.3883      21084.8252      3.15138854e-08  -0.298396049   
15811.3883      21084.8252      5.60404936e-08  -0.532857296   
15811.3883      21084.8252      9.96556558e-08  -0.95414733    
15811.3883      21084.8252      1.77215601e-07  -1.71542442    
15811.3883      21084.8252      3.15138854e-07  -3.10039699    
15811.3883      21084.8252      5.60404936e-07  -5.63588402    
15811.3883      21084.8252      9.96556558e-07  -10.2942233    
15811.3883      21084.8252      1.77215601e-06  -18.8495102    
15811.3883      21084.8252      3.15138854e-06  -34.503962     
15811.3883      21084.8252      5.60404936e-06  -62.9991993    
15811.3883      21084.8252      9.96556558e-06  -114.595758    
15811.3883      21084.8252      1.77215601e-05  -207.591374    
15811.3883      21084.8252      3.15138854e-05  -374.563087    
15811.3883      21084.8252      5.60404936e-05  -673.455679    
15811.3883      21084.8252      9.96556558e-05  -1207.31099    
21084.8252      28117.0663      0               2.62258482e-09 
21084.8252      28117.0663      1.77215601e-10  -0.00161470825 
21084.8252      28117.0663      3.15138854e-10  -0.00287140553 
21084.8252      28117.0663      5.60404936e-10  -0.00510616668 
21084.8252      28117.0663      9.96556558e-10  -0.00908020357 
21084.8252      28117.0663      1.77215601e-09  -0.0161471742  
21084.8252      28117.0663      3.15138854e-09  -0.028714294   
21084.8252      28117.0663      5.60404936e-09  -0.0510623703  
21084.8252      28117.0663      9.96556558e-09  -0.090804208   
21084.8252      28117.0663      1.77215601e-08  -0.161478552   
21084.8252      28117.0663      3.15138854e-08  -0.287164377   
21084.8252      28117.0663      5.60404936e-08  -0.510691176   
21084.8252      28117.0663      9.96556558e-08  -0.908253927   
21084.8252      28117.0663      1.77215601e-07  -1.61544727    
21084.8252      28117.0663      3.15138854e-07  -2.87369228    
21084.8252      28117.0663      5.60404936e-07  -5.1131561     
21084.8252      28117.0663      9.96556558e-07  -9.10109769    
21084.8252      28117.0663      1.77215601e-06  -16.207496     
21084.8252      28117.0663      3.15138854e-06  -28.8800066    
21084.8252      28117.0663      5.60404936e-06  -51.4896676    
21084.8252      28117.0663      9.96556558e-06  -91.8303353    
21084.8252      28117.0663      1.77215601e-05  -163.775336    
21084.8252      28117.0663      3.15138854e-05  -291.995347    
21084.8252      28117.0663      5.60404936e-05  -520.352067    
21084.8252      28117.0663      9.96556558e-05  -926.835441    
28117.0663      37494.7105      0               6.8683903e-10  
28117.0663      37494.7105      1.77215601e-10  -0.000423220067
28117.0663      37494.7105      3.15138854e-10  -0.000753080064
28117.0663      37494.7105      5.60404936e-10  -0.00134069075 
28117.0663      37494.7105      9.96556558e-10  -0.00238886752 
28117.0663      37494.7105      1.77215601e-09  -0.00426302069 
28117.0663      37494.7105      3.15138854e-09  -0.00762779259 
28117.0663      37494.7105      5.60404936e-09  -0.0137110786  
28117.0663      37494.7105      9.96556558e-09  -0.0248366336  
28117.0663      37494.7105      1.77215601e-08  -0.0455528644  
28117.0663      37494.7105      3.15138854e-08  -0.0851268905  
28117.0663      37494.7105      5.60404936e-08  -0.163128562   
28117.0663      37494.7105      9.96556558e-08  -0.321515708   
28117.0663      37494.7105      1.77215601e-07  -0.648628815   
28117.0663      37494.7105      3.15138854e-07  -1.3216052     
28117.0663      37494.7105      5.60404936e-07  -2.67519534    
28117.0663      37494.7105      9.96556558e-07  -5.31426209    
28117.0663      37494.7105      1.77215601e-06  -10.3104146    
28117.0663      37494.7105      3.15138854e-06  -19.5583908    
28117.0663      37494.7105      5.60404936e-06  -36.4206807    
28117.0663      37494.7105      9.96556558e-06  -66.8825528    
28117.0663      37494.7105      1.77215601e-05  -121.60892     
28117.0663      37494.7105      3.15138854e-05  -219.596483    
28117.0663      37494.7105      5.60404936e-05  -394.656453    
28117.0663      37494.7105      9.96556558e-05  -706.933495    
37494.7105      50000           0               1.57331215e-09 
37494.7105      50000           1.77215601e-10  -0.000968716086
37494.7105      50000           3.15138854e-10  -0.0017226491  
37494.7105      50000           5.60404936e-10  -0.00306335264 
37494.7105      50000           9.96556558e-10  -0.00544749816 
37494.7105      50000           1.77215601e-09  -0.00968717505 
37494.7105      50000           3.15138854e-09  -0.0172265052  
37494.7105      50000           5.60404936e-09  -0.0306335408  
37494.7105      50000           9.96556558e-09  -0.0544749965  
37494.7105      50000           1.77215601e-08  -0.0968717672  
37494.7105      50000           3.15138854e-08  -0.172265074   
37494.7105      50000           5.60404936e-08  -0.306335448   
37494.7105      50000           9.96556558e-08  -0.54475006    
37494.7105      50000           1.77215601e-07  -0.96871794    
37494.7105      50000           3.15138854e-07  -1.72265156    
37494.7105      50000           5.60404936e-07  -3.06335703    
37494.7105      50000           9.96556558e-07  -5.44750864    
37494.7105      50000           1.77215601e-06  -9.68720475    
37494.7105      50000           3.15138854e-06  -17.2265955    
37494.7105      50000           5.60404936e-06  -30.6338219    
37494.7105      50000           9.96556558e-06  -54.4758757    
37494.7105      50000           1.77215601e-05  -96.8745091    
37494.7105      50000           3.15138854e-05  -172.273555    
37494.7105      50000           5.60404936e-05  -306.36129     
37494.7105      50000           9.96556558e-05  -544.826928    
50000           66676.0716      0               1.16489218e-09 
50000           66676.0716      1.77215601e-10  -0.000717250237
50000           66676.0716      3.15138854e-10  -0.00127547226 
50000           66676.0716      5.60404936e-10  -0.00226814705 
50000           66676.0716      9.96556558e-10  -0.00403340037 
50000           66676.0716      1.77215601e-09  -0.00717251458 
50000           66676.0716      3.15138854e-09  -0.0127547386  
50000           66676.0716      5.60404936e-09  -0.0226814983  
50000           66676.0716      9.96556558e-09  -0.0403340689  
50000           66676.0716      1.77215601e-08  -0.0717253294  
50000           66676.0716      3.15138854e-08  -0.127547943   
50000           66676.0716      5.60404936e-08  -0.226816723   
50000           66676.0716      9.96556558e-08  -0.403346163   
50000           66676.0716      1.77215601e-07  -0.717270556   
50000           66676.0716      3.15138854e-07  -1.27553386    
50000           66676.0716      5.60404936e-07  -2.26833854    
50000           66676.0716      9.96556558e-07  -4.03399904    
50000           66676.0716      1.77215601e-06  -7.17438134    
50000           66676.0716      3.15138854e-06  -12.7605103    
50000           66676.0716      5.60404936e-06  -22.6990715    
50000           66676.0716      9.96556558e-06  -40.3862547    
50000           66676.0716      1.77215601e-05  -71.8745873    
50000           66676.0716      3.15138854e-05  -127.953401    
50000           66676.0716      5.60404936e-05  -227.850812    
50000           66676.0716      9.96556558e-05  -405.809755    
66676.0716      88913.9705      0               8.81797746e-10 
66676.0716      88913.9705      1.77215601e-10  -0.000542926159
66676.0716      88913.9705      3.15138854e-10  -0.000965475096
66676.0716      88913.9705      5.60404936e-10  -0.00171688517 
66676.0716      88913.9705      9.96556558e-10  -0.00305310224 
66676.0716      88913.9705      1.77215601e-09  -0.00542926953 
66676.0716      88913.9705      3.15138854e-09  -0.00965475892 
66676.0716      88913.9705      5.60404936e-09  -0.0171688597  
66676.0716      88913.9705      9.96556558e-09  -0.0305310305  
66676.0716      88913.9705      1.77215601e-08  -0.054292704   
66676.0716      88913.9705      3.15138854e-08  -0.0965475994  
66676.0716      88913.9705      5.60404936e-08  -0.171688612   
66676.0716      88913.9705      9.96556558e-08  -0.305310337   
66676.0716      88913.9705      1.77215601e-07  -0.542927122   
66676.0716      88913.9705      3.15138854e-07  -0.965476237   
66676.0716      88913.9705      5.60404936e-07  -1.71688687    
66676.0716      88913.9705      9.96556558e-07  -3.05310571    
66676.0716      88913.9705      1.77215601e-06  -5.42927861    
66676.0716      88913.9705      3.15138854e-06  -9.65478568    
66676.0716      88913.9705      5.60404936e-06  -17.1689422    
66676.0716      88913.9705      9.96556558e-06  -30.5312877    
66676.0716      88913.9705      1.77215601e-05  -54.2935063    
66676.0716      88913.9705      3.15138854e-05  -96.5500861    
66676.0716      88913.9705      5.60404936e-05  -171.696216    
66676.0716      88913.9705      9.96556558e-05  -305.333071    
88913.9705      118568.685      0               6.27693453e-10 
88913.9705      118568.685      1.77215601e-10  -0.000386485804
88913.9705      118568.685      3.15138854e-10  -0.000687280503
88913.9705      118568.685      5.60404936e-10  -0.0012221781  
88913.9705      118568.685      9.96556558e-10  -0.00217337731 
88913.9705      118568.685      1.77215601e-09  -0.00386488104 
88913.9705      118568.685      3.15138854e-09  -0.00687286555 
88913.9705      118568.685      5.60404936e-09  -0.0122219601  
88913.9705      118568.685      9.96556558e-09  -0.0217343271  
88913.9705      118568.685      1.77215601e-08  -0.0386505492  
88913.9705      118568.685      3.15138854e-08  -0.0687341356  
88913.9705      118568.685      5.60404936e-08  -0.122236884   
88913.9705      118568.685      9.96556558e-08  -0.217397721   
88913.9705      118568.685      1.77215601e-07  -0.386676595   
88913.9705      118568.685      3.15138854e-07  -0.687876515   
88913.9705      118568.685      5.60404936e-07  -1.22402896    
88913.9705      118568.685      9.96556558e-07  -2.17905539    
88913.9705      118568.685      1.77215601e-06  -3.88194405    
88913.9705      118568.685      3.15138854e-06  -6.92250463    
88913.9705      118568.685      5.60404936e-06  -12.3597489    
88913.9705      118568.685      9.96556558e-06  -22.0941178    
88913.9705      118568.685      1.77215601e-05  -39.5261749    
88913.9705      118568.685      3.15138854e-05  -70.7186152    
88913.9705      118568.685      5.60404936e-05  -126.454549    
88913.9705      118568.685      9.96556558e-05  -225.898968    
118568.685      158113.883      0               4.89912111e-10 
118568.685      158113.883      1.77215601e-10  -0.000301650157
118568.685      158113.883      3.15138854e-10  -0.000536418645
118568.685      158113.883      5.60404936e-10  -0.000953902613
118568.685      158113.883      9.96556558e-10  -0.00169630576 
118568.685      158113.883      1.77215601e-09  -0.00301650599 
118568.685      158113.883      3.15138854e-09  -0.00536419088 
118568.685      158113.883      5.60404936e-09  -0.0095390306  
118568.685      158113.883      9.96556558e-09  -0.0169630622  
118568.685      158113.883      1.77215601e-08  -0.0301650649  
118568.685      158113.883      3.15138854e-08  -0.0536419151  
118568.685      158113.883      5.60404936e-08  -0.0953903165  
118568.685      158113.883      9.96556558e-08  -0.169630646   
118568.685      158113.883      1.77215601e-07  -0.301650714   
118568.685      158113.883      3.15138854e-07  -0.536419348   
118568.685      158113.883      5.60404936e-07  -0.953903779   
118568.685      158113.883      9.96556558e-07  -1.69630839    
118568.685      158113.883      1.77215601e-06  -3.01651323    
118568.685      158113.883      3.15138854e-06  -5.36421269    
118568.685      158113.883      5.60404936e-06  -9.53909833    
118568.685      158113.883      9.96556558e-06  -16.9632742    
118568.685      158113.883      1.77215601e-05  -30.1657285    
118568.685      158113.883      3.15138854e-05  -53.64398      
118568.685      158113.883      5.60404936e-05  -95.3966722    
118568.685      158113.883      9.96556558e-05  -169.64985     
158113.883      210848.252      0               2.24058247e-05 
158113.883      210848.252      1.77215601e-10  -0.000203515462
158113.883      210848.252      3.15138854e-10  -0.000379345347
158113.883      210848.252      5.60404936e-10  -0.000692020012
158113.883      210848.252      9.96556558e-10  -0.00124804293 
158113.883      210848.252      1.77215601e-09  -0.00223680704 
158113.883      210848.252      3.15138854e-09  -0.00399510589 
158113.883      210848.252      5.60404936e-09  -0.00712185254 
158113.883      210848.252      9.96556558e-09  -0.0126820817  
158113.883      210848.252      1.77215601e-08  -0.0225697228  
158113.883      210848.252      3.15138854e-08  -0.0401527113  
158113.883      210848.252      5.60404936e-08  -0.0714201778  
158113.883      210848.252      9.96556558e-08  -0.12702247    
158113.883      210848.252      1.77215601e-07  -0.22589888    
158113.883      210848.252      3.15138854e-07  -0.401728766   
158113.883      210848.252      5.60404936e-07  -0.714403431   
158113.883      210848.252      9.96556558e-07  -1.27042635    
158113.883      210848.252      1.77215601e-06  -2.25919046    
158113.883      210848.252      3.15138854e-06  -4.01748931    
158113.883      210848.252      5.60404936e-06  -7.14423597    
158113.883      210848.252      9.96556558e-06  -12.7044652    
158113.883      210848.252      1.77215601e-05  -22.5921064    
158113.883      210848.252      3.15138854e-05  -40.1750953    
158113.883      210848.252      5.60404936e-05  -71.442563     
158113.883      210848.252      9.96556558e-05  -127.044859    
210848.252      281170.663      0               0.000404771302 
210848.252      281170.663      1.77215601e-10  0.000235990207 
210848.252      281170.663      3.15138854e-10  0.000104631357 
210848.252      281170.663      5.60404936e-10  -0.000128961382
210848.252      281170.663      9.96556558e-10  -0.000544354541
210848.252      281170.663      1.77215601e-09  -0.00128303964 
210848.252      281170.663      3.15138854e-09  -0.00259662815 
210848.252      281170.663      5.60404936e-09  -0.00493255554 
210848.252      281170.663      9.96556558e-09  -0.00908648713 
210848.252      281170.663      1.77215601e-08  -0.0164733381  
210848.252      281170.663      3.15138854e-08  -0.0296092232  
210848.252      281170.663      5.60404936e-08  -0.0529684971  
210848.252      281170.663      9.96556558e-08  -0.094507813   
210848.252      281170.663      1.77215601e-07  -0.168376323   
210848.252      281170.663      3.15138854e-07  -0.299735174   
210848.252      281170.663      5.60404936e-07  -0.533327914   
210848.252      281170.663      9.96556558e-07  -0.948721074   
210848.252      281170.663      1.77215601e-06  -1.68740618    
210848.252      281170.663      3.15138854e-06  -3.0009947     
210848.252      281170.663      5.60404936e-06  -5.33692214    
210848.252      281170.663      9.96556558e-06  -9.49085386    
210848.252      281170.663      1.77215601e-05  -16.8777053    
210848.252      281170.663      3.15138854e-05  -30.0135918    
210848.252      281170.663      5.60404936e-05  -53.3728702    
210848.252      281170.663      9.96556558e-05  -94.9122001    
281170.663      374947.105      0               2.03662864e-10 
281170.663      374947.105      1.77215601e-10  -0.000125396816
281170.663      374947.105      3.15138854e-10  -0.000222990735
281170.663      374947.105      5.60404936e-10  -0.000396539992
281170.663      374947.105      9.96556558e-10  -0.000705159061
281170.663      374947.105      1.77215601e-09  -0.00125397    
281170.663      374947.105      3.15138854e-09  -0.00222990919 
281170.663      374947.105      5.60404936e-09  -0.00396540175 
281170.663      374947.105      9.96556558e-09  -0.00705159244 
281170.663      374947.105      1.77215601e-08  -0.0125397018  
281170.663      374947.105      3.15138854e-08  -0.0222990937  
281170.663      374947.105      5.60404936e-08  -0.0396540193  
281170.663      374947.105      9.96556558e-08  -0.0705159262  
281170.663      374947.105      1.77215601e-07  -0.12539702    
281170.663      374947.105      3.15138854e-07  -0.222990939   
281170.663      374947.105      5.60404936e-07  -0.396540195   
281170.663      374947.105      9.96556558e-07  -0.705159264   
281170.663      374947.105      1.77215601e-06  -1.2539702     
281170.663      374947.105      3.15138854e-06  -2.22990939    
281170.663      374947.105      5.60404936e-06  -3.96540195    
281170.663      374947.105      9.96556558e-06  -7.05159264    
281170.663      374947.105      1.77215601e-05  -12.539702     
281170.663      374947.105      3.15138854e-05  -22.2990939    
281170.663      374947.105      5.60404936e-05  -39.6540195    
281170.663      374947.105      9.96556558e-05  -70.5159264    
374947.105      500000          0               0.000297041794 
374947.105      500000          1.77215601e-10  0.000206028509 
374947.105      500000          3.15138854e-10  0.000135194744 
374947.105      500000          5.60404936e-10  9.23251719e-06 
374947.105      500000          9.96556558e-10  -0.000214763517
374947.105      500000          1.77215601e-09  -0.000613091052
374947.105      500000          3.15138854e-09  -0.00132142871 
374947.105      500000          5.60404936e-09  -0.00258105097 
374947.105      500000          9.96556558e-09  -0.00482101131 
374947.105      500000          1.77215601e-08  -0.00880428667 
374947.105      500000          3.15138854e-08  -0.0158876632  
374947.105      500000          5.60404936e-08  -0.0284838859  
374947.105      500000          9.96556558e-08  -0.0508834893  
374947.105      500000          1.77215601e-07  -0.0907162429  
374947.105      500000          3.15138854e-07  -0.161550008   
374947.105      500000          5.60404936e-07  -0.287512236   
374947.105      500000          9.96556558e-07  -0.511508271   
374947.105      500000          1.77215601e-06  -0.909835811   
374947.105      500000          3.15138854e-06  -1.61817348    
374947.105      500000          5.60404936e-06  -2.8777958     
374947.105      500000          9.96556558e-06  -5.11775629    
374947.105      500000          1.77215601e-05  -9.10103213    
374947.105      500000          3.15138854e-05  -16.1844102    
374947.105      500000          5.60404936e-05  -28.7806378    
374947.105      500000          9.96556558e-05  -51.1802566    
